1.53323915183E-02
1.54997757052E-02
1.59885375309E-02
1.53524776207E-02
1.38259338364E-02
1.28484101850E-02
1.09870980269E-02
9.88905776094E-03
9.96940217064E-03
1.07996277376E-02
1.20985290278E-02
1.18708865336E-02
1.01501770925E-02
1.00430512129E-02
8.87136190470E-03
9.29317005564E-03
1.11544822138E-02
3.28190000000E-01
7.39250000000E-01
9.28647468816E-03
9.14587197118E-03
1.33706488481E-02
1.95103008229E-02
2.13113546737E-02
2.29517197051E-02
2.48398133332E-02
2.60449794787E-02
2.18469840717E-02
1.81109690205E-02
1.23596483593E-02
1.24667742389E-02
1.72405712488E-02
2.14586527582E-02
2.26504281688E-02
2.11238843844E-02
2.87365172037E-02
2.44916542244E-02
-2.53754427312E-03
-3.24256646826E-02
-4.57494459583E-02
-4.03128075684E-02
-3.03567961328E-02
-3.39856853043E-02
-3.88866942962E-02
-2.76183908354E-02
-8.44955375376E-03
1.00564419478E-02
1.82247902676E-02
1.30425758418E-02
3.19703796943E-02
5.85576839385E-02
7.84630114424E-02
7.78001700623E-02
5.72052197085E-02
4.80459570024E-02
4.28570472090E-02
3.02965378255E-02
1.07594555327E-02
-1.33572581131E-02
-3.26666979117E-02
-1.86532937860E-02
-3.37580428102E-02
-5.17150183788E-02
-6.19053676761E-02
-5.18422303608E-02
-4.48656574516E-02
-4.47585315720E-02
-4.99340506304E-02
-3.88264359889E-02
1.17704560215E-02
7.43185789752E-03
-1.29220592272E-03
7.03683121648E-03
5.62410867920E-03
1.99521950762E-03
1.85528632739E-02
2.03003541849E-02
2.56901250025E-02
3.06848691390E-02
5.59264045207E-02
6.13630429106E-02
2.14519573907E-02
1.36920264869E-02
-8.57007036831E-04
-4.00382975020E-02
-6.29431496348E-02
-2.59713304365E-02
-5.84505580589E-03
-3.02764517231E-02
-4.60976050671E-02
-5.76002463895E-02
-8.78097444378E-02
-9.49135293291E-02
-4.49259157589E-02
4.10359072558E-02
8.57073990506E-02
6.54338263356E-02
5.46877615378E-02
2.96403918129E-02
-4.86083678703E-03
-8.13487148242E-03
2.45251310618E-02
4.95925868891E-02
6.04524729340E-02
4.94720702746E-02
2.34003093260E-02
5.24916810059E-03
-8.40268618143E-03
-6.80918872232E-03
-5.49020132970E-03
1.83453068822E-03
2.29785011750E-02
4.36002329988E-02
4.19933448047E-02
2.08694604203E-02
4.56624061812E-03
-6.72214894514E-03
-9.64132916435E-04
1.25939862209E-02
1.14022108103E-02
1.13821247079E-02
2.33668324886E-03
-2.88570338183E-03
-5.37638008262E-03
-2.10971029145E-02
-7.08235971531E-02
-1.29595532851E-01
-1.73630964735E-01
-2.02180011650E-01
-2.26350288236E-01
-2.54363705752E-01
-3.01472311308E-01
-3.33322174388E-01
-3.02195410995E-01
-1.83473154924E-01
-1.87470289307E-03
-2.37417730672E-02
-1.10292788420E-01
-1.95317259988E-01
-2.21891173497E-01
-3.11990733611E-01
-2.98004110956E-01
-3.18465153960E-01
-2.79149956145E-01
-3.29137569716E-01
-2.70204945198E-01
-3.33034273586E-01
-3.58938650348E-02
9.64447598706E-01
9.43712045636E-01
1.00000000000E+00
8.59557971839E-01
3.64234686021E-01
-1.33251203492E-01
-2.89829067268E-01
-1.68415273472E-01
-1.98236440207E-01
-2.19741960538E-01
-2.36600895840E-01
-2.26946175941E-01
7.21961474856E-02
2.80830493382E-01
1.37804053375E-01
2.16267064818E-01
1.09603165570E-02
-8.65510153525E-02
-1.16968069793E-01
-1.21936032459E-01
-3.80899455667E-02
2.18603748067E-02
5.01750838595E-02
-3.45882683771E-02
-6.55208661127E-02
-8.77160092932E-02
-1.43481724994E-02
1.44097698802E-01
8.43750209230E-02
-3.54854476188E-02
-1.76824655021E-02
3.72329385298E-02
7.51421091747E-02
6.95313912304E-02
5.08245345046E-02
3.53381495343E-02
1.49306694698E-03
-5.05500244381E-02
-1.18809295848E-01
-1.44800712387E-01
-1.02010618853E-01
-6.05261219762E-03
7.98355617748E-02
1.26475491607E-01
1.68174240243E-01
1.28664876772E-01
9.61990398843E-02
1.04507990921E-01
5.22975153491E-02
-9.28647468816E-03
-1.71669222065E-02
2.44380912846E-02
5.11994750832E-02
3.57599576853E-02
-1.51315304941E-03
1.00028790080E-02
5.52367816708E-02
8.84391089805E-02
7.02143187129E-02
-2.81138480285E-02
-1.15059890062E-01
-1.24386536955E-01
2.24294810421E-02
1.03162222059E-01
7.17073856599E-02
4.68006186520E-02
8.57475712554E-02
1.18735646806E-01
1.65288536861E-01
1.47110614166E-01
1.21855688049E-03
-8.90216059508E-02
-1.54750028455E-01
-3.07317367114E-02
1.52239265652E-01
2.62317802313E-01
1.83332552207E-01
4.66600159350E-02
-2.35877796153E-02
-1.10714596571E-01
-1.40428637426E-01
-1.27647180916E-01
-7.71908916221E-02
2.47728596584E-04
6.91832321217E-02
9.61923445168E-02
8.00029459617E-02
2.16929906198E-02
-1.40602716980E-04
-3.67776535415E-02
-9.19541769050E-02
-1.22290886935E-01
-3.45882683771E-02
3.47690432989E-02
8.33506296993E-02
4.35533654265E-02
-1.36116820772E-02
4.47183593672E-02
1.42430552301E-01
1.98999712099E-01
1.25203371787E-01
6.02516119097E-02
2.07891160106E-02
-4.91172157984E-02
-1.37770576538E-01
-2.13267540189E-01
-1.33063733203E-01
1.87892097458E-01
2.64252763513E-01
1.95973406000E-01
9.56834965887E-02
2.84084441975E-02
3.29746848156E-02
2.56633435326E-02
1.81310551230E-02
-2.83749673601E-02
-7.14663524308E-02
-7.81282430686E-02
2.13180500412E-02
6.73821782709E-02
6.53200050885E-02
3.55524012935E-03
-3.61282028964E-02
-4.48455713492E-02
-6.90961923445E-02
-1.00571114846E-01
-1.10172271805E-01
-8.34108880066E-02
-7.34147043660E-02
2.08426789504E-02
1.30506102827E-01
1.68080505099E-01
8.70933401180E-02
7.25108297569E-03
-1.56135969523E-02
-2.29450243377E-02
2.16193415776E-02
2.08426789504E-02
-4.84543744183E-02
-5.71248752988E-02
3.86590518021E-02
2.20947126683E-02
-4.40956901920E-02
-9.50005691062E-02
-1.41493200854E-01
-1.59343050543E-01
-1.85863401113E-02
1.07226310116E-01
8.89211754387E-02
5.76738954318E-02
-5.34290324524E-02
-1.70792128926E-01
-2.27374679459E-01
-1.85408116124E-01
-3.98709133151E-02
2.48130318633E-02
-2.16929906198E-03
-3.90272970132E-02
-6.66590785835E-02
-2.93190141741E-02
-1.78967172613E-02
2.10502353422E-02
1.93964795758E-02
-2.76451723053E-02
-7.53764470363E-02
-7.42047577281E-02
-5.39044035432E-02
-7.78135607973E-02
-1.05847064416E-01
-6.46504683410E-02
8.03912772753E-02
1.79777312078E-01
2.05701774942E-01
4.62315124166E-02
-8.48570873812E-02
-1.16693559726E-01
-1.01816453196E-01
-1.15548651888E-01
-1.07440561875E-01
1.02439122371E-03
1.63474092276E-01
2.07087716009E-01
3.40124667742E-03
-1.23549616021E-01
-1.81330637332E-01
-1.51958060218E-01
-8.03912772753E-02
4.20669938470E-02
1.97921757936E-01
2.77141345903E-01
1.48148396125E-01
2.20947126683E-04
-2.74844834859E-02
-5.86982866555E-02
-7.64945734047E-02
-1.00845624912E-01
-5.11860843482E-02
7.18345976419E-02
2.01851938644E-01
2.14251759208E-01
7.49144666805E-02
-3.68178257464E-02
-7.60593745188E-02
-1.29287545947E-02
5.95686844272E-02
2.34672630007E-02
-3.43673212504E-02
-8.01100718413E-02
-7.69230769231E-02
-7.18145115395E-02
-1.08726072430E-01
-1.50525251578E-01
-1.40000133907E-01
1.10299483787E-01
2.22875392516E-01
2.96343659822E-01
1.69305757346E-01
-8.09469927757E-02
-2.03023627952E-01
-2.71236031790E-01
-2.58534919689E-01
-1.36351158633E-01
1.27091465415E-01
1.92712762040E-01
1.30941301713E-01
-1.76355979298E-02
-8.57944388278E-02
-4.45241937104E-02
6.98795503391E-02
1.48141700757E-01
7.66351761216E-02
-8.99187851925E-03
-2.36882101274E-02
-3.42936722082E-02
-1.39732319208E-02
-4.13773709970E-03
-1.17838467564E-02
-1.05585945085E-02
-9.38020983282E-03
2.64132246898E-02
8.83855460407E-02
1.19358315981E-01
5.48015827849E-02
-3.44945332325E-02
-9.13716799347E-02
-1.07112488869E-01
-4.48254852468E-02
1.70664916944E-02
4.77781423033E-02
6.13027846033E-02
5.41856089771E-02
4.81865597193E-02
2.52950983215E-02
2.13582222460E-03
-1.13754293404E-02
-3.19369028569E-02
-1.70798824293E-02
2.02802680825E-02
2.85423515470E-02
1.57006367294E-02
-3.14012734589E-03
9.06552756148E-03
1.29890129020E-02
-2.05815596189E-02
-5.34558139223E-02
-7.94137536239E-02
-1.06422866019E-01
-1.26763392409E-01
-1.38292815201E-01
-1.17778209257E-01
-5.59130137858E-02
-1.22525224797E-02
1.11009192740E-02
3.91612043627E-02
5.01616931245E-02
4.45710612827E-02
1.33773442155E-02
-1.61960939226E-02
-9.14587197118E-03
3.30751153277E-03
5.80488360104E-03
2.53754427312E-03
3.81635946089E-03
1.97513340520E-03
1.60956634105E-02
4.88895733042E-02
5.96825056743E-02
2.40028923987E-02
-1.22190456423E-02
-1.76289025623E-02
-1.94701286180E-02
-3.40727250815E-02
-5.15945017642E-02
-6.50387996545E-02
-5.14605944147E-02
-3.27939098937E-02
-3.87795684166E-02
-4.31851202153E-02
-2.67948606359E-02
2.07824206432E-02
7.11717562618E-02
7.56442617353E-02
2.94930937284E-02
2.93257095416E-03
-7.17073856599E-03
-3.08455579584E-02
-3.31889365748E-02
4.99474413653E-03
1.87805057681E-02
1.06188528157E-02
2.32664019765E-02
2.75983047330E-02
1.35447284024E-02
1.14089061778E-02
1.50110138795E-02
2.09230233601E-02
5.77140676366E-03
-2.27508586809E-02
7.73314943391E-03
4.59703930850E-02
4.75772812791E-02
4.29574777212E-02
1.81645319603E-02
6.89622849950E-04
-4.81396921470E-03
2.45719986341E-03
1.47431991805E-02
7.40507642762E-03
5.20230052826E-03
1.68589353027E-02
3.20172472666E-02
2.52348400142E-02
1.46695501383E-02
1.16566347744E-02
8.97848778430E-03
1.12616080934E-02
1.87805057681E-02
2.16059508426E-02
5.68436698648E-03
-6.66858600534E-03
-1.39866226558E-02
-2.76518676728E-03
2.39493294589E-02
3.81301177715E-02
4.20736892144E-02
2.25433022891E-02
7.50550693975E-03
8.88475263965E-03
1.09402304545E-02
5.95218168549E-03
1.69392797124E-03
1.49507555722E-02
3.29144265083E-02
4.29373916187E-02
3.31286782675E-02
1.52721332110E-02
6.22669175198E-03
-2.47728596584E-04
-7.39838106014E-03
-2.47059059836E-03
6.77571188495E-03
3.42802814732E-03
-1.10473563342E-03
-5.30273104039E-03
1.48637157950E-03
1.60354051032E-02
2.45719986341E-02
1.58345440790E-02
-5.86514190831E-03
-1.84792142317E-02
-2.38154221094E-02
-2.64533968947E-02
-1.50244046144E-02
-3.54854476188E-03
-3.38785594247E-03
-1.14691644851E-02
-2.35342166755E-02
-2.94395307886E-02
-3.05040942172E-02
-2.67078208587E-02
-1.88407640753E-02
-1.11812636837E-02
-1.06724157555E-02
-1.32300461311E-02
-1.61090541454E-02
-2.28512891930E-02
-2.48665948031E-02
-1.80239292434E-02
-1.27680657753E-02
-1.00899187852E-02
-8.65041477802E-03
-8.38260007901E-03
-1.21253104977E-02
-1.35715098723E-02
-1.04916408337E-02
-1.18842772686E-02
-1.73343063934E-02
-1.58948023862E-02
-6.98326827668E-03
-3.42133277985E-03
-7.07700342133E-03
-1.09268397196E-02
-7.35820885529E-03
-5.04830707633E-03
-1.23328668894E-02
-2.07355530708E-02
-1.85930354788E-02
-2.83883580950E-03
6.48111571604E-03
6.09947976995E-03
2.83214044203E-03
1.90148436297E-03
4.55954525064E-03
6.51459255341E-03
6.09278440247E-03
1.65375576639E-03
-4.43233326861E-03
-1.14356876477E-02
-1.77226377070E-02
-1.76690747672E-02
-4.77379700985E-03
8.77762676004E-03
1.32166553961E-02
1.17503699191E-02
6.67528137282E-03
2.54423964059E-03
1.87470289307E-03
9.10569976633E-04
6.46102961361E-03
1.50244046144E-02
1.62764383323E-02
1.65107761940E-02
1.49239741023E-02
1.25939862209E-02
1.04648593638E-02
9.49403107990E-03
1.36786357519E-02
1.53190007834E-02
1.13486478705E-02
9.88236239346E-03
1.26877213656E-02
1.36719403844E-02
9.76854114638E-03
3.67575674391E-03
3.72931968371E-03
9.60785232697E-03
1.14423830152E-02
1.15562042623E-02
1.16298533045E-02
9.71497820658E-03
1.67384186881E-04
-9.92253459831E-03
-1.24266020341E-02
-5.35629398020E-03
1.67384186881E-04
-2.16929906198E-03
-6.78240725242E-03
-3.34768373762E-03
1.29086684923E-02
1.89077177501E-02
1.55533386450E-02
1.34376025228E-02
1.04514686289E-02
3.17360418327E-03
-4.68006186520E-03
-9.35342836292E-03
-1.05251176711E-02
-4.92779046178E-03
1.20315753530E-02
2.03873939621E-02
1.24199066666E-02
4.08417415990E-03
3.99713438272E-03
9.98948827306E-03
1.30425758418E-02
4.86083678703E-03
-8.21521589212E-03
-1.23596483593E-02
-8.03444097029E-03
-1.58680209163E-03
1.45959010960E-03
-3.41463741237E-04
-7.23769224074E-03
-1.20851382928E-02
-1.20918336603E-02
-1.23931251967E-02
-1.59282792236E-02
-6.54806939079E-03
4.94118119673E-03
4.01722048515E-03
3.59541233421E-03
8.76423602509E-03
4.90100899188E-03
-8.26208346445E-03
-1.08063231050E-02
-6.82927482475E-03
-6.20660564955E-03
-8.83788506732E-03
-1.00698326828E-02
-1.49038879999E-02
-2.00794070583E-02
-2.77991657572E-02
-1.46829408732E-02
4.01722048515E-03
6.19991028208E-03
8.81779896490E-03
4.09086952737E-03
-1.17972374914E-02
-2.64667876296E-02
-2.83347951552E-02
-2.38221174769E-02
-6.75562578252E-03
1.64706039891E-03
5.42324765495E-04
1.36585496495E-03
-2.18268979693E-03
-5.03491634138E-03
-1.10473563342E-02
-1.82381810026E-02
-1.49708416746E-02
-5.72453919133E-03
-2.41033229109E-04
1.44619937465E-03
4.48589620841E-04
-1.22525224797E-03
7.16404319851E-04
4.12434636475E-03
4.94787656421E-03
9.50072644737E-03
1.71401407366E-02
1.86800752559E-02
6.15973807722E-04
-1.91219695093E-02
-8.22191125960E-03
1.46561594033E-02
1.88608501778E-02
1.29220592272E-02
8.10809001252E-03
6.50120181846E-03
4.51937304579E-03
-9.50742181485E-04
-7.21760613831E-03
-1.13285617681E-02
-2.34337861634E-03
1.29957082694E-02
1.39464504509E-02
5.46341985980E-03
-6.76232115000E-04
-2.61119331535E-04
2.16260369450E-03
9.57437548960E-04
-2.53754427312E-03
3.24725322549E-03
1.49708416746E-02
1.42812188247E-02
-9.84219018861E-04
-9.48733571242E-03
-5.61741331173E-03
1.56002062173E-03
1.59818421634E-02
1.94299564132E-02
1.60822726755E-02
1.66982464833E-02
1.23060854195E-02
6.40746667381E-03
1.56002062173E-03
5.28264493797E-03
1.19512309433E-02
3.24055785802E-03
-7.62602355430E-03
-1.89010223826E-02
-1.28684962874E-02
7.42516253005E-03
6.92970533688E-03
-1.21721780700E-02
-2.60449794787E-02
-2.91315438848E-02
-2.46255615739E-02
9.84219018861E-04
3.09794653080E-02
3.16222205856E-02
-4.35198885891E-04
-2.96002196081E-02
-2.18871562766E-02
1.25672047510E-02
3.76614420482E-02
3.15820483807E-02
-4.78718774480E-03
-3.35571817859E-02
-1.92090092865E-02
-2.27642494158E-03
-1.79837570385E-02
-3.29345126107E-02
-1.33438673782E-02
2.44247005497E-02
2.50808465623E-02
-2.53754427312E-03
-1.08665814123E-02
6.93640070435E-03
1.64438225192E-02
3.50837255703E-03
-4.37207496133E-03
9.28647468816E-03
8.65041477802E-03
-9.96270680316E-03
-1.70999685318E-02
-7.99426876544E-03
1.40602716980E-04
-2.61119331535E-04
6.40746667381E-03
1.32032646612E-02
1.80507107133E-02
2.48665948031E-02
1.43816493368E-02
-5.03491634138E-03
-2.04945198417E-02
-2.74577020160E-02
-2.39493294589E-02
-1.58077626091E-02
3.87661776817E-03
1.46628547708E-02
3.91678997302E-03
-4.55284988317E-03
-5.82496970346E-04
3.36375261956E-02
4.87757520572E-02
5.61071794425E-03
-3.84916676152E-02
-4.12970265873E-02
-1.40870531679E-02
-2.93257095416E-03
-5.49689669718E-03
-9.77523651386E-03
-3.93687607544E-03
1.52185702712E-02
3.22381943933E-02
2.30052826449E-02
-9.77523651386E-04
-2.49000716404E-02
-3.71860709575E-02
-2.66609532864E-02
-6.65519527039E-03
1.42343512524E-02
1.94165656782E-02
1.09870980269E-02
5.26925420302E-03
1.60354051032E-02
2.16528184149E-02
6.90292386698E-03
-1.43615632344E-02
-2.42840978327E-02
-2.61052377860E-02
-9.70158747163E-03
6.46772498109E-03
5.25586346807E-03
3.05308756871E-03
2.04878244742E-03
1.09937933944E-02
1.41807883126E-02
2.09029372577E-02
3.31085921651E-02
4.27365305945E-02
5.11659982458E-02
4.96729312988E-02
3.07250413439E-02
1.58077626091E-02
6.97657290920E-03
-1.74414322730E-02
-4.32386831551E-02
-3.99713438272E-02
-1.12147405210E-02
-1.06858064905E-02
-3.67843489090E-02
-3.92281580375E-02
-8.16165295232E-03
1.71133592667E-02
4.35935376313E-02
5.83367368118E-02
3.11937170672E-02
-1.20516614554E-04
-2.03873939621E-02
-3.72463292648E-02
-3.32960624544E-02
-2.74510066485E-03
1.74949952128E-02
1.43816493368E-02
3.92348534049E-03
-7.70636796401E-03
-2.34003093260E-02
-3.10129421453E-02
-6.83597019222E-03
5.00010043051E-02
4.75438044417E-02
-2.00593209558E-02
-3.70722497104E-02
6.09278440247E-03
2.01463607330E-02
-6.14634734227E-03
-4.06274898398E-02
-6.93907885134E-02
-7.40239828063E-02
-4.42764651138E-02
-4.61310819044E-03
1.78230682191E-02
3.32090226772E-02
2.50808465623E-02
1.00497465803E-02
-2.00861024257E-03
-9.66141526678E-03
-7.96748729554E-03
-3.66906137643E-03
1.41941790475E-03
-1.19847077807E-03
-1.42879141922E-02
-1.95437776602E-02
-3.13142336817E-02
-1.52855239460E-02
2.67747745335E-02
4.21942058290E-02
3.22181082909E-02
-1.31764831913E-02
-5.71583521362E-02
-3.76346605783E-02
1.68924121400E-02
1.50846629217E-02
-5.52367816708E-03
-1.00899187852E-02
-1.22793039496E-02
-1.04983362012E-02
1.44954705839E-02
4.20067355397E-02
5.87384588603E-02
4.01855955864E-02
-8.36920934405E-03
-2.97274315901E-02
-1.52788285785E-02
1.47498945480E-02
1.21320058651E-02
-7.66619575915E-03
-1.31296156190E-02
6.02583072772E-04
3.63558453906E-03
1.00832234177E-02
3.24591415200E-02
4.50196509035E-02
3.82774158560E-02
1.26140723234E-02
-2.18670701741E-02
-4.71353870257E-02
-4.24888019979E-02
-2.87030403664E-02
-2.53285751588E-02
-2.28445938255E-02
-2.10234538723E-03
3.02028026808E-02
5.32951251029E-02
5.66026366357E-02
4.77446654660E-02
4.26963583896E-02
2.57704694122E-02
5.02152560643E-03
-1.37121125893E-02
-3.17494325676E-02
-3.54586661489E-02
-2.24227856746E-02
2.77857750223E-03
2.46456476764E-02
1.56939413620E-02
-1.23194761544E-03
-7.19752003589E-03
-6.13965197480E-03
9.01196462168E-03
1.47766760179E-02
1.50913582892E-02
1.62161800250E-02
2.51611909720E-02
3.81100316691E-02
3.03434053978E-02
6.00574462529E-03
-1.72405712488E-02
-2.93725771139E-02
-3.08790347958E-02
-1.73075249235E-02
-4.53276378074E-03
-8.85127580227E-03
-2.16595137824E-02
-2.98479482046E-02
-2.89306828605E-02
-1.35915959747E-02
-3.24055785802E-03
-1.00765280502E-02
-2.10837121795E-02
-2.33735278561E-02
-1.24266020341E-02
-1.16298533045E-02
-2.86695635290E-02
-5.04295078235E-02
-2.08158974805E-02
4.66600159350E-02
7.02745770202E-02
3.13477105191E-02
1.22659132146E-02
4.96595405639E-02
8.69058698287E-02
6.32377458037E-02
-5.85175117336E-03
-5.38843174408E-02
-6.57217271370E-02
-4.07747879242E-02
2.28312030906E-03
4.17389208407E-02
3.80229918919E-02
-5.83166507094E-03
-3.61081167940E-02
-5.28867076870E-02
-6.09613208621E-02
-1.99722811787E-02
6.94376560858E-02
8.51249020803E-02
2.49737206827E-03
-4.99876135702E-02
-1.37723708966E-02
3.90139062782E-02
5.38441452359E-02
4.41559484992E-02
1.25872908535E-02
-2.12979639388E-02
-5.80354452754E-02
-9.47997080820E-02
-1.03041705444E-01
-3.39455130995E-02
8.70799493830E-02
1.69586962780E-01
1.31001560021E-01
1.98651552990E-02
-3.66102693546E-02
-2.20545404635E-02
-1.36987218543E-02
-3.44141888228E-02
-7.64811826697E-02
-3.28474728335E-02
7.68159510435E-02
4.91841694731E-02
-4.39550874750E-02
-8.91220364630E-02
-5.18556210958E-02
3.09660745730E-02
4.76241488514E-02
-1.65844252362E-02
-6.63443963122E-02
-5.10521769987E-02
3.58871696673E-03
3.56729179081E-02
1.98919367689E-02
-7.75993090381E-03
-2.90913716799E-02
-2.77857750223E-02
3.21377638812E-04
1.90483204671E-02
1.27211982030E-02
-7.34481812034E-03
-1.66714650134E-02
-1.62429614949E-02
-1.40267948606E-02
-3.81635946089E-03
2.14251759208E-03
-3.79627335846E-03
-8.12148074747E-03
-1.04112964240E-02
-5.48350596222E-03
7.59924208440E-03
1.06456342856E-02
7.31134128297E-03
1.40602716980E-04
-8.62363330811E-03
-1.66915511158E-02
-1.92424861239E-02
-1.01167002551E-02
3.30081616530E-03
1.25939862209E-02
2.18804609091E-02
2.59043767617E-02
2.02267051427E-02
5.51698279960E-03
-1.11477868463E-02
-2.25031300843E-02
-1.84189559244E-02
3.07986903861E-04
7.51220230722E-03
6.77571188495E-03
6.27355932430E-03
5.08847928119E-03
2.63797478525E-03
-2.48398133332E-03
-1.16499394069E-03
9.72836894153E-03
9.65471989930E-03
-5.74462529376E-03
-1.45691196261E-02
-1.58412394464E-02
-1.24600788714E-02
-2.17599442945E-03
3.20708102064E-03
3.95026681039E-04
-8.79101749500E-03
-6.70206284272E-03
2.45050449594E-03
3.40794204490E-03
1.60019282658E-03
-2.11573612218E-03
-8.34912324163E-03
-1.58814116513E-02
-1.92893536962E-02
-1.91085787743E-02
-1.36317681796E-02
-5.10856538361E-03
3.51506792450E-03
7.82688457856E-03
7.07030805386E-03
5.18221442584E-03
4.53276378074E-03
5.22238663069E-03
3.69584284633E-03
3.54854476188E-04
-4.42563790114E-03
-9.70158747163E-03
-1.19244494734E-02
-1.28952777573E-02
-9.76184577891E-03
-8.03444097029E-05
6.05930756510E-03
8.22860662707E-03
1.13754293404E-02
1.50712721868E-02
1.66848557483E-02
1.00698326828E-02
1.27881518777E-03
-2.30990177896E-03
-4.03730658757E-03
-2.71831919495E-03
1.33907349505E-05
2.87231264688E-03
6.12626123985E-03
8.28216956688E-03
1.09804026594E-02
1.34777747277E-02
9.15926270613E-03
-6.82927482475E-04
-7.94740119311E-03
-1.18508004312E-03
1.36652450170E-02
1.43883447043E-02
1.81444458579E-03
-5.53706890203E-03
-4.55284988317E-03
-5.71784382386E-03
-8.59685183821E-03
-2.89909411678E-03
6.80918872232E-03
1.07460647978E-02
8.59015647074E-03
4.97465803411E-03
3.78288262351E-03
4.64658502782E-03
5.49689669718E-03
3.14682271336E-03
7.49881157227E-04
-4.72023407005E-03
-9.51411718232E-03
-5.41655228747E-03
2.74510066485E-03
7.39168569267E-03
7.22430150579E-03
5.82496970346E-03
1.16499394069E-03
-5.33620787777E-03
-1.07460647978E-02
-1.21721780700E-02
-7.92061972321E-03
-4.29173055163E-03
-1.54662988678E-03
3.49498182208E-03
6.06600293257E-03
6.34720836653E-03
7.50550693975E-03
8.40938154891E-03
6.74223504757E-03
-2.57102111049E-03
-1.35514237699E-02
-2.08092021131E-02
-2.32329251391E-02
-1.21453966001E-02
-1.37924569990E-03
2.54423964059E-03
2.05547781490E-03
7.36490422277E-05
3.55524012935E-03
5.87853264326E-03
5.47011522727E-03
3.82305482836E-03
2.17599442945E-03
9.58776622455E-03
1.48838018975E-02
5.90531411317E-03
-1.84122605569E-03
-3.98374364777E-03
1.33237812757E-03
6.48781108351E-03
1.14423830152E-02
1.23462576243E-02
5.51698279960E-03
-1.10473563342E-03
-6.54137402331E-03
-8.24869272950E-03
-4.96126729916E-03
2.91918021921E-03
6.76901651747E-03
5.79818823356E-03
5.62410867920E-03
3.38116057500E-03
5.68436698648E-03
1.17771513890E-02
1.02773890745E-02
3.78957799099E-03
1.41941790475E-03
2.61119331535E-04
-3.21377638812E-04
2.01530561005E-03
6.37398983643E-03
1.26006815884E-02
1.45289474213E-02
1.01100048876E-02
3.54184939440E-03
-8.03444097029E-04
-4.28503518416E-04
3.68245211138E-04
-2.35676935129E-03
-1.92826583287E-03
1.13821247079E-03
4.45911473851E-03
2.97943852648E-03
1.52654378436E-03
1.13151710332E-03
1.86800752559E-03
5.02152560643E-03
4.37207496133E-03
1.23194761544E-03
-4.61980355792E-04
9.50742181485E-04
-1.65375576639E-03
-5.16882369089E-03
4.88761825693E-04
4.53276378074E-03
1.66714650134E-03
1.58680209163E-03
5.42324765495E-04
3.21377638812E-04
1.57341135668E-03
-2.34337861634E-04
-1.37924569990E-03
-5.02152560643E-04
-6.62841380049E-04
-1.85461679064E-03
-1.23864298292E-03
2.20947126683E-04
7.43185789752E-04
6.69536747524E-04
-5.62410867920E-04
-6.29364542673E-04
-3.55524012935E-03
-3.84314093079E-03
-2.14921295955E-03
-1.56002062173E-03
-3.28073006287E-04
-4.41894253366E-04
-2.63127941777E-03
-1.91487509792E-03
3.54184939440E-03
2.53084890564E-03
-3.07986903861E-04
-2.28312030906E-03
-2.32998788138E-03
-1.22525224797E-03
4.21808150940E-04
3.18699491822E-03
4.03061122010E-03
2.68484235757E-03
1.95504730277E-03
3.70253821381E-03
2.37016008624E-03
-2.87900801435E-04
2.54423964059E-04
1.57341135668E-03
-6.42755277623E-04
-2.30990177896E-03
-2.62458405030E-03
-1.45959010960E-03
1.70731870619E-03
-7.63271892178E-04
-3.21377638812E-03
-4.17790930455E-03
-8.25538809698E-03
-1.04916408337E-02
-6.46102961361E-03
-8.70397771782E-04
1.47298084455E-03
-1.51984841688E-03
-6.01913536024E-03
-4.75371090742E-03
-2.12912685713E-03
3.90339923807E-03
2.14251759208E-03
-4.84075068460E-03
-2.71162382747E-03
6.29364542673E-04
1.17168930817E-03
3.76279652109E-03
4.29173055163E-03
1.25203371787E-03
-2.93257095416E-03
-1.14222969128E-02
-9.03205072410E-03
5.35629398020E-05
-9.70828283910E-04
-4.02391585262E-03
-2.50406743574E-03
-9.44046814009E-04
-1.17168930817E-03
-1.25203371787E-03
-6.15973807722E-04
2.70492846000E-03
2.94596168911E-03
5.55715500445E-04
6.36059910148E-04
3.28073006287E-04
-6.42755277623E-04
2.00861024257E-05
-1.25872908535E-03
-2.78527286970E-03
-6.49450645099E-04
1.41272253728E-03
2.56432574302E-03
2.49067670079E-03
2.19608053188E-03
2.24294810421E-03
3.26064396044E-03
5.00143950401E-03
5.57054573940E-03
1.93496120035E-03
-3.88331313564E-04
1.68053723629E-03
1.54662988678E-03
2.34337861634E-04
1.10473563342E-03
3.91678997302E-03
5.69106235396E-03
6.02583072772E-03
6.44763887866E-03
6.33381763158E-03
5.44333375737E-03
3.64227990653E-03
3.34768373762E-04
-3.30081616530E-03
-3.50837255703E-03
-2.55763037554E-03
-5.22238663069E-04
-6.22669175198E-04
-1.79435848337E-03
-1.72070944114E-03
-1.65375576639E-03
-3.42802814732E-03
-6.84936092717E-03
-7.63941428925E-03
-6.26686395683E-03
-2.64467015272E-03
-1.08464953099E-03
4.32520738901E-03
1.25002510763E-02
9.76184577891E-03
2.57771647797E-03
-2.74510066485E-03
-1.03778195866E-02
-1.56738552595E-02
-1.29756221670E-02
-1.32434368660E-02
-7.97418266302E-03
-5.82496970346E-04
1.96843803772E-03
5.78479749861E-03
1.86800752559E-03
4.09086952737E-03
-9.64132916435E-04
-1.17235884492E-02
-1.69526704473E-02
-2.03740032272E-02
-8.72406382024E-03
1.31229202515E-03
-1.31229202515E-03
-9.15256733866E-03
-1.10205748643E-02
-6.13965197480E-03
-1.66714650134E-03
-5.54376426950E-03
-3.23386249054E-03
3.60210770168E-03
5.31612177534E-03
3.74940578614E-03
1.27881518777E-03
-7.63271892178E-04
-5.35629398020E-03
-1.11210053764E-02
-9.11909050128E-03
-3.14682271336E-03
-5.02822097391E-03
-4.70684333510E-03
2.16929906198E-03
4.64658502782E-03
-5.10187001614E-03
-1.38527153063E-02
-6.34051299906E-03
5.61071794425E-03
1.43146956621E-02
1.10071841293E-02
-3.84314093079E-03
-1.08531906774E-02
-6.13295660732E-03
-1.40602716980E-03
-2.01530561005E-03
5.80488360104E-03
1.60019282658E-02
1.08665814123E-02
1.66714650134E-03
-7.19752003589E-03
-1.55399479100E-02
-1.40736624330E-02
-6.89622849950E-04
1.40535763305E-02
1.58010672416E-02
8.32903713920E-03
2.74510066485E-04
-3.21377638812E-04
3.86322703322E-03
4.02391585262E-03
2.89909411678E-03
-9.84219018861E-04
-2.06886854985E-03
2.22955736926E-03
6.54137402331E-03
6.33381763158E-03
3.61549843663E-03
4.53945914822E-03
6.15973807722E-03
3.10665050851E-03
-1.13821247079E-04
1.04447732614E-03
2.95935242406E-03
4.80057847975E-03
6.34720836653E-03
6.84266555970E-03
3.43472351480E-03
7.69967259653E-04
2.21616663431E-03
3.72931968371E-03
3.64897527401E-03
3.68245211138E-04
-8.83788506732E-04
1.20516614554E-03
2.98613389396E-03
4.44572400356E-03
4.61980355792E-03
3.66906137643E-03
1.92826583287E-03
5.89192337821E-04
-3.34768373762E-05
3.54854476188E-04
1.23194761544E-03
2.27642494158E-03
2.79196823718E-03
2.25633883916E-03
1.28551055525E-03
1.13821247079E-04
-6.15973807722E-04
-6.69536747524E-05
1.21186151302E-03
2.02200097752E-03
1.74079554356E-03
9.50742181485E-04
2.41033229109E-04
-4.01722048515E-04
-5.55715500445E-04
-5.82496970346E-04
-3.61549843663E-04
-3.01291536386E-04
-1.47298084455E-04
1.20516614554E-04
6.22669175198E-04
3.95026681039E-04
-3.07986903861E-04
-3.07986903861E-04
-7.69967259653E-04
-1.56671598921E-03
-1.59349745911E-03
-1.07795416351E-03
-9.37351446534E-04
-1.02439122371E-03
-8.36920934405E-04
-7.09708952376E-04
-7.29795054802E-04
-7.63271892178E-04
-8.63702404306E-04
-1.05117269361E-03
-1.13151710332E-03
-1.03778195866E-03
-9.70828283910E-04
-1.01100048876E-03
-1.01100048876E-03
-9.50742181485E-04
-9.57437548960E-04
-9.17265344108E-04
-8.77093139257E-04
-8.70397771782E-04
-8.57007036831E-04
-8.23530199455E-04
-8.23530199455E-04
-7.96748729554E-04
-7.09708952376E-04
-6.36059910148E-04
-5.75801602871E-04
-5.22238663069E-04
-4.68675723267E-04
-4.15112783465E-04
-3.74940578614E-04
-3.28073006287E-04
-2.81205433960E-04
-2.41033229109E-04
-1.87470289307E-04
-1.40602716980E-04
-1.00430512129E-04
-6.69536747524E-05
-2.67814699010E-05
0.00000000000E+00
2.67814699010E-05
5.35629398020E-05
6.69536747524E-05
8.70397771782E-05
9.37351446534E-05
1.00430512129E-04
1.07125879604E-04
1.00430512129E-04
9.37351446534E-05
8.03444097029E-05
6.02583072772E-05
