3.07986903861E-04
5.69106235396E-04
1.84792142317E-03
3.20708102064E-03
5.02152560643E-03
6.03922146267E-03
5.08847928119E-03
4.14443246718E-03
3.44811424975E-03
2.00191487510E-03
2.87900801435E-04
-5.55715500445E-04
-1.67384186881E-04
1.85461679064E-03
2.08895465228E-03
1.30559665767E-03
-1.02439122371E-03
-3.56863086430E-03
-3.89000850312E-03
-3.63558453906E-03
-2.14251759208E-03
-5.38307545010E-03
-1.11076146414E-02
-1.87068567258E-02
-2.72434502568E-02
-3.18029955074E-02
-3.32692809845E-02
-2.74510066485E-02
-2.56633435326E-02
-2.63797478525E-02
-2.81607156009E-02
-2.97943852648E-02
-3.56930040105E-02
-4.59636977175E-02
-4.69746982063E-02
-4.43501141560E-02
-2.93123188066E-02
-4.51267767831E-03
2.33534417537E-02
3.38049103825E-02
3.72530246323E-02
4.57695320608E-02
4.81664736169E-02
3.53716263717E-02
2.24093949396E-02
2.71764965820E-02
2.94797029935E-02
2.35743888803E-02
3.21377638812E-03
-1.44753844815E-02
-3.34165790689E-02
-5.65490736959E-02
-6.44496073167E-02
-6.12826985009E-02
-6.05395127112E-02
-5.52100002009E-02
-4.67403603447E-02
-4.21607289916E-02
-2.27508586809E-02
-1.14356876477E-02
-7.80010310866E-03
-6.99665901163E-03
-3.75610115361E-03
9.73506430900E-03
1.15428135273E-02
2.12577917339E-02
5.44735097786E-02
6.59091974263E-02
6.10684467417E-02
6.72415755539E-02
7.35686978180E-02
6.75361717228E-02
5.10923492036E-02
4.51602536205E-02
3.63089778182E-02
1.70129287546E-02
-2.28178123556E-02
-6.67595090957E-02
-7.80144218215E-02
-5.90129689268E-02
-8.61693794064E-03
2.94663122585E-02
4.46848825298E-02
5.23042107166E-02
4.87757520572E-02
4.33525044022E-02
4.05337546951E-02
4.78250098757E-02
5.04964614983E-02
3.25394859297E-02
1.13553432380E-02
6.58154622816E-03
1.13352571356E-02
2.97475176925E-02
5.22037802045E-02
6.97791198270E-02
5.68972328046E-02
1.41540068427E-02
6.65519527039E-03
-7.76662627128E-04
-2.47795550259E-02
-8.16165295232E-03
2.17666396620E-02
2.62391451355E-02
3.60813353241E-02
4.61444726394E-02
4.26361000824E-02
4.06609666772E-02
4.11095562980E-02
4.11698146053E-02
3.27671284238E-02
3.47757386664E-02
4.96997127687E-02
5.68034976600E-02
5.47212383752E-02
4.64792410131E-02
4.02927214660E-02
4.24954973654E-02
5.57188481290E-02
6.00574462529E-02
5.25050717409E-02
4.65394993204E-02
4.68474862243E-02
5.45136819834E-02
5.75399880822E-02
4.89029640392E-02
1.93964795758E-02
-4.76040627490E-03
-5.85442932035E-02
-1.30666791647E-01
-2.01443521228E-01
-2.04302443140E-01
-1.56992976560E-01
-6.10684467417E-02
2.99617694517E-02
9.28111839418E-02
1.25350669872E-01
1.77828960142E-02
-6.56079058899E-02
-1.17650997275E-01
-1.13305703784E-01
-1.13486478705E-01
-9.53755096848E-02
-1.59229229296E-01
-1.66272755880E-01
-3.26472813460E-01
-3.37453216120E-01
-6.81923177354E-01
-3.58938650348E-02
6.95467905756E-01
2.21074338665E-01
1.16044109081E-01
4.74433739296E-02
-9.05213682653E-02
-1.94661113975E-01
-8.80173008296E-02
-8.73745455519E-03
1.72807434536E-02
-7.00670206284E-02
-1.18621825559E-01
-1.67993465321E-01
4.82200365567E-02
1.54616121106E-01
1.08056535683E-01
8.93429835897E-02
1.87872011355E-02
-1.03443427493E-02
-8.48303059113E-03
1.01675850479E-01
1.22525224797E-01
-2.66006949791E-02
-3.12338892720E-02
-1.43816493368E-02
-7.84362299725E-02
-1.16164625695E-01
3.36107447257E-03
7.03348353274E-02
-6.61569260229E-02
-9.55228077693E-02
-3.97570920680E-02
-3.11334587599E-02
-1.13955154429E-02
6.15170363625E-02
1.06938409315E-01
1.82549194213E-01
2.17532489271E-01
2.02367481939E-01
1.38627583575E-01
5.67767161901E-03
-5.98632805962E-02
-4.01119465442E-02
-4.27097491246E-02
-7.50416786625E-02
-1.42691671632E-01
-1.61673038425E-01
-8.86399700048E-02
-1.14758598526E-02
2.80736758237E-02
3.72061570599E-02
5.99637111083E-02
3.47556525640E-02
-1.16231579370E-02
-1.48101528552E-02
1.67652001580E-02
7.88982103283E-02
1.33150772980E-01
1.86412421246E-01
1.66527179844E-01
1.21748562170E-01
1.00189478900E-01
2.42104487905E-02
5.16212832341E-03
-5.19895284453E-02
-1.50933668994E-01
-1.65422444211E-01
-1.12428610644E-01
-9.24027665258E-02
-4.20469077445E-02
8.14156684990E-02
5.44065561038E-02
6.13161753383E-02
7.04352658396E-03
-8.10541186553E-02
-7.34414858360E-02
-4.68274001219E-02
1.43615632344E-02
6.22936989897E-02
1.15528565785E-01
1.20034548096E-01
5.97092871442E-02
-1.69593658148E-02
5.31344362835E-02
1.43294254705E-01
1.66801689911E-01
7.80478986589E-02
-5.59063184183E-02
-1.23696914105E-01
-1.52493689616E-01
-1.24018291744E-01
-9.82076501269E-02
-8.14022777640E-02
-5.16815415414E-02
-6.81588408980E-03
2.54423964059E-03
1.22525224797E-03
2.66743440214E-02
5.23644690239E-02
5.49020132970E-04
-7.45796983067E-02
4.00382975020E-03
6.21464009052E-02
7.08302925206E-02
1.97379433170E-02
-3.89938201758E-02
-1.09650033142E-01
-1.15655777767E-01
-2.99282926143E-02
-4.59302208802E-02
-1.10942239065E-02
3.29412079782E-02
6.28761959600E-02
7.56576524703E-02
-5.44333375737E-03
-8.90082152159E-02
-9.67279739148E-02
-4.11229470329E-02
3.65098388425E-02
1.14638081911E-01
1.43709367489E-01
5.93879095054E-02
1.14557737501E-02
9.15926270613E-03
-1.22525224797E-03
-3.79962104220E-02
-9.50608274135E-02
-1.23877689027E-01
-1.22846602436E-01
-6.19857120858E-02
7.54300099761E-02
1.90342601954E-01
1.32086209552E-01
-7.33142738539E-03
-4.20669938470E-02
-3.33094531893E-02
-3.70387728730E-02
-3.82707204885E-02
-1.78699357914E-02
1.40067087582E-02
2.83548812577E-02
1.85863401113E-02
1.04514686289E-02
5.99235389034E-03
1.44954705839E-02
-1.03711242192E-02
-1.38266033731E-01
-1.15441526008E-01
-1.00631373153E-02
4.75103276043E-02
1.22659132146E-02
-2.01061885282E-02
-1.12214358885E-02
-2.79732453116E-02
-3.17293464652E-02
-3.45414008048E-02
-3.62955870833E-02
-2.58775952918E-02
2.38355082119E-03
2.67145162262E-03
3.37982150150E-02
4.99273552629E-02
5.46208078630E-02
5.20297006501E-02
5.49689669718E-02
3.07384320788E-02
-3.84715815128E-02
-4.77379700985E-02
-6.08341088801E-02
-1.28263154723E-01
-9.82076501269E-02
7.21760613831E-03
6.59828464685E-02
-1.69392797124E-03
-7.14060941235E-02
-5.97628500840E-02
-1.59349745911E-02
2.73639668713E-02
3.54385800465E-02
3.33697114966E-02
3.03300146629E-02
6.28293283877E-02
4.34864117517E-02
-1.85059957016E-02
-1.68254584653E-02
4.63319429287E-02
1.41185213950E-01
1.27285631072E-01
4.03328936709E-02
5.02152560643E-02
-1.08598860448E-02
-7.96413961180E-02
2.03673078597E-02
1.15521870418E-01
1.77320112214E-01
1.91916013310E-01
1.08297568912E-01
-1.09804026594E-02
-5.87250681254E-02
-6.59627603661E-02
-9.54893309319E-02
-6.35189512376E-02
-1.45557288912E-02
2.44849588570E-02
4.74701553995E-02
9.71029144935E-02
1.09295178666E-01
8.87805727217E-02
6.86810795611E-02
-7.33142738539E-03
-6.11287050490E-02
-1.05157441566E-01
-1.63835642119E-01
-1.22692608984E-01
2.98345574697E-02
1.15910201731E-01
8.90349966858E-02
9.07891829643E-03
1.70062333871E-02
6.03855192592E-02
8.79570425223E-02
8.21521589212E-03
-8.23061523732E-02
-2.88168616134E-02
-3.50703348353E-02
-5.18957933006E-02
-4.68474862243E-02
4.67336649772E-03
3.47556525640E-02
3.26466118093E-02
-7.35151348782E-03
-1.44619937465E-02
7.61932818683E-03
-2.65806088767E-03
-2.95198751984E-02
-5.46810661703E-02
-5.10990445711E-02
-5.02085606969E-02
-3.29278172432E-02
-1.09536211895E-02
4.04668010204E-02
6.97925105619E-02
4.65528900554E-02
3.41463741237E-03
-1.21186151302E-02
-2.58039462496E-02
-5.70780077265E-02
-5.88254986375E-02
-5.68905374371E-02
-3.75744022711E-02
1.10272702317E-02
3.83979324705E-02
4.10626887257E-02
3.31755458398E-02
2.35543027779E-02
1.69727565497E-02
1.08866675147E-02
2.69354633529E-02
4.65127178505E-02
3.42869768407E-02
1.46226825659E-02
5.90531411317E-03
7.04352658396E-03
1.94031749433E-02
2.14653481256E-02
1.54930803377E-02
3.44141888228E-03
-3.24792276224E-02
-5.78078027813E-02
-7.15466968405E-02
-5.36432842117E-02
2.99282926143E-03
5.20899589574E-02
5.63950802440E-02
2.01463607330E-02
-3.46485266844E-02
-7.81349384361E-02
-9.85959814404E-02
-1.01983837383E-01
-5.37169332539E-02
-1.83453068822E-03
1.30425758418E-02
1.61626170852E-02
2.36748193925E-02
1.64706039891E-02
-4.56624061812E-03
-9.98279290559E-03
-1.20918336603E-02
-8.93831557945E-03
2.72501456242E-03
2.00927977932E-02
3.97972642728E-02
3.99110855199E-02
2.21616663431E-02
1.13821247079E-02
1.11477868463E-02
3.74940578614E-03
-1.00899187852E-02
-1.42209605174E-02
-8.10809001252E-03
1.00430512129E-03
-1.85595586414E-02
-5.93812141379E-02
-5.24314226986E-02
-1.10942239065E-02
1.81578365929E-02
1.22993900520E-02
-2.01061885282E-02
-2.82812322154E-02
-3.44208841902E-02
-4.67001881398E-02
-4.62850753564E-02
-3.94424097967E-02
-3.24658368875E-02
-8.55667963336E-03
8.26208346445E-03
-9.37351446534E-05
-9.48064034495E-03
-2.08025067456E-02
-2.60583702136E-02
-2.60650655811E-02
-2.97073454877E-02
-3.72998922046E-02
-3.49029506484E-02
-2.25901698615E-02
-1.67250279532E-02
-7.07030805386E-03
1.61893985551E-02
2.68685096782E-02
3.39254269971E-02
2.85557422819E-02
-2.55763037554E-03
-1.78163728516E-02
-1.98383738291E-02
-1.66045113386E-02
7.69967259653E-04
1.76757701346E-02
2.92855373367E-02
3.61415936314E-02
2.32797927114E-02
2.89909411678E-03
-1.69258889774E-02
-3.32023273097E-02
-3.72463292648E-02
-1.73744785983E-02
1.42477419873E-02
2.14251759208E-02
2.00392348534E-02
1.56336830547E-02
9.29317005564E-03
1.51315304941E-03
-4.78049237732E-03
-4.87422752198E-03
-1.31229202515E-03
-1.01769585624E-03
-8.63702404306E-04
5.59732720930E-03
8.08800391009E-03
2.16929906198E-03
-1.18106282263E-02
-2.00459302209E-02
-2.15724740052E-02
-2.26705142712E-02
-1.89947575273E-02
-8.39599081396E-03
3.15351808084E-03
8.59685183821E-03
1.06389389182E-02
1.10875285390E-02
1.10741378041E-02
1.00028790080E-02
5.15543295594E-03
-6.09278440247E-04
-6.13295660732E-03
-1.15628996297E-02
-1.23864298292E-02
-6.18651954713E-03
1.02439122371E-03
7.53898377712E-03
1.17838467564E-02
8.48972595861E-03
3.08656440609E-03
1.12482173584E-03
2.91918021921E-03
3.97035291282E-03
5.32281714282E-03
6.62841380049E-03
7.95409656059E-03
7.05691731891E-03
2.18938516440E-03
-1.80774921832E-03
-2.82544507455E-03
2.35676935129E-03
1.25404232811E-02
2.10636260771E-02
2.13113546737E-02
1.55332525426E-02
1.12415219909E-02
8.43616301881E-03
4.75371090742E-03
4.08417415990E-04
-7.96748729554E-04
3.66236600896E-03
1.01702631949E-02
1.19780124132E-02
9.01865998915E-03
5.05500244381E-03
5.91870484812E-03
9.29317005564E-03
7.61263281935E-03
2.27642494158E-03
-2.79196823718E-03
-2.20947126683E-03
2.98613389396E-03
7.15065246356E-03
1.00363558454E-02
1.17101977142E-02
9.90244849589E-03
1.03510381167E-02
1.13352571356E-02
7.35151348782E-03
5.28934030544E-04
-8.29556030183E-03
-1.50712721868E-02
-1.80507107133E-02
-1.56135969523E-02
-8.95840168188E-03
-9.77523651386E-04
5.75132066123E-03
5.53037353455E-03
-8.97179241683E-04
-9.33334226049E-03
-1.31229202515E-02
-1.11678729487E-02
-1.01970446648E-02
-1.18641911661E-02
-1.20114892506E-02
-8.46294448871E-03
-3.74940578614E-03
7.69967259653E-04
5.82496970346E-03
7.19752003589E-03
4.92779046178E-03
4.16451856960E-03
5.52367816708E-03
1.19378402084E-02
1.85997308462E-02
2.28111169882E-02
2.37016008624E-02
2.09966724024E-02
1.70865777968E-02
1.25939862209E-02
7.41846716257E-03
4.31851202153E-03
4.37207496133E-03
4.96796266663E-03
3.42133277985E-03
3.68914747886E-03
1.04581639963E-02
1.74213461706E-02
1.66848557483E-02
1.08531906774E-02
5.57724110688E-03
3.78288262351E-03
8.91822947702E-03
1.35447284024E-02
1.18441050637E-02
4.75371090742E-03
6.22669175198E-04
1.91487509792E-03
5.30273104039E-03
6.05261219762E-03
4.90100899188E-03
5.77810213114E-03
6.01913536024E-03
7.09708952376E-03
1.20650521904E-02
2.27173818435E-02
2.97207362226E-02
2.81540202334E-02
1.53792590906E-02
1.25872908535E-03
-5.95218168549E-03
1.45959010960E-03
1.89478899549E-02
2.40229785012E-02
1.97446386845E-02
9.34003762797E-03
1.29220592272E-03
-3.35437910510E-03
-5.45672449232E-03
-2.93257095416E-03
5.02152560643E-04
4.19799540698E-03
6.95648680678E-03
9.76184577891E-03
1.05518991410E-02
8.36920934405E-03
7.02344048153E-03
6.41416204128E-03
1.93496120035E-03
-4.53276378074E-03
-8.76423602509E-03
-7.03013584901E-03
-3.95026681039E-03
3.61549843663E-04
5.94548631802E-03
5.98565852287E-03
2.20947126683E-03
-2.33668324886E-03
-2.28981567653E-03
1.17168930817E-03
4.67336649772E-03
4.94787656421E-03
3.46150498470E-03
3.35437910510E-03
1.03108659119E-03
-2.51745817069E-03
-6.80249335485E-03
-1.02238261347E-02
-8.60354720569E-03
-5.94548631802E-03
-7.38499032519E-03
-1.12482173584E-02
-1.50779675542E-02
-1.47833713853E-02
-1.07795416351E-02
-8.45624912123E-03
-8.39599081396E-03
-8.04113633777E-03
-6.91631460193E-03
-6.79579798737E-03
-1.08598860448E-02
-1.55265571751E-02
-1.34844700951E-02
-9.39360056777E-03
-8.14826221737E-03
-6.44094351118E-03
-1.56002062173E-03
2.24294810421E-03
9.10569976633E-04
-2.82544507455E-03
-1.05251176711E-02
-1.69727565497E-02
-1.49574509397E-02
-1.11678729487E-02
-1.11076146414E-02
-1.11611775812E-02
-1.03711242192E-02
-1.27881518777E-02
-1.56537691571E-02
-1.32903044384E-02
-8.68389161539E-03
-4.24486297930E-03
7.49881157227E-04
1.25203371787E-03
-2.45719986341E-03
-6.19321491460E-03
-5.51028743213E-03
-7.23099687326E-04
2.53084890564E-03
1.14490783827E-03
-2.17599442945E-03
-7.43185789752E-04
1.72070944114E-03
4.61980355792E-04
-2.30990177896E-03
-4.37207496133E-03
-4.17790930455E-03
-6.36729446896E-03
-8.38929544648E-03
-6.42085740876E-03
-5.77140676366E-03
-9.79532261628E-03
-1.63166105372E-02
-1.87269428283E-02
-1.63233059046E-02
-1.08866675147E-02
-4.92109509430E-03
9.23960711584E-04
3.03300146629E-03
-1.18508004312E-03
-9.67480600173E-03
-1.49708416746E-02
-1.03510381167E-02
-2.49067670079E-03
-1.14490783827E-03
-5.14204222099E-03
-1.19378402084E-02
-1.43816493368E-02
-7.53898377712E-03
-6.52128792089E-03
-1.07795416351E-02
-7.82688457856E-03
5.55715500445E-04
1.80774921832E-03
-1.45289474213E-03
1.25872908535E-03
1.88340687079E-02
3.25796581345E-02
3.23654063753E-02
1.54529081329E-02
-4.68006186520E-03
-8.95170631440E-03
-9.80871335123E-03
-9.37351446534E-03
-8.57007036831E-03
-5.87853264326E-03
-9.57437548960E-04
4.90100899188E-03
1.23730390943E-02
1.75552535201E-02
2.17331628246E-02
2.54892639783E-02
1.90751019370E-02
1.03376473818E-02
6.15304270975E-03
7.88714288584E-03
9.47394497747E-03
5.79818823356E-03
5.04161170886E-03
6.80918872232E-03
3.34098837015E-03
6.58824159564E-03
1.72472666162E-02
2.36413425551E-02
1.70062333871E-02
6.09278440247E-04
-5.85175117336E-03
-9.41368667019E-03
-1.42678280897E-02
-2.16996859873E-02
-3.86992240069E-03
1.44820798490E-02
1.08799721473E-02
5.03491634138E-03
-8.48303059113E-03
-2.02936588175E-02
-2.60516748462E-02
-1.48704111625E-02
1.45490335237E-02
2.90712855775E-02
3.04840081148E-02
2.04744337393E-02
-8.76423602509E-03
-2.43242700376E-02
-2.49268531103E-02
-1.84122605569E-03
1.35581191374E-02
1.05385084060E-02
7.76662627128E-03
6.84266555970E-03
9.50742181485E-03
7.32473201792E-03
-7.16404319851E-04
-1.41473114752E-02
-1.99254136063E-02
-1.49976231445E-02
-4.08417415990E-03
8.77762676004E-03
2.12377056315E-02
2.86026098542E-02
3.32759763520E-02
3.36308308282E-02
3.02028026808E-02
2.55026547132E-02
2.00526255884E-02
8.78432212752E-03
-4.78049237732E-03
-1.58278487115E-02
-2.21482756081E-02
-2.21482756081E-02
-2.99015111444E-02
-3.74739717589E-02
-3.89603433384E-02
-3.20708102064E-02
-2.80736758237E-02
-1.23797344617E-02
1.37857616315E-02
1.54194312955E-02
1.30693573117E-02
1.09937933944E-02
3.84983629827E-03
-5.22238663069E-04
-3.21377638812E-03
-8.83788506732E-03
-1.34978608301E-02
-1.30157943719E-02
-6.72884431262E-03
5.42324765495E-04
1.11812636837E-03
1.16499394069E-03
-2.28312030906E-03
-4.68675723267E-04
-8.32234177173E-03
2.89909411678E-03
2.19005470115E-02
1.95504730277E-02
1.61760078202E-02
2.17197720897E-02
1.24132112991E-02
-4.10693840931E-02
-6.10416652718E-02
-6.05796849160E-02
-6.43223953347E-02
-3.80229918919E-02
2.10904075470E-03
7.84697068099E-03
1.77895913817E-02
3.29947709180E-02
2.96203057105E-02
6.69536747524E-04
-2.53352705263E-02
-2.56834296350E-02
-1.42745234572E-02
1.39062782461E-02
2.51812770744E-02
1.18708865336E-02
7.24438760821E-03
2.81674109684E-02
3.13611012540E-02
5.62410867920E-03
-3.87260054768E-02
-1.82716578399E-02
2.27709447833E-02
1.28417148175E-02
2.70492846000E-03
-1.92826583287E-03
-2.03873939621E-02
-3.70387728730E-02
-3.25528766646E-02
-8.71736845277E-03
2.35743888803E-02
3.15083993385E-02
3.01492397410E-02
2.71898873170E-02
1.18106282263E-02
6.89622849950E-04
-4.21138614193E-03
-7.02344048153E-03
-4.09756489485E-03
-2.16929906198E-03
-9.40699130272E-03
-1.79168033638E-02
-2.38221174769E-02
-3.89000850312E-03
2.65471320393E-02
3.05375710546E-02
2.89909411678E-02
2.47126013511E-02
2.04007846971E-02
1.75418627851E-02
1.85126910690E-02
2.17264674572E-02
1.78096774841E-02
9.46724960999E-03
-3.14682271336E-04
-7.77332163876E-03
-6.24677785440E-03
-1.30559665767E-03
-3.98374364777E-03
-5.94548631802E-03
-2.34337861634E-03
-2.49737206827E-03
-7.72645406643E-03
-5.83836043841E-03
-4.49928694336E-03
-9.80871335123E-03
-1.44820798490E-02
-1.45825103611E-02
-1.51047490242E-02
-1.26408537933E-02
-5.84505580589E-03
-4.85414141955E-03
-2.02200097752E-03
-2.27642494158E-04
5.91200948064E-03
1.80306246108E-02
2.83080136853E-02
2.71497151121E-02
2.39024618866E-02
5.83166507094E-03
-2.34270907959E-02
-2.93190141741E-02
-1.88541548103E-02
-3.25394859297E-03
2.66475625515E-03
-6.02583072772E-05
-7.13726172861E-03
-2.29517197051E-02
-4.03261983034E-02
-4.34395441794E-02
-4.70148704112E-02
-2.97073454877E-02
-2.32998788138E-03
-2.14921295955E-03
-9.96940217064E-03
-3.34098837015E-03
2.46858198812E-02
4.76710164237E-02
3.04907034823E-02
1.13151710332E-03
1.10071841293E-02
3.71860709575E-02
4.10693840931E-02
-6.28695005925E-03
-3.00153323915E-02
-3.27001747491E-02
-3.26733932792E-02
9.43377277262E-03
2.91918021921E-02
2.47728596584E-02
1.47900667528E-02
7.07030805386E-03
-7.60593745188E-03
-1.94366517806E-02
-3.78288262351E-03
1.29086684923E-02
2.03003541849E-02
-1.13553432380E-02
-5.27193235001E-02
-5.99971879457E-02
-1.25337279137E-02
3.77283957230E-02
4.27633120644E-02
4.64323734408E-02
5.24849856384E-02
4.58967440428E-02
1.58881070188E-02
-2.74175298111E-02
-5.11459121434E-02
-3.98508272127E-02
-3.89000850312E-03
1.39263643485E-03
-3.28541682010E-02
-1.47498945480E-02
4.41693392342E-02
7.77867793274E-02
3.99981252971E-02
-2.41836673206E-02
-7.88580381234E-02
-6.99531993813E-02
-1.24332974015E-02
1.15829857322E-03
3.89000850312E-03
2.65203505694E-02
2.24562625120E-02
-2.00057580160E-02
-3.41664602262E-02
-3.22984527006E-02
-9.81540871871E-03
2.59847211714E-02
3.68245211138E-02
1.45155566863E-02
-7.74654016886E-03
-1.43481724994E-02
-2.64533968947E-02
-1.09335350871E-02
1.63701734770E-02
1.85528632739E-02
2.48398133332E-03
-9.23960711584E-03
-9.54089865222E-03
-4.19130003950E-03
3.26733932792E-03
7.05691731891E-03
8.08800391009E-03
5.18221442584E-03
2.47728596584E-03
2.77188213475E-03
3.54854476188E-03
1.70062333871E-03
8.23530199455E-04
3.31420690025E-03
6.58824159564E-03
6.70875821019E-03
6.94309607183E-03
4.26494908173E-03
-3.28073006287E-04
-1.87470289307E-03
8.97179241683E-04
1.00095743755E-02
1.72539619837E-02
1.90416250996E-02
1.28952777573E-02
-1.51984841688E-03
-1.41941790475E-02
-1.68254584653E-02
-1.05987667133E-02
-5.42994302242E-03
5.82496970346E-04
7.86036141594E-03
1.19378402084E-02
1.17302838166E-02
9.66141526678E-03
9.72167357405E-03
1.06657203881E-02
6.46772498109E-03
-2.20947126683E-04
-5.62410867920E-03
-5.65758551658E-03
1.68723260376E-03
9.99618364054E-03
1.40736624330E-02
1.17704560215E-02
4.97465803411E-03
4.33859812396E-03
6.77571188495E-03
2.24294810421E-03
-2.67814699010E-03
-4.55954525064E-03
-6.49450645099E-03
-7.69297722906E-03
-5.73792992628E-03
-1.13151710332E-03
1.78096774841E-03
9.97609753811E-04
-7.56576524703E-04
-7.90053362079E-04
1.76757701346E-03
4.26494908173E-03
5.22908199817E-03
3.58871696673E-03
1.89478899549E-03
5.35629398020E-05
2.67814699010E-04
1.05117269361E-03
-2.20947126683E-04
-3.07986903861E-04
-5.55715500445E-04
7.96748729554E-04
1.45959010960E-03
-2.67814699010E-05
-1.90148436297E-03
-2.64467015272E-03
-4.64658502782E-03
-9.20613027846E-03
-1.18708865336E-02
-8.40268618143E-03
-4.56624061812E-03
-6.73553968010E-03
-8.65711014549E-03
-8.36920934405E-03
-5.36968471515E-03
-2.34337861634E-03
5.55715500445E-04
3.61549843663E-04
-1.96174267025E-03
-2.41033229109E-03
-1.84122605569E-03
1.56002062173E-03
4.82735994965E-03
2.58441184544E-03
-7.29795054802E-04
2.16260369450E-03
5.00813487148E-03
5.59063184183E-03
2.87900801435E-03
-1.13821247079E-04
-4.15112783465E-04
-4.35198885891E-04
-4.68675723267E-04
-3.07986903861E-04
1.07125879604E-03
-8.03444097029E-05
-1.71401407366E-03
-5.12865148604E-03
-6.98326827668E-03
-6.27355932430E-03
-3.13343197841E-03
3.00621999638E-03
7.88044751836E-03
9.60785232697E-03
6.50120181846E-03
2.04878244742E-03
-1.93496120035E-03
-5.10856538361E-03
-6.35390373401E-03
-2.49737206827E-03
4.76710164237E-03
1.22659132146E-02
1.49306694698E-02
1.19980985156E-02
2.99282926143E-03
-6.56815549321E-03
-7.69297722906E-03
-4.65997576277E-03
-9.90914386336E-04
8.16834831980E-04
-6.96318217425E-04
-4.22477687688E-03
-5.77810213114E-03
-2.81874970708E-03
6.69536747524E-05
-2.00861024257E-04
-1.25872908535E-03
-7.56576524703E-04
1.13821247079E-04
-7.36490422277E-04
-6.26686395683E-03
-1.14423830152E-02
-1.14959459550E-02
-6.42085740876E-03
-6.89622849950E-04
-1.17838467564E-03
-2.26972957411E-03
-2.68484235757E-03
-1.09134489846E-03
4.08417415990E-04
-7.36490422277E-05
2.72501456242E-03
3.78957799099E-03
1.41941790475E-03
-3.14682271336E-04
-3.30751153277E-03
-2.20277589936E-03
-3.28073006287E-03
-4.73362480500E-03
-2.04878244742E-03
1.57341135668E-03
5.43663838990E-03
6.22669175198E-03
6.78240725242E-03
6.83597019222E-03
5.87183727579E-03
5.24916810059E-03
5.80488360104E-03
7.45194399995E-03
8.43616301881E-03
7.67958649410E-03
4.94787656421E-03
1.78766311589E-03
3.14682271336E-04
-3.34768373762E-04
4.01722048515E-04
-1.51315304941E-03
-2.77857750223E-03
-2.65136552020E-03
-2.67814699010E-04
2.53754427312E-03
3.18029955074E-03
2.87900801435E-03
-3.21377638812E-04
-1.68723260376E-03
-1.52654378436E-03
-1.34576886252E-03
-6.62841380049E-04
-1.72740480861E-03
-4.41894253366E-03
-4.54615451569E-03
-7.55237451208E-03
-7.84697068099E-03
-4.32520738901E-03
-3.22047175559E-03
-1.33237812757E-03
-4.82066458218E-04
-1.08464953099E-03
-1.57341135668E-03
-1.42611327223E-03
-2.08895465228E-03
-2.04878244742E-03
-3.01961073133E-03
-5.86514190831E-03
-6.40077130633E-03
-4.52606841326E-03
-2.20277589936E-03
3.15351808084E-03
3.74940578614E-03
2.47728596584E-03
1.72070944114E-03
-1.16499394069E-03
-2.67814699010E-05
2.63797478525E-03
5.40985692000E-03
7.53228840965E-03
7.34481812034E-03
4.15782320213E-03
1.63366966396E-03
8.70397771782E-05
-1.47298084455E-03
-1.15829857322E-03
5.35629398020E-04
1.82783532074E-03
1.88139826054E-03
1.37924569990E-03
1.81444458579E-03
1.60688819406E-04
-1.13821247079E-03
3.14682271336E-04
2.22286200178E-03
2.45719986341E-03
6.76232115000E-04
2.01530561005E-03
4.51267767831E-03
6.09278440247E-03
5.02822097391E-03
3.16021344832E-03
3.84983629827E-03
3.20708102064E-03
8.50311669356E-04
-7.09708952376E-04
5.95887705297E-04
2.27642494158E-03
2.65136552020E-03
3.95696217787E-03
5.63749941416E-03
5.18221442584E-03
3.76279652109E-03
1.49976231445E-03
-3.21377638812E-04
8.90483874207E-04
7.90053362079E-04
-2.16260369450E-03
-2.37016008624E-03
1.67384186881E-03
5.89861874569E-03
7.61932818683E-03
5.67097625153E-03
5.45672449232E-03
5.09517464866E-03
2.27642494158E-03
-4.57293598559E-03
-3.40794204490E-03
4.34529349143E-03
2.42372302604E-03
2.46389523089E-03
4.61980355792E-03
6.95648680678E-03
5.28264493797E-03
5.22238663069E-04
-2.33668324886E-03
-3.09995514104E-03
-1.66714650134E-03
2.67814699010E-04
5.12195611856E-03
6.65519527039E-03
3.97035291282E-03
8.63702404306E-04
-1.47967621203E-03
-3.36776984005E-03
-3.86322703322E-03
-3.58871696673E-03
-3.42802814732E-03
-1.87470289307E-03
-1.05117269361E-03
-1.45289474213E-03
-1.17838467564E-03
-2.37685545371E-03
-4.35868422638E-03
-5.69775772143E-03
-5.22238663069E-03
-3.65567064148E-03
-2.18938516440E-03
-2.16929906198E-03
-3.84983629827E-03
-3.44811424975E-03
-4.74032017247E-03
-5.90531411317E-03
-5.98565852287E-03
-6.96987754173E-03
-5.28264493797E-03
-3.91009460554E-03
-4.78718774480E-03
-5.52367816708E-03
-5.40316155252E-03
-5.63749941416E-03
-6.19991028208E-03
-5.97226778792E-03
-3.92348534049E-03
-1.65375576639E-03
-9.37351446534E-04
-3.10665050851E-03
-4.86083678703E-03
-4.57293598559E-03
-5.40985692000E-03
-5.26255883554E-03
-6.94979143930E-03
-8.97179241683E-03
-1.14892505875E-02
-1.60421004707E-02
-1.93429166360E-02
-1.32166553961E-02
4.41894253366E-04
9.86897165851E-03
1.62295707600E-02
1.54328220304E-02
8.30895103678E-03
-3.03300146629E-03
-1.42075697825E-02
-1.85729493763E-02
-8.72406382024E-03
1.24533835040E-03
5.40985692000E-03
1.23395622569E-02
1.24667742389E-02
4.45911473851E-03
-5.41655228747E-03
-1.27881518777E-02
-1.44017354392E-02
-2.85222654445E-03
1.23328668894E-02
1.59885375309E-02
5.32281714282E-03
-6.24008248693E-03
-1.61760078202E-02
-2.20478450960E-02
-1.98450691966E-02
-1.21453966001E-02
-6.38738057138E-03
-4.30512128658E-03
2.75179603233E-03
1.01635678274E-02
1.19847077807E-02
6.81588408980E-03
-4.98804876906E-03
-1.24466881365E-02
-1.25739001185E-02
-9.07891829643E-03
-1.27881518777E-03
3.62219380411E-03
4.61310819044E-03
1.90148436297E-03
-9.84219018861E-04
-4.01722048515E-05
1.85461679064E-03
7.74654016886E-03
9.98279290559E-03
5.87853264326E-03
-2.73170992990E-03
-6.54137402331E-03
-8.02105023534E-03
-3.33429300267E-03
9.44716350757E-03
1.93362212685E-02
2.23893088372E-02
1.49105833674E-02
6.01913536024E-03
-3.97035291282E-03
-1.12080451536E-02
-9.11909050128E-03
-1.76088164599E-03
5.89861874569E-03
1.07058925929E-02
9.86897165851E-03
5.73123455881E-03
2.88570338183E-03
1.27211982030E-03
1.19177541059E-03
2.53754427312E-03
3.30081616530E-03
4.59971745549E-03
5.99235389034E-03
5.08178391371E-03
4.25825371426E-03
4.24486297930E-03
4.70684333510E-03
4.55954525064E-03
3.74940578614E-03
3.39455130995E-03
3.35437910510E-03
3.11334587599E-03
3.22047175559E-03
3.87661776817E-03
3.54854476188E-03
2.41033229109E-03
9.44046814009E-04
6.36059910148E-04
1.64706039891E-03
2.45719986341E-03
2.82544507455E-03
2.59780258039E-03
1.47967621203E-03
5.35629398020E-04
3.88331313564E-04
1.03778195866E-03
1.39263643485E-03
9.64132916435E-04
1.10473563342E-03
1.72070944114E-03
2.25633883916E-03
2.55763037554E-03
2.13582222460E-03
1.13821247079E-03
3.95026681039E-04
1.07125879604E-04
4.21808150940E-04
7.23099687326E-04
5.28934030544E-04
6.69536747524E-04
6.76232115000E-04
4.15112783465E-04
4.35198885891E-04
3.81635946089E-04
1.94165656782E-04
-1.53993451931E-04
-4.82066458218E-04
-8.43616301881E-04
-8.83788506732E-04
-5.55715500445E-04
-3.81635946089E-04
-5.49020132970E-04
-7.43185789752E-04
-9.70828283910E-04
-1.07125879604E-03
-1.10473563342E-03
-1.13821247079E-03
-1.05786806109E-03
-8.97179241683E-04
-9.03874609158E-04
-1.03778195866E-03
-1.07795416351E-03
-1.13151710332E-03
-1.13151710332E-03
-1.08464953099E-03
-1.06456342856E-03
-1.03778195866E-03
-1.02439122371E-03
-1.02439122371E-03
-1.02439122371E-03
-1.01769585624E-03
-1.01100048876E-03
-9.90914386336E-04
-9.70828283910E-04
-9.70828283910E-04
-9.57437548960E-04
-9.30656079059E-04
-9.10569976633E-04
-8.83788506732E-04
-8.57007036831E-04
-8.36920934405E-04
-8.10139464505E-04
-7.83357994604E-04
-7.49881157227E-04
-7.16404319851E-04
-6.82927482475E-04
-6.49450645099E-04
-6.09278440247E-04
-5.75801602871E-04
-5.42324765495E-04
-5.02152560643E-04
-4.68675723267E-04
-4.35198885891E-04
-4.01722048515E-04
-3.68245211138E-04
-3.34768373762E-04
-3.01291536386E-04
-2.74510066485E-04
-2.47728596584E-04
-2.20947126683E-04
-1.94165656782E-04
-1.74079554356E-04
-1.53993451931E-04
