1.18608328940E-03
1.08724301529E-02
1.18608328940E-02
7.90722192936E-04
-6.91881918819E-03
-1.71982076964E-02
-1.45624670532E-02
-3.55824986821E-03
-1.97680548234E-03
-2.63574064312E-03
-1.41671059568E-02
-2.06246705324E-02
-1.48919346336E-02
-9.09330521877E-03
-1.84501845018E-03
-1.66710595677E-02
-3.22219293622E-02
-2.04928835003E-02
-5.33737480232E-03
-2.83342119135E-03
2.63574064312E-04
-4.28307854507E-03
-1.52872957301E-02
-1.93068002109E-02
-1.52214022140E-02
-2.43806009489E-03
9.68634686347E-03
1.19926199262E-02
2.17448603057E-03
-2.70163415920E-03
1.31787032156E-03
-1.61439114391E-02
-3.23537163943E-02
-4.87612018977E-03
3.29467580390E-04
-1.44965735372E-03
-2.56984712704E-03
4.74433315762E-03
1.37058513442E-02
-1.85160780179E-02
-1.77253558250E-02
1.55508697944E-02
1.10042171850E-02
-3.75593041645E-03
3.95361096468E-03
1.79230363732E-02
6.58935160780E-03
-1.92409066948E-02
-1.23220875066E-02
1.26515550870E-02
1.04111755403E-02
4.61254612546E-04
1.73299947285E-02
4.34897206115E-03
-1.90432261465E-02
-6.91881918819E-03
-2.30627306273E-03
-1.31787032156E-04
1.31128096995E-02
-5.33737480232E-03
2.30627306273E-03
8.96151818661E-03
-1.86478650501E-02
-1.05429625725E-02
-3.22878228782E-03
-1.77912493411E-03
-3.36056931998E-03
2.23379019504E-02
3.82182393253E-02
-6.58935160780E-04
1.29151291513E-02
2.00975224038E-02
-2.27991565630E-02
-2.55007907222E-02
-1.52872957301E-02
1.48260411176E-02
1.55508697944E-02
-2.50395361096E-03
2.96520822351E-02
2.66209804955E-02
-3.88771744860E-03
5.00790722193E-03
7.90722192936E-03
-8.56615709014E-04
-4.15129151292E-03
8.96151818661E-03
6.65524512388E-03
-2.37216657881E-03
-7.97311544544E-03
-2.10859251450E-02
-1.95044807591E-02
-2.65550869794E-02
4.69820769636E-02
8.48708487085E-02
8.03900896152E-03
-3.34739061676E-02
-1.12677912493E-02
1.86478650501E-02
-8.23668950975E-03
-2.80706378492E-02
3.96678966790E-02
2.72799156563E-02
-6.26647337902E-02
-3.78887717449E-02
5.31760674750E-02
1.25197680548E-02
-4.21059567739E-02
3.20242488139E-02
7.23510806537E-02
1.98998418556E-02
-2.29309435952E-02
4.30284659989E-02
4.52688455456E-02
-1.19267264101E-02
-1.35081707960E-02
-2.76752767528E-03
8.10490247760E-03
-1.13995782815E-02
-1.67369530838E-02
2.63574064312E-02
1.87796520822E-02
-3.46599894570E-02
-4.11834475488E-02
-1.39694254085E-02
3.46599894570E-02
2.93226146547E-02
-2.06246705324E-02
-6.80021085925E-02
-6.68819188192E-02
-3.53189246178E-02
1.54849762783E-02
-1.45624670532E-02
-3.03110173959E-02
3.23537163943E-02
1.44965735372E-02
-2.84659989457E-02
-2.35898787559E-02
3.30785450712E-02
-2.56984712704E-03
-2.61597258830E-02
-4.08539799684E-03
9.62045334739E-03
-4.23036373221E-02
-1.12677912493E-01
-4.49393779652E-02
1.31787032156E-02
-2.98497627833E-02
-3.72957301002E-02
1.46942540854E-02
3.30785450712E-02
3.33421191355E-02
6.27306273063E-02
1.12677912493E-02
-7.23510806537E-02
-5.39667896679E-02
1.48260411176E-02
7.70295202952E-02
8.40142329995E-02
4.06562994201E-02
-4.34897206115E-02
-4.75092250923E-02
7.64364786505E-03
7.67000527148E-02
7.03742751713E-02
-1.99657353716E-02
-7.96652609383E-02
-3.32762256194E-02
3.78228782288E-02
-4.61254612546E-04
-6.55640484976E-02
-7.06378492356E-02
-3.92066420664E-02
7.70954138113E-03
1.04968371112E-01
2.83342119135E-02
-9.62045334739E-02
-6.82656826568E-02
2.29309435952E-02
7.01107011070E-02
-1.97680548234E-03
-2.74775962045E-02
-5.66684238271E-03
1.24538745387E-02
2.54348972061E-02
1.27174486031E-02
3.63732208751E-02
-4.69161834475E-02
-8.40142329995E-02
-1.63415919873E-02
1.55508697944E-02
-5.86452293094E-03
-2.26673695308E-02
4.83658408013E-02
1.35081707960E-02
-2.41829204006E-02
-2.72140221402E-02
2.26673695308E-02
7.48550342646E-02
6.24670532420E-02
8.96151818661E-02
4.46099103848E-02
-3.86794939378E-02
-7.62387981023E-02
-4.15129151292E-02
7.10991038482E-02
5.41644702161E-02
1.19926199262E-02
1.95703742752E-02
-1.65392725356E-02
-2.82024248814E-02
4.57301001581E-02
7.45255666842E-02
-1.75935687928E-02
-4.76410121244E-02
-2.65550869794E-02
-4.75092250923E-02
-1.21244069584E-01
-1.13073273590E-01
1.77912493411E-03
5.74591460200E-02
1.83183974697E-02
3.78887717449E-02
7.27464417501E-02
6.33236689510E-02
3.82841328413E-02
3.94702161307E-02
5.19240906695E-02
-4.13811280970E-02
-8.13125988403E-02
-3.48576700053E-02
-4.94201370585E-03
4.13811280970E-02
4.69161834475E-02
-2.52372166579E-02
-9.98286768582E-02
-3.05745914602E-02
1.08987875593E-01
3.97337901950E-02
-4.81681602530E-02
-4.48075909331E-02
1.00158144439E-02
-9.35687928308E-03
-4.64549288350E-02
2.13494992093E-02
3.48576700053E-02
3.30785450712E-02
-2.23379019504E-02
1.89114391144E-02
6.08197153400E-02
-4.03927253558E-02
-5.42962572483E-02
-2.54348972061E-02
-7.09673168160E-02
-2.72799156563E-02
1.08658408013E-01
8.23668950975E-02
-8.50026357406E-03
-2.29968371112E-02
-2.13494992093E-02
4.81022667370E-02
9.04059040590E-02
3.45940959410E-02
-6.95176594623E-02
-9.65998945704E-02
-1.86478650501E-02
2.97838692673E-02
3.29467580390E-02
1.02134949921E-02
2.53690036900E-02
4.36874011597E-02
3.67685819715E-02
1.74617817607E-02
3.90089615182E-02
3.92066420664E-02
-4.61254612546E-04
-5.20558777016E-03
-1.43647865050E-02
9.48866631523E-03
-6.91881918819E-03
-1.69346336321E-02
3.22878228782E-03
3.61755403268E-02
-2.00975224038E-02
-8.79019504481E-02
1.35081707960E-02
1.74815498155E-01
1.65788086452E-01
-9.81813389562E-03
-4.07221929362E-02
-8.98128624143E-02
-1.08921982077E-01
4.66526093832E-02
3.63732208751E-02
-5.17264101212E-02
-6.35213494992E-02
-3.16947812335E-02
3.53189246178E-02
6.10173958882E-02
-3.01133368477E-02
-7.51845018450E-02
-4.19741697417E-02
-3.16288877174E-02
2.90590405904E-02
7.14285714286E-02
-2.38534528202E-02
-7.03742751713E-02
8.69794412230E-03
6.83315761729E-02
2.66209804955E-02
-9.62045334739E-03
2.10859251450E-03
-2.07564575646E-02
6.66183447549E-02
1.20980495519E-01
1.20914602003E-01
1.13995782815E-02
-5.92382709541E-02
-4.72456510279E-02
-7.07696362678E-02
-1.93068002109E-02
-7.18239325250E-03
5.10015814444E-02
1.15972588297E-02
-9.94333157617E-02
-8.86267791249E-02
1.25197680548E-03
4.03927253558E-02
3.43305218766E-02
-1.64733790195E-03
1.23879810227E-02
-1.21903004744E-02
-5.73932525040E-02
-4.87612018977E-03
-1.48919346336E-02
-5.62071692145E-02
-8.60569319979E-02
-2.52372166579E-02
5.13969425409E-02
5.13969425409E-02
-3.66367949394E-02
-1.93068002109E-02
5.23853452820E-02
1.15313653137E-02
-6.15445440169E-02
-6.85292567211E-02
-6.11491829204E-02
3.01792303637E-02
1.08460727464E-01
3.78228782288E-02
-2.36557722720E-02
5.36373220875E-02
1.45031628888E-01
4.71797575119E-02
-5.13969425409E-03
6.79362150764E-02
1.16697416974E-01
7.84132841328E-03
-1.27174486031E-01
-6.73431734317E-02
4.80363732209E-02
4.06562994201E-02
3.47258829731E-02
3.65050079072E-02
1.20585134423E-02
-7.51845018450E-02
-1.19267264101E-02
1.68950975224E-01
1.75803900896E-01
-3.75593041645E-03
-1.16367949394E-01
-1.23220875066E-02
9.40959409594E-02
7.67659462309E-02
3.53848181339E-02
4.37532946758E-02
-3.64391143911E-02
2.83342119135E-03
9.94333157617E-02
3.75593041645E-02
-3.49235635213E-02
5.81180811808E-02
6.30600948867E-02
8.30258302583E-03
-1.44965735372E-02
-5.76568265683E-02
6.19399051133E-03
7.51186083289E-03
3.22878228782E-02
-1.13995782815E-02
-9.32393252504E-02
1.87137585662E-02
8.59251449657E-02
-5.48234053769E-02
-2.76752767528E-03
4.94201370585E-02
-4.77069056405E-02
-3.46599894570E-02
8.82973115445E-03
7.88745387454E-02
-1.05297838693E-01
-1.87203479178E-01
-4.02609383237E-02
1.14457037428E-01
1.42725355825E-01
9.52820242488E-02
6.60911966263E-02
-6.60253031102E-02
-4.71797575119E-02
1.20716921455E-01
2.38600421719E-01
6.43779652082E-02
-1.23089088034E-01
-2.20084343701E-02
4.28966789668E-02
2.06905640485E-02
1.21903004744E-02
4.74433315762E-03
1.80548234054E-02
-2.89931470743E-02
2.97179757512E-02
-7.08355297839E-02
-9.23827095414E-02
3.18265682657E-02
4.36874011597E-02
1.22100685293E-01
5.62730627306E-02
-1.98339483395E-02
-1.00289931471E-01
-7.94016868740E-02
-1.71323141803E-02
-2.61597258830E-02
-2.33921982077E-02
-7.86109646811E-02
-8.54638903532E-02
-2.87295730100E-02
5.41644702161E-02
8.10490247760E-02
-1.39035318925E-02
3.07063784924E-02
1.32775434897E-01
1.16565629942E-01
1.06747496046E-01
7.18239325250E-02
1.09712704270E-01
3.41328413284E-02
-1.47601476015E-02
1.32445967317E-01
8.89562467053E-02
-1.99657353716E-02
-6.86610437533E-02
2.80706378492E-02
2.70163415920E-03
-2.43806009489E-02
5.62071692145E-02
2.37216657881E-02
-6.74749604639E-02
-1.20387453875E-01
-7.10991038482E-02
6.36531365314E-02
1.72970479705E-01
4.19741697417E-02
-1.20651027939E-01
-1.31128096995E-01
2.18107538218E-02
6.42461781761E-02
3.66367949394E-02
-8.03900896152E-03
-1.72641012124E-02
-2.41170268846E-02
-1.12677912493E-02
-1.88455455983E-02
5.20558777016E-02
8.07195571956E-02
6.01607801792E-02
-1.63415919873E-02
-2.63574064312E-02
3.92725355825E-02
-9.88402741170E-04
-9.21850289931E-02
-1.43911439114E-01
3.48576700053E-02
1.41539272536E-01
1.10635213495E-01
-6.80680021086E-02
-1.64140748550E-01
-1.94847127043E-01
-1.98075909331E-01
-1.15445440169E-01
-2.49736425936E-02
4.28307854507E-03
1.86478650501E-02
5.08039008962E-02
3.28149710069E-02
4.75751186083E-02
1.07538218239E-01
1.50566684238E-01
1.53861360042E-01
1.10371639431E-01
6.47733263047E-02
1.43647865050E-02
-8.10490247760E-03
-6.65524512388E-02
-5.98313125988E-02
-4.87612018977E-02
-4.05245123880E-02
-4.48734844491E-02
-1.88060094887E-01
-2.14483394834E-01
-1.86544544017E-01
-2.37875593042E-02
2.13297311545E-01
9.00764364787E-02
-1.40155508698E-01
-4.48075909331E-03
2.06378492356E-01
3.55231945177E-01
1.81800210859E-01
-1.43713758566E-01
-2.80508697944E-01
-3.79348972061E-01
-4.10648392198E-01
-3.48774380601E-01
-1.01476014760E-01
-1.94385872430E-02
-1.22232472325E-01
-8.15102793885E-02
5.13969425409E-02
-7.29441222984E-02
-1.98405376911E-01
-3.44623089088E-02
2.02820242488E-01
1.57419609910E-01
9.41618344755E-02
1.75013178703E-01
-3.80205587770E-02
-2.91183447549E-01
-3.58790195045E-01
-2.68911439114E-01
-1.77451238798E-01
-9.67975751186E-02
-3.76910911966E-02
2.04269899842E-03
7.95334739062E-02
-8.13125988403E-02
-5.38350026357E-02
1.04704797048E-01
5.99630996310E-03
-6.58935160780E-02
-6.49710068529E-02
-3.69003690037E-03
-1.70005271481E-01
-2.09607274644E-01
-2.17448603057E-02
1.38508170796E-01
2.11254612546E-01
1.17949393780E-01
-6.34554559831E-02
-9.98945703743E-02
-4.15129151292E-03
5.21217712177E-02
2.49341064839E-01
2.97706905640E-01
1.85819715340E-01
1.21968898260E-01
2.86636794939E-02
-5.87111228255E-02
-8.78360569320E-02
-1.99196099104E-01
-2.27727991566E-01
-7.51186083289E-02
3.28808645229E-02
5.27807063785E-02
-8.94833948339E-02
-1.70137058513E-01
-2.33921982077E-02
-3.54507116500E-02
-1.65524512388E-01
1.49578281497E-02
2.73458091724E-01
3.29862941487E-01
3.12137585662E-01
2.52965208224E-01
1.57814971007E-01
1.83777016342E-01
5.17923036373E-02
4.28307854507E-03
1.84765419083E-01
1.19530838166E-01
1.18608328940E-02
-5.95677385345E-02
-9.22509225092E-04
3.99973642594E-02
1.09383236690E-02
2.00975224038E-02
-1.90300474433E-01
-2.92303637322E-01
-1.18081180812E-01
1.65392725356E-02
5.25830258303E-02
-3.52530311017E-02
-9.69952556668E-02
9.65998945704E-02
1.03914074855E-01
3.88112809700E-02
1.36992619926E-01
1.62559304164E-01
1.27108592514E-01
3.76910911966E-02
1.22034791776E-01
-3.42646283606E-03
-2.87691091197E-01
-4.78321033210E-01
-5.46454928835E-01
-4.92619926199E-01
-5.03096995256E-01
-3.43502899315E-01
-8.48708487085E-02
1.91420664207E-01
4.47878228782E-01
3.56022667370E-01
8.67158671587E-02
4.48075909331E-02
1.69544016869E-01
2.15537691091E-01
2.07564575646E-01
3.48379019504E-01
2.29045861887E-01
3.09699525567E-03
3.69003690037E-03
3.03110173959E-02
1.29678439642E-01
1.88455455983E-02
-1.41341591987E-01
-1.64206642066E-01
-1.97878228782E-01
-1.36267791249E-01
-1.04111755403E-01
-1.59066947812E-01
-2.53558249868E-01
-3.05021085925E-01
-2.04401686874E-01
-1.25790722193E-01
-4.30284659989E-02
-6.05561412757E-02
-1.70861887190E-01
-1.57287822878E-01
-2.42092778071E-01
-2.71744860306E-01
-1.99064312072E-01
-6.89905113337E-02
9.24486030575E-02
2.04665260938E-01
3.19715340011E-01
3.04296257248E-01
2.41104375329E-01
2.95927780706E-01
3.01858197153E-01
2.25553505535E-01
1.33104902478E-01
6.33895624671E-02
5.93041644702E-03
1.58144438587E-02
9.25144965735E-02
1.14127569847E-01
1.67105956774E-01
1.85819715340E-01
-7.68318397470E-02
-3.15695835530E-01
-3.92461781761E-01
-3.88705851344E-01
-1.19926199262E-01
6.47733263047E-02
9.10648392198E-02
-8.73748023195E-02
-2.01765946231E-01
-6.95176594623E-02
5.27148128624E-03
-1.19267264101E-02
-6.78703215604E-03
2.50395361096E-01
4.29032683184E-01
4.13350026357E-01
3.07656826568E-01
1.35608856089E-01
-1.63284132841E-01
-4.31997891407E-01
-4.15392725356E-01
-4.91499736426E-01
-3.90353189246E-01
-1.16895097522E-01
-2.18107538218E-02
-1.25658935161E-01
-2.70295202952E-01
-1.11228255140E-01
-9.71270426990E-02
-2.22720084344E-01
-1.64733790195E-01
3.83500263574E-02
1.91750131787E-01
1.27833421191E-01
9.52820242488E-02
4.51370585134E-02
-1.45888244597E-01
-2.62849235635E-01
-3.91341591987E-01
-4.73049551924E-01
-2.56589351608E-01
1.09976278334E-01
3.57999472852E-01
2.86570901423E-01
-4.07880864523E-02
-4.73444913021E-01
-7.70031628888E-01
-8.75329467580E-01
-6.16499736426E-01
4.54006325778E-02
5.17198207696E-01
3.37967843964E-01
-5.48892988930E-02
-1.21507643648E-01
1.17619926199E-01
4.43265682657E-01
4.73510806537E-01
2.27134949921E-01
1.29810226674E-01
2.72601476015E-01
4.83394833948E-01
5.58579335793E-01
4.44056404850E-01
1.55508697944E-01
-2.55666842383E-02
1.24472851871E-01
2.38732208751E-01
9.14602003163E-02
-1.59594095941E-01
-1.58276225619E-01
1.44965735372E-02
1.14852398524E-01
2.10200316289E-02
-3.21889826041E-01
-7.75830258303E-01
-1.00000000000E+00
-8.35661570901E-01
-6.67237743806E-01
-5.44741697417E-01
-3.27095413811E-01
6.38508170796E-02
5.57195571956E-01
8.56813389562E-01
8.84620453347E-01
8.11874011597E-01
8.55956773853E-01
9.11900369004E-01
8.14971006853E-01
4.68700579863E-01
-7.72272008434E-02
-6.03057459146E-01
-8.58065366368E-01
-5.62467053242E-01
-9.46889826041E-02
9.68634686347E-03
-9.39641539273E-02
-2.28782287823E-01
-2.02952029520E-01
6.76067474960E-02
3.45479704797E-01
4.88468634686E-01
3.96349499209E-01
3.00869794412E-01
2.30166051661E-01
7.56457564576E-02
-6.91881918819E-03
4.60595677385E-02
4.65208223511E-02
-1.32973115445E-01
-1.19399051133E-01
1.21903004744E-01
4.43463363205E-02
-2.46375856616E-01
-4.05706378492E-01
-3.94372693727E-01
-2.95334739062E-01
-2.80772272008E-01
-3.83039008962E-01
-4.97430152873E-01
-5.27477596205E-01
-6.18476541908E-01
-6.77451238798E-01
-6.77055877702E-01
-4.59739061676E-01
-6.65524512388E-03
3.14377965208E-01
2.77345809172E-01
6.37849235635E-02
3.97996837111E-02
2.16130732736E-01
3.48313125988E-01
3.05614127570E-01
1.47272008434E-01
-2.81365313653E-02
-1.90366367949E-01
-3.34870848708E-01
-3.82116499736E-01
-1.84963099631E-01
2.88943068002E-01
5.72416974170E-01
6.80416447022E-01
8.30060622035E-01
9.24947285187E-01
9.68832366895E-01
6.78637322088E-01
1.73365840801E-01
-1.85951502372E-01
-4.51831839747E-01
-5.57590933052E-01
-2.81826568266E-01
1.95308381655E-01
4.33645229309E-01
4.24815498155E-01
4.41354770691E-01
3.97074327886E-01
1.51489193463E-01
-1.00289931471E-01
-2.15998945704E-01
-1.92936215076E-01
3.45282024249E-02
2.90788086452E-01
3.95492883500E-01
5.00527148129E-01
6.15774907749E-01
6.69478123353E-01
5.31958355298E-01
2.77938850817E-01
6.58935160780E-03
-3.74077490775E-01
-6.68160253031E-01
-7.80376910912E-01
-8.32894043226E-01
-8.28545071165E-01
-7.52438060095E-01
-7.82880864523E-01
-8.93977332630E-01
-9.74960463890E-01
-9.56444385872E-01
-7.17119135477E-01
-3.06075382182E-01
7.57775434897E-02
2.42026884555E-01
2.32142857143E-01
1.61834475488E-01
1.11360042172E-01
1.73036373221E-01
2.97443331576E-01
3.12796520822E-01
3.21823932525E-01
3.34211913548E-01
1.29085397997E-01
3.04428044280E-02
1.33829731154E-01
1.25461254613E-01
1.13798102267E-01
7.99947285187E-02
1.95374275171E-01
4.29625724829E-01
5.56470743279E-01
6.32116499736E-01
7.01436478651E-01
7.98629414866E-01
8.62150764365E-01
7.84989457037E-01
4.72390616763E-01
1.78044280443E-01
3.39351607802E-02
1.47601476015E-01
4.96968898260E-01
7.59159198735E-01
9.18555614128E-01
9.04783869267E-01
7.76884554560E-01
5.71099103848E-01
3.13257775435E-01
1.10898787559E-01
-1.64206642066E-01
-3.46534001054E-01
-3.82973115445E-01
-2.58632050606E-01
3.38033737480E-02
2.61070110701E-01
4.42277279916E-01
5.25962045335E-01
4.63560885609E-01
3.78360569320E-01
4.09330521877E-01
4.14667896679E-01
2.22258829731E-01
-1.13929889299E-01
-4.33842909858E-01
-5.47575118608E-01
-4.13020558777E-01
-2.02293094360E-01
-1.12743806009E-01
-9.56114918292E-02
-8.76383763838E-02
-2.87295730100E-02
3.80864522931E-02
1.51357406431E-01
3.25843437006E-01
4.33711122826E-01
3.19056404850E-01
4.03927253558E-02
-9.78518713759E-02
-1.68819188192E-01
-1.70268845546E-01
-1.49644175013E-01
-2.54085397997E-01
-3.62150764365E-01
-4.29098576700E-01
-3.92461781761E-01
-3.56549815498E-01
-4.32195571956E-01
-5.02965208224E-01
-5.37691091197E-01
-4.82933579336E-01
-4.49723247232E-01
-5.45861887190E-01
-5.47904586189E-01
-3.44359515024E-01
-1.05627306273E-01
-7.79520295203E-02
-2.54810226674E-01
-3.93977332630E-01
-2.98892988930E-01
7.97311544544E-03
2.40181866104E-01
2.72074327886E-01
1.87203479178E-01
2.16855561413E-01
4.07551396943E-01
5.69188191882E-01
6.80218766473E-01
6.78505535055E-01
5.39206642066E-01
3.37243015287E-01
1.78307854507E-01
1.57683183975E-01
3.20374275171E-01
4.32195571956E-01
4.42672641012E-01
4.97759620453E-01
3.97469688983E-01
2.83408012652E-01
2.10002635741E-01
1.61505007907E-01
1.38639957828E-01
8.56615709014E-02
1.60253031102E-01
1.73234053769E-01
1.11425935688E-01
8.49367422246E-02
1.06615709014E-01
4.34897206115E-03
-2.28650500791E-01
-3.32959936742E-01
-2.98365840801E-01
-1.65853979968E-01
-8.96151818661E-03
9.09330521877E-03
-1.35674749605E-01
-3.28215603585E-01
-4.63165524512E-01
-5.86188719030E-01
-6.86346863469E-01
-5.82762256194E-01
-4.64285714286E-01
-4.88666315235E-01
-4.69688982604E-01
-3.09633632051E-01
-1.97482867686E-01
-2.43410648392E-01
-3.55363732209E-01
-4.78123352662E-01
-5.18252503954E-01
-4.86755403268E-01
-3.78690036900E-01
-1.17554032683E-01
1.11557722720E-01
2.95268845546E-01
4.44319978914E-01
4.28044280443E-01
3.38890353189E-01
2.09080126516E-01
-2.37875593042E-02
-3.09831312599E-01
-4.72258829731E-01
-4.23102266737E-01
-2.68647865050E-01
-1.06352134950E-01
-1.62229836584E-01
-3.05877701634E-01
-3.20308381655E-01
-3.35859251450E-01
-2.32208750659E-01
-9.74565102794E-02
-8.52662098050E-02
-1.23352662098E-01
-2.24433315762E-01
-3.87783342119E-01
-5.27938850817E-01
-4.88270954138E-01
-2.60542962572E-01
-5.85134422773E-02
-9.88402741170E-03
-1.52543489721E-01
-3.17211386400E-01
-3.94240906695E-01
-4.12888771745E-01
-3.72298365841E-01
-2.63574064312E-01
-1.34290985767E-01
3.30126515551E-02
2.20677385345E-01
3.05877701634E-01
9.19873484449E-02
-1.00224037955E-01
1.42329994729E-02
8.92857142857E-02
-3.02451238798E-02
-1.42264101212E-01
-4.11834475488E-02
5.42962572483E-02
6.14786505008E-02
5.64048497628E-02
-3.04428044280E-02
-1.35806536637E-01
-3.36715867159E-02
1.50500790722E-01
2.58697944122E-01
1.92738534528E-01
1.02793885082E-02
1.97680548234E-04
1.55508697944E-02
-1.42923036373E-01
-3.96217712177E-01
-5.27938850817E-01
-4.71665788086E-01
-3.48313125988E-01
-3.08315761729E-01
-3.40274117027E-01
-2.83408012652E-01
-9.54797047970E-02
1.47930943595E-01
3.21626251977E-01
3.44886663152E-01
3.21230890880E-01
3.37704269900E-01
2.18700579863E-01
8.24986821297E-02
2.76752767528E-02
-1.26515550870E-02
-2.26673695308E-02
-1.03584607275E-01
-2.99288350026E-01
-4.75553505535E-01
-4.80297838693E-01
-4.63560885609E-01
-4.61452293094E-01
-3.85015814444E-01
-2.50263574064E-01
-6.20057986294E-02
1.03386926726E-01
1.48128624143E-01
5.63389562467E-02
-4.42804428044E-02
-2.40511333685E-02
-1.71323141803E-02
-9.79177648919E-02
-1.29085397997E-01
-1.09119662625E-01
-7.46573537164E-02
-5.19240906695E-02
5.49551924091E-02
2.10002635741E-01
2.91710595677E-01
3.59383236690E-01
3.44293621508E-01
2.23115445440E-01
1.51159725883E-01
1.93002108593E-01
2.76489193463E-01
2.50922509225E-01
2.01831839747E-01
2.29507116500E-01
2.85977859779E-01
2.73392198208E-01
2.48286768582E-01
2.06378492356E-01
1.16433842910E-01
1.59462308909E-01
2.25355824987E-01
2.61794939378E-01
2.72140221402E-01
2.50856615709E-01
2.59686346863E-01
2.95334739062E-01
3.14641539273E-01
3.11676331049E-01
3.14773326305E-01
1.99064312072E-01
6.02925672114E-02
1.27833421191E-01
2.13297311545E-01
1.37453874539E-01
-3.44623089088E-02
-4.25672113864E-02
1.31325777543E-01
2.13560885609E-01
1.95769636268E-01
1.13534528202E-01
8.89562467053E-03
-7.33394833948E-02
-1.01673695308E-01
-1.01541908276E-01
-8.83632050606E-02
4.26331049025E-02
1.31259884027E-01
8.53979968371E-02
6.41143911439E-02
1.02991565630E-01
-1.97680548234E-02
-1.45295202952E-01
-9.42936215076E-02
-2.01634159199E-02
-2.26673695308E-02
-5.95677385345E-02
5.74591460200E-02
1.34356879283E-01
7.77543489721E-02
2.14812862414E-02
9.35687928308E-03
5.08039008962E-02
6.65524512388E-02
1.39496573537E-01
1.39628360569E-01
9.21850289931E-02
1.89905113337E-01
1.44570374275E-01
-2.48418555614E-02
-1.33632050606E-01
-1.53004744333E-01
-9.23827095414E-02
-7.84791776489E-02
-1.56167633105E-02
3.34739061676E-02
-3.05086979441E-02
-1.39826041118E-01
-7.68977332630E-02
1.55640484976E-01
2.55205587770E-01
7.54480759093E-02
-2.48879810227E-01
-3.85279388508E-01
-2.84989457037E-01
-1.31918819188E-01
-1.14654717976E-01
-6.70795993674E-02
-2.96520822351E-03
-9.89061676331E-02
3.29467580390E-04
2.85582498682E-01
2.84198734844E-01
5.98313125988E-02
-1.23154981550E-01
1.45624670532E-02
2.43937796521E-01
1.44240906695E-01
2.11254612546E-01
4.04652082235E-01
3.78228782288E-01
2.94741697417E-01
3.60371639431E-01
1.99261992620E-01
-7.85450711650E-02
-1.33763837638E-02
-1.71586715867E-01
-4.79573010016E-01
-3.10556141276E-01
-6.37849235635E-02
-1.47469688983E-01
-1.31589351608E-01
1.59396415393E-01
8.82973115445E-02
-1.42066420664E-01
2.16789667897E-02
4.88270954138E-02
-1.32511860833E-01
-1.70466526094E-01
-2.34646810754E-01
-2.95730100158E-01
-2.98365840801E-01
-3.51014760148E-01
-3.81787032156E-01
-3.97930943595E-01
-2.79124934106E-01
-1.18147074328E-01
-1.73958882446E-01
-2.85121244070E-01
-3.58592514497E-01
-3.38824459673E-01
-2.42158671587E-01
-1.85687928308E-01
-8.51344227728E-02
-7.14285714286E-02
-1.16565629942E-01
-4.90906694781E-02
1.59594095941E-01
2.75369003690E-01
1.88587243015E-01
1.04770690564E-01
9.53479177649E-02
1.21573537164E-01
4.17105956774E-02
-9.28439641539E-02
-6.12809699526E-02
1.12480231945E-01
2.57380073801E-01
2.27925672114E-01
1.98603057459E-01
3.41657880865E-01
4.37598840274E-01
3.77635740643E-01
1.30007907222E-01
-5.02767527675E-02
-8.17079599367E-03
-5.60094886663E-03
-8.31576172905E-02
-1.21309963100E-01
-1.30205587770E-01
-1.10898787559E-01
-3.22878228782E-02
5.47575118608E-02
1.09053769109E-01
2.64891934634E-02
-5.60753821824E-02
-5.60094886663E-02
-8.79019504481E-02
-1.33039008962E-01
-1.42395888245E-01
-1.01212440696E-01
-5.78545071165E-02
1.60121244070E-02
1.56892461782E-01
2.79717975751E-01
2.54744333158E-01
1.77714812862E-01
1.16104375329E-01
1.16236162362E-01
2.46507643648E-01
3.25118608329E-01
2.94412229837E-01
3.16618344755E-01
3.20242488139E-01
1.23682129678E-01
2.43147074328E-02
3.14312071692E-02
-4.32920400633E-02
-1.35081707960E-02
4.67843964154E-03
-7.87427517132E-02
-1.83908803374E-01
-1.42395888245E-01
3.17606747496E-02
4.59936742225E-02
-5.52187664734E-02
-1.60911966263E-01
-2.08684765419E-01
-2.18898260411E-01
-2.33592514497E-01
-2.15142329995E-01
-2.03610964681E-01
-1.43911439114E-01
-2.32604111755E-02
-3.82182393253E-03
-1.26515550870E-02
1.95044807591E-02
2.96520822351E-03
-4.21718502899E-02
-1.06088560886E-02
8.63863995783E-02
1.33763837638E-01
1.38574064312E-01
1.39496573537E-01
1.65919873484E-01
2.23972061149E-01
2.43740115973E-01
1.81404849763E-01
1.14193463363E-01
1.13863995783E-01
1.04968371112E-01
1.75276752768E-02
-4.90906694781E-02
-5.93041644702E-02
-1.42329994729E-02
-1.29151291513E-02
-7.09673168160E-02
-3.49235635213E-02
3.48576700053E-02
8.27622561940E-02
1.14654717976E-01
8.75724828677E-02
6.72772799157E-02
1.20716921455E-01
2.62783342119E-01
3.50158144439E-01
3.47588297312E-01
2.76752767528E-01
1.49314707433E-01
6.27965208224E-02
-4.50052714813E-02
-1.20453347391E-01
-7.64364786505E-02
1.16631523458E-02
3.24855034265E-02
-3.95361096468E-04
-1.00817079599E-02
-6.78044280443E-02
-1.95835529784E-01
-2.23642593569E-01
-1.59857670005E-01
-1.62098049552E-01
-2.88415919873E-01
-4.45176594623E-01
-5.38481813390E-01
-5.22865050079E-01
-4.32986294149E-01
-4.37401159726E-01
-5.15221402214E-01
-5.20624670532E-01
-4.02543489721E-01
-2.49934106484E-01
-1.86017395888E-01
-2.42422245651E-01
-2.95400632578E-01
-3.14048497628E-01
-2.23906167633E-01
-1.49775962045E-01
-1.53400105430E-01
-1.93463363205E-01
-2.43542435424E-01
-2.23115445440E-01
-2.01107011070E-01
-1.62229836584E-01
-4.90247759620E-02
9.48866631523E-02
2.06971534001E-01
2.11649973643E-01
6.51027938851E-02
-9.44913020559E-02
-7.21534001054E-02
3.01792303637E-02
6.94517659462E-02
1.17224565103E-01
1.42923036373E-01
2.00513969425E-01
2.23840274117E-01
2.26476014760E-01
2.21797575119E-01
1.56431207169E-01
7.26805482341E-02
-3.51871375857E-02
-4.18423827095E-02
9.65998945704E-02
2.16723774381E-01
2.87822878229E-01
3.02648919346E-01
2.74578281497E-01
2.48418555614E-01
2.22456510279E-01
2.97443331576E-01
3.94438587243E-01
3.70914602003E-01
3.00606220348E-01
3.05877701634E-01
2.67923036373E-01
2.61136004217E-01
2.29309435952E-01
1.17158671587E-01
7.53162888772E-02
8.28281497101E-02
1.68226146547E-01
2.73392198208E-01
3.33816552451E-01
3.18331576173E-01
2.54744333158E-01
2.01436478651E-01
2.18634686347E-01
1.72970479705E-01
5.44280442804E-02
-4.67843964154E-02
-1.96362677912E-01
-2.43410648392E-01
-6.79362150764E-02
8.45413811281E-02
6.66183447549E-02
-1.58144438587E-02
-7.16262519768E-02
-7.84132841328E-02
-7.84132841328E-02
-6.12150764365E-02
-7.61729045862E-02
-7.60411175540E-02
-4.21718502899E-03
7.74907749077E-02
1.46085925145E-01
1.61966262520E-01
-6.58935160780E-05
-2.10529783869E-01
-2.43344754876E-01
-2.28782287823E-01
-2.24235635213E-01
-2.37348444913E-01
-2.78927253558E-01
-3.08183974697E-01
-3.31114918292E-01
-3.29797047970E-01
-3.29731154454E-01
-2.99090669478E-01
-2.01502372167E-01
-1.52016341592E-01
-1.39232999473E-01
-1.25131787032E-01
-1.26713231418E-01
-6.57617290459E-02
-4.36874011597E-02
-1.04309435952E-01
-1.18410648392E-01
-7.26146547180E-02
2.02952029520E-02
1.41868740116E-01
2.13363205061E-01
1.93595150237E-01
1.11096468108E-01
-3.42646283606E-03
-4.65208223511E-02
3.55824986821E-03
7.70954138113E-02
9.27780706378E-02
-6.91881918819E-03
-9.29098576700E-02
-1.97153400105E-01
-2.76093832367E-01
-1.14457037428E-01
1.02793885082E-02
-6.39167105957E-03
-1.25065893516E-01
-1.38442277280E-01
1.00158144439E-02
2.25355824987E-02
-5.64048497628E-02
-2.35108065366E-01
-2.77016341592E-01
-6.26647337902E-02
1.89443858724E-01
2.58829731154E-01
1.79362150764E-01
1.46876647338E-01
2.54019504481E-01
4.19346336321E-01
4.44781233527E-01
3.26897733263E-01
9.99604638904E-02
-2.41367949394E-01
-6.06088560886E-01
-7.38600421719E-01
-5.81444385872E-01
-2.28914074855E-01
3.55956773853E-01
7.16723774381E-01
7.22917764892E-01
5.57525039536E-01
4.26792303637E-01
3.57011070111E-01
9.73906167633E-02
-2.66605166052E-01
-2.20018450185E-01
1.36267791249E-01
1.92079599367E-01
8.19715340011E-02
-1.05824986821E-01
-1.79098576700E-01
-1.65326831840E-01
-2.63574064312E-04
3.65709014233E-02
-1.31457564576E-01
-1.21639430680E-01
-1.92870321560E-01
-3.30324196099E-01
-2.76225619399E-01
-3.22878228782E-03
1.39694254085E-01
1.16104375329E-01
1.20453347391E-01
3.40669478123E-02
1.01146547180E-01
3.39549288350E-01
4.52424881392E-01
1.81931997891E-01
-3.18002108593E-01
-4.60134422773E-01
-3.22153400105E-01
4.21718502899E-03
2.26937269373E-01
1.60318924618E-01
-2.71481286241E-02
2.39852398524E-02
2.27266736953E-01
3.79678439642E-01
4.51634159199E-01
3.83632050606E-01
2.18371112283E-01
1.18278861360E-01
1.19530838166E-01
9.09330521877E-02
5.17923036373E-02
-9.34370057986E-02
-1.69214549288E-01
-1.61702688455E-01
-1.32050606220E-01
-9.75224037955E-02
-1.61439114391E-02
-1.22561939905E-02
-7.01107011070E-02
-1.05429625725E-03
7.82156035846E-02
1.68423827095E-01
1.99789140749E-01
1.31589351608E-01
-3.45282024249E-02
-1.68621507644E-01
-2.26014760148E-01
-2.65880337375E-01
-3.22548761202E-01
-2.84923563521E-01
-1.01344227728E-01
1.07604111755E-01
1.36531365314E-01
3.16288877174E-02
1.29810226674E-02
-3.26831839747E-02
5.40985767001E-02
2.27596204533E-01
2.44662625198E-01
6.43120716921E-02
-1.45163415920E-01
-2.99683711123E-01
-3.79217185029E-01
-2.75500790722E-01
-1.07999472852E-01
-2.95861887190E-02
-7.51845018450E-02
-6.26647337902E-02
2.10859251450E-02
-6.58935160780E-05
-9.22509225092E-02
-1.14391143911E-01
-6.10832894043E-02
-9.17896678967E-02
-1.36992619926E-01
-1.25988402741E-01
-1.24209277807E-01
-1.17092778071E-01
-3.87453874539E-02
9.83131259884E-02
1.99855034265E-01
2.05587770163E-01
1.34027411703E-01
5.69978914075E-02
3.02451238798E-02
7.45255666842E-02
7.22192936215E-02
6.26647337902E-02
9.99604638904E-02
9.34370057986E-02
3.11676331049E-02
3.46599894570E-02
1.00224037955E-01
1.16104375329E-01
9.81813389562E-02
7.99947285187E-02
9.72588297312E-02
1.78307854507E-01
2.81299420137E-01
2.83671586716E-01
2.56259884027E-01
1.97680548234E-01
4.85635213495E-02
-9.38982604112E-02
-1.53597785978E-01
-8.81655245124E-02
2.78070637849E-02
3.65709014233E-02
-5.98972061149E-02
-1.45624670532E-01
-1.45426989984E-01
-5.69319978914E-02
-3.51212440696E-02
-1.02925672114E-01
-9.94333157617E-02
-3.14312071692E-02
-1.31787032156E-03
-3.80205587770E-02
-1.49380600949E-01
-2.28848181339E-01
-1.23418555614E-01
5.11333684765E-02
2.36557722720E-02
-9.62045334739E-02
-1.89773326305E-01
-1.21903004744E-01
-2.76752767528E-03
-3.44623089088E-02
-1.10964681075E-01
-1.77780706378E-01
-2.03149710069E-01
-2.03742751713E-01
-1.12414338429E-01
1.33104902478E-02
1.13863995783E-01
9.33711122826E-02
-2.20084343701E-02
-1.33961518187E-01
-1.12612018977E-01
-3.99973642594E-02
-1.34159198735E-01
-2.58368476542E-01
-2.67527675277E-01
-1.26779124934E-01
1.11360042172E-01
1.94517659462E-01
7.47232472325E-02
6.93858724302E-02
9.76541908276E-02
1.22957301002E-01
1.71257248287E-01
1.77253558250E-01
1.28953610965E-01
1.21771217712E-01
2.05785450712E-01
2.30034264628E-01
2.02358987876E-01
1.97548761202E-01
1.66447021613E-01
4.21718502899E-02
-3.79546652609E-02
-1.06945176595E-01
-1.55245123880E-01
-1.02530311017E-01
-6.06220347918E-02
-3.62414338429E-02
-2.04269899842E-03
-2.31286241434E-02
-3.87453874539E-02
6.60253031102E-02
2.13297311545E-01
2.41829204006E-01
1.60516605166E-01
7.70954138113E-02
-8.42778070638E-02
-1.62822878229E-01
-8.78360569320E-02
-1.12677912493E-02
1.06088560886E-02
-1.12018977333E-03
-2.65550869794E-02
1.38376383764E-03
1.23220875066E-02
-5.00790722193E-02
-1.56167633105E-02
7.90722192936E-02
8.38824459673E-02
-8.56615709014E-03
1.39035318925E-02
1.11425935688E-01
9.40959409594E-02
2.51054296257E-02
3.09699525567E-02
4.56642066421E-02
-6.83315761729E-02
-1.73431734317E-01
-1.89641539273E-01
-1.62229836584E-01
-1.82459146020E-01
-2.64760147601E-01
-3.27886136004E-01
-2.90129151292E-01
-1.36399578281E-01
-4.94201370585E-03
2.54348972061E-02
-2.92567211386E-02
-2.68845545598E-02
1.17290458619E-02
4.57959936742E-02
7.05060622035E-02
-1.03452820242E-02
-1.28162888772E-01
-1.90432261465E-01
-2.28123352662E-01
-2.47759620453E-01
-2.04335793358E-01
-6.29283078545E-02
4.54665260938E-03
2.68186610438E-02
8.34870848708E-02
7.76225619399E-02
6.35213494992E-02
6.30600948867E-02
5.50210859251E-02
8.51344227728E-02
1.27635740643E-01
6.81338956247E-02
-2.50395361096E-02
6.12809699526E-03
6.71454928835E-02
4.38191881919E-02
7.05060622035E-03
-1.75935687928E-02
-4.90906694781E-02
-7.41302055878E-02
-5.31101739589E-02
-2.50395361096E-02
-2.77411702688E-02
2.27991565630E-02
1.20848708487E-01
1.62954665261E-01
9.08012651555E-02
5.55482340538E-02
6.33895624671E-02
6.26647337902E-02
5.38350026357E-02
6.31918819188E-02
1.09383236690E-01
1.01739588824E-01
1.05495519241E-01
1.14259356879E-01
1.00487612019E-01
8.47390616763E-02
1.19992092778E-01
1.83183974697E-01
2.29441222984E-01
2.04072219294E-01
1.77385345282E-01
1.83842909858E-01
1.53729573010E-01
1.04573010016E-01
8.90880337375E-02
1.00158144439E-01
4.70479704797E-02
-4.08539799684E-02
-7.14285714286E-02
-6.06220347918E-02
-7.10332103321E-02
-4.38850817080E-02
-2.39852398524E-02
-5.23194517659E-02
-2.29309435952E-02
4.13152345809E-02
4.53347390617E-02
1.87796520822E-02
1.10042171850E-02
-1.24538745387E-02
-1.97680548234E-02
1.35740643121E-02
1.22561939905E-02
-6.79362150764E-02
-1.16960991038E-01
-6.31259884027E-02
-1.81866104375E-02
-1.84501845018E-03
1.81207169215E-02
-4.54665260938E-03
-2.07564575646E-02
1.64733790195E-03
1.06747496046E-02
-3.42646283606E-02
-5.93041644702E-02
-1.39694254085E-02
4.20400632578E-02
2.53690036900E-02
-4.54665260938E-03
-1.12018977333E-03
6.91881918819E-03
1.06747496046E-02
1.70664206642E-02
5.86452293094E-02
8.03900896152E-02
3.77569847127E-02
-2.52372166579E-02
-5.24512387981E-02
-5.96336320506E-02
-7.91381128097E-02
-1.16104375329E-01
-1.48985239852E-01
-1.49841855561E-01
-1.43647865050E-01
-1.72904586189E-01
-1.62625197681E-01
-1.30205587770E-01
-7.12308908803E-02
-3.77569847127E-02
-4.36215076436E-02
-7.86768581972E-02
-7.59093305219E-02
2.74117026885E-02
8.08513442277E-02
6.45756457565E-02
4.77069056405E-02
1.72641012124E-02
-2.87295730100E-02
-4.33579335793E-02
-6.53663679494E-02
-5.81839746969E-02
-4.50711649974E-02
-9.00764364787E-02
-1.58605693200E-01
-1.77912493411E-01
-1.35872430153E-01
-1.42198207696E-01
-1.58342119135E-01
-1.49446494465E-01
-1.72904586189E-01
-1.78241960991E-01
-1.53993147074E-01
-1.47140221402E-01
-1.58276225619E-01
-1.63020558777E-01
-1.36004217185E-01
-1.11623616236E-01
-1.07011070111E-01
-9.37664733790E-02
-1.04902477596E-01
-1.29348972061E-01
-1.09515023722E-01
-5.74591460200E-02
6.12809699526E-03
6.25988402741E-02
9.44913020559E-02
1.08460727464E-01
1.21903004744E-01
1.26845018450E-01
1.30337374802E-01
1.43120716921E-01
1.11425935688E-01
6.57617290459E-02
3.36056931998E-02
2.12177121771E-02
4.88929889299E-02
7.83473906168E-02
5.83157617290E-02
4.75751186083E-02
5.45598313126E-02
6.99789140749E-02
1.52148128624E-01
1.48787559304E-01
5.10015814444E-02
6.25329467580E-02
1.23550342646E-01
1.28887717449E-01
1.33039008962E-01
1.36070110701E-01
1.12743806009E-01
1.07867685820E-01
1.26845018450E-01
1.07406431207E-01
4.71797575119E-02
1.41012124407E-02
3.53848181339E-02
2.97838692673E-02
3.82841328413E-02
6.31918819188E-02
2.74117026885E-02
-4.57959936742E-02
-6.73431734317E-02
-1.00817079599E-02
2.56984712704E-02
2.63574064312E-02
3.78228782288E-02
5.75250395361E-02
2.85977859779E-02
1.26515550870E-02
3.43305218766E-02
5.96336320506E-02
4.54665260938E-02
5.00790722193E-03
-1.74617817607E-02
-5.62071692145E-02
-7.10332103321E-02
-8.77701634159E-02
-1.10635213495E-01
-9.36346863469E-02
-9.43595150237E-02
-1.06088560886E-01
-9.51502372167E-02
-8.38824459673E-02
-7.35371639431E-02
-5.19899841856E-02
9.42277279916E-03
3.01792303637E-02
-7.90722192936E-04
-3.29467580390E-03
4.88270954138E-02
5.54164470216E-02
1.02793885082E-02
-3.85477069056E-02
-6.39826041118E-02
-2.15471797575E-02
1.07406431207E-02
-7.38007380074E-03
-1.56167633105E-02
4.28307854507E-03
1.50237216658E-02
3.21560358461E-02
1.55508697944E-02
-2.50395361096E-03
-3.09699525567E-03
-6.58935160780E-04
9.81813389562E-03
-5.66684238271E-03
5.46916183448E-03
3.53848181339E-02
1.49578281497E-02
1.46283605693E-02
4.88929889299E-02
1.64074855034E-02
-3.90089615182E-02
-4.66526093832E-02
-6.65524512388E-03
7.84132841328E-03
4.61254612546E-04
1.18608328940E-02
2.82683183975E-02
5.88429098577E-02
4.81681602530E-02
5.87111228255E-02
6.39167105957E-02
7.55139694254E-02
1.00092250923E-01
8.46072746442E-02
8.50685292567E-02
9.75224037955E-02
9.02082235108E-02
3.20901423300E-02
1.91091196626E-02
5.64048497628E-02
9.56773853453E-02
1.20980495519E-01
1.14127569847E-01
9.96968898260E-02
8.46072746442E-02
7.18239325250E-02
6.50369003690E-02
2.10859251450E-02
-4.46099103848E-02
-8.44754876120E-02
-6.62229836584E-02
-5.48892988930E-02
-6.29283078545E-02
-2.20743278861E-02
-1.51555086979E-03
-1.04770690564E-02
-4.82340537691E-02
-6.76726410121E-02
-3.56483921982E-02
-3.74275171323E-02
-6.22034791776E-02
-6.91222983658E-02
-6.75408539800E-02
-7.03742751713E-02
-6.16763310490E-02
-7.24828676858E-02
-1.23682129678E-01
-1.23748023195E-01
-1.05824986821E-01
-1.12875593042E-01
-1.17619926199E-01
-9.13943068002E-02
-8.94175013179E-02
-1.12150764365E-01
-1.06418028466E-01
-5.79862941487E-02
3.03110173959E-03
2.63574064312E-02
2.14812862414E-02
2.27332630469E-02
4.79045861887E-02
1.33763837638E-02
-4.45440168687E-02
-6.29283078545E-02
-6.33236689510E-02
-5.66025303110E-02
-4.61913547707E-02
-3.45282024249E-02
-2.32604111755E-02
-9.55455983131E-03
1.83842909858E-02
1.70664206642E-02
-2.43806009489E-03
2.73458091724E-02
5.78545071165E-02
5.05403268318E-02
2.63574064312E-02
-6.58935160780E-04
1.08065366368E-02
4.39509752240E-02
6.85951502372E-02
7.29441222984E-02
6.20716921455E-02
5.87770163416E-02
6.99130205588E-02
8.74406958355E-02
7.13626779125E-02
5.82498682130E-02
5.43621507644E-02
8.69794412230E-02
1.27372166579E-01
1.16038481813E-01
8.46072746442E-02
7.28782287823E-02
7.88745387454E-02
6.43779652082E-02
5.98313125988E-02
6.33236689510E-02
5.63389562467E-02
2.39193463363E-02
1.56826568266E-02
5.09356879283E-02
7.12308908803E-02
7.57775434897E-02
4.70479704797E-02
1.51555086979E-02
8.89562467053E-03
-5.27148128624E-04
-8.50026357406E-03
-1.66710595677E-02
-1.48919346336E-02
-2.45782814971E-02
-3.83500263574E-02
-2.27332630469E-02
-1.50237216658E-02
-2.54348972061E-02
-4.96837111228E-02
-6.15445440169E-02
-4.88270954138E-02
-3.16947812335E-02
-1.51555086979E-02
-1.69346336321E-02
-1.92409066948E-02
-1.10701107011E-02
-2.49077490775E-02
-3.42646283606E-02
-3.33421191355E-02
-2.58961518187E-02
-1.52214022140E-02
-1.31128096995E-02
-1.06747496046E-02
-1.49578281497E-02
-2.24037954665E-02
-3.65709014233E-02
-3.70980495519E-02
-3.51212440696E-02
-3.63073273590E-02
-3.55166051661E-02
-4.07880864523E-02
-4.01291512915E-02
-4.10516605166E-02
-3.88112809700E-02
-3.04428044280E-02
-2.03610964681E-02
-1.00158144439E-02
5.20558777016E-03
2.05587770163E-02
2.60938323669E-02
2.00975224038E-02
4.34897206115E-03
5.66684238271E-03
1.82525039536E-02
1.82525039536E-02
1.43647865050E-02
2.02952029520E-02
2.95202952030E-02
2.51713231418E-02
1.90432261465E-02
1.01476014760E-02
6.72113863996E-03
1.48919346336E-02
2.29309435952E-02
2.61597258830E-02
2.09541381128E-02
1.28492356352E-02
6.72113863996E-03
9.15919873484E-03
1.44965735372E-02
1.01476014760E-02
6.58935160780E-03
8.03900896152E-03
6.58935160780E-03
2.04269899842E-03
-1.12018977333E-03
-5.40326831840E-03
-1.01476014760E-02
-8.30258302583E-03
-6.78703215604E-03
-4.87612018977E-03
-2.10859251450E-03
-1.84501845018E-03
-4.54665260938E-03
-4.87612018977E-03
-1.31787032156E-03
3.55824986821E-03
3.69003690037E-03
-1.91091196626E-03
-2.96520822351E-03
-3.62414338429E-03
-3.69003690037E-03
-2.70163415920E-03
-2.63574064312E-03
-3.62414338429E-03
-4.21718502899E-03
-2.17448603057E-03
-1.97680548234E-04
5.93041644702E-04
-5.93041644702E-04
-2.37216657881E-03
-2.70163415920E-03
-2.50395361096E-03
-2.17448603057E-03
-1.77912493411E-03
-2.83342119135E-03
-3.95361096468E-03
-3.62414338429E-03
-2.70163415920E-03
-2.43806009489E-03
-2.50395361096E-03
-2.37216657881E-03
-1.91091196626E-03
-2.04269899842E-03
-2.37216657881E-03
-2.10859251450E-03
-1.77912493411E-03
-1.44965735372E-03
-1.38376383764E-03
-1.64733790195E-03
-1.97680548234E-03
-2.10859251450E-03
-2.30627306273E-03
-2.76752767528E-03
-2.83342119135E-03
-2.89931470743E-03
-3.03110173959E-03
-3.22878228782E-03
-3.49235635213E-03
-3.36056931998E-03
-3.29467580390E-03
-3.29467580390E-03
-3.42646283606E-03
-3.62414338429E-03
-3.62414338429E-03
-3.49235635213E-03
-3.49235635213E-03
-3.49235635213E-03
-3.49235635213E-03
-3.49235635213E-03
-3.36056931998E-03
-3.29467580390E-03
-3.22878228782E-03
-3.16288877174E-03
-3.09699525567E-03
-3.03110173959E-03
-2.96520822351E-03
-2.89931470743E-03
-2.83342119135E-03
-2.70163415920E-03
-2.63574064312E-03
-2.56984712704E-03
-2.43806009489E-03
-2.37216657881E-03
-2.30627306273E-03
-2.17448603057E-03
-2.10859251450E-03
-1.97680548234E-03
-1.84501845018E-03
-1.77912493411E-03
-1.64733790195E-03
-1.58144438587E-03
-1.44965735372E-03
-1.31787032156E-03
-1.18608328940E-03
-1.12018977333E-03
-9.88402741170E-04
-8.56615709014E-04
-7.24828676858E-04
-6.58935160780E-04
