-6.09357107803E-03
-3.39440536561E-03
-5.72550302634E-04
-5.48012432521E-03
-1.12056273515E-02
2.24930476035E-03
9.48797644364E-03
4.53950597088E-03
-1.06330770489E-03
4.21233436938E-03
1.24734173074E-02
4.04874856862E-03
5.52102077540E-03
1.10011451006E-02
7.68853263537E-03
1.63585800752E-04
-8.58825453951E-04
7.64763618518E-03
1.43137575658E-02
4.98936692295E-03
-1.13283167021E-02
-9.56976934402E-03
6.05267462784E-03
6.46163912972E-03
7.19777523311E-03
4.21233436938E-03
-2.78095861279E-03
-4.00785211844E-03
-4.49860952069E-04
7.23867168330E-03
-5.72550302634E-04
-7.97480778668E-03
-2.00392605922E-03
5.27564207427E-03
1.00605267463E-02
1.11647309014E-02
-5.43922787502E-03
-8.46556518894E-03
-4.74398822182E-03
-1.51316865696E-03
6.82970718142E-03
-4.66219532145E-03
-1.49681007689E-02
-1.63585800752E-04
1.34958285621E-02
8.75184034026E-03
-7.23867168330E-03
-1.31277605104E-02
8.87452969082E-03
1.78717487322E-02
4.21233436938E-03
3.35350891543E-03
9.36528709308E-03
-2.16751185997E-03
-9.56976934402E-03
-7.72942908556E-03
2.33109766072E-03
1.66039587764E-02
7.89301488631E-03
-4.25323081956E-03
4.25323081956E-03
4.90757402257E-03
2.29020121053E-03
-8.99721904139E-04
1.36185179126E-02
1.54179617209E-02
-8.58825453951E-03
-6.13446752822E-03
-4.94847047276E-03
1.01014231965E-02
1.14510060527E-02
-5.27564207427E-03
2.24930476035E-03
1.40683788647E-02
1.41501717651E-02
-6.25715687878E-03
-1.12465238017E-02
-7.85211843612E-03
-6.37984622935E-03
-8.71094389007E-03
1.41910682153E-02
1.30050711598E-02
5.60281367577E-03
6.95239653198E-04
-1.33731392115E-02
5.23474562408E-03
2.90364796336E-03
-3.59888761655E-03
-9.11990839195E-03
9.61066579421E-03
1.36594143628E-02
2.81367577294E-02
2.03664321937E-02
-3.55799116637E-03
-3.02633731392E-03
3.06723376411E-03
-9.81514804515E-04
-1.67675445771E-03
1.02241125470E-03
4.45771307051E-03
1.95485031899E-02
1.89350564371E-02
1.03876983478E-02
-7.56584328480E-03
-6.25715687878E-03
-2.00392605922E-03
-1.26778995583E-03
-5.15295272370E-03
-5.52102077540E-03
-1.63994765254E-02
-8.99721904139E-03
9.11990839195E-03
3.61115655161E-02
1.90168493375E-02
-1.93440209390E-02
1.41910682153E-02
3.00588908883E-02
1.94667102895E-02
2.65826926223E-03
-2.53966955668E-02
-3.50482578112E-02
1.08375592999E-02
3.58661868150E-02
2.50286275151E-02
-8.17929003762E-05
-7.02601014232E-02
-6.11401930312E-02
2.78913790283E-02
4.69082283658E-02
1.65221658760E-02
-2.84639293309E-02
-2.15115327990E-02
-8.58825453951E-04
2.02028463929E-02
3.84835596270E-02
3.68068051693E-04
-4.60085064616E-02
-4.38000981515E-02
3.25944707999E-02
3.74202519221E-02
2.94454441354E-03
-1.28414853591E-02
-9.73335514477E-03
3.76247341731E-03
3.44348110584E-02
1.52134794700E-02
-7.97480778668E-02
-1.04490430231E-01
-3.05496482905E-02
5.32471781449E-02
4.02421069851E-02
-1.80353345330E-02
-6.42074267954E-02
-4.81351218714E-02
3.10404056928E-02
7.88483559627E-02
4.19188614428E-02
-1.60723049239E-02
-7.98707672174E-02
-4.96073940782E-02
7.16505807296E-02
6.49435628987E-02
-3.24308849992E-02
-6.96466546704E-02
4.33502371994E-03
5.44740716506E-02
3.61933584165E-02
-2.04482250941E-04
-1.20644528055E-02
-1.41501717651E-02
1.22689350564E-03
8.26108293800E-03
-5.76639947653E-03
-8.50646163913E-03
-3.84426631768E-03
3.07132340913E-02
9.61066579421E-03
-1.69311303779E-02
-9.77425159496E-03
2.66644855227E-02
3.26762637003E-02
-5.35743497464E-03
-9.07901194176E-03
-3.59888761655E-03
3.06314411909E-02
3.23899885490E-02
-1.07966628497E-02
2.00392605922E-02
4.05283821364E-02
8.95632259120E-03
-4.98118763291E-02
-2.80140683789E-02
1.48454114183E-02
8.62915098969E-03
2.71961393751E-02
-2.00392605922E-03
-7.93391133650E-03
-9.52887289383E-03
-1.96302960903E-03
3.13266808441E-02
2.59283494193E-02
-9.89694094553E-03
-2.27793227548E-02
-9.16080484214E-03
4.98936692295E-03
-1.16963847538E-02
1.19008670047E-02
4.96073940782E-02
2.80549648291E-02
2.58465565189E-02
1.40683788647E-02
-2.88728938328E-02
-3.47210862097E-02
-6.05267462784E-03
-1.33322427613E-02
-6.09357107803E-02
-3.14084737445E-02
-6.05267462784E-03
-2.54375920170E-02
-2.87911009324E-02
5.56191722558E-03
1.27187960085E-02
-1.03468018976E-02
-4.85440863733E-02
-7.15687878292E-02
-2.45378701129E-04
5.07115982333E-03
-5.15295272370E-03
-1.09602486504E-02
-3.68068051693E-04
2.00801570424E-02
3.51709471618E-03
-3.91379028300E-02
-4.74807786684E-02
-1.38638966138E-02
1.71765090790E-02
1.47227220677E-03
-4.49860952069E-03
1.86078848356E-02
-1.20235563553E-02
-3.63160477671E-02
-6.05267462784E-03
3.01815802388E-02
8.09749713725E-03
-2.13479469982E-02
1.89759528873E-02
4.25323081956E-02
1.66448552266E-02
-4.16325862915E-02
-1.34958285621E-03
6.82561753640E-02
4.99345656797E-02
4.46998200556E-02
1.50498936692E-02
-3.75429412727E-02
-5.40242106985E-02
2.60510387698E-02
3.59070832652E-02
-1.10011451006E-02
-3.47619826599E-03
1.93849173892E-02
1.65221658760E-02
1.30868640602E-02
2.45787665631E-02
-5.97088172747E-03
-2.69916571242E-02
-3.57434974644E-02
-3.18174382464E-02
7.89301488631E-03
2.88728938328E-02
1.65630623262E-02
-3.03451660396E-02
-2.65826926223E-02
-2.78913790283E-02
-3.68477016195E-02
4.53950597088E-03
1.10420415508E-03
-7.36136103386E-03
1.52543759202E-02
1.66857516768E-02
5.64371012596E-03
-4.02012105349E-02
-3.01815802388E-02
1.52952723704E-02
-5.23474562408E-03
-7.07508588255E-03
1.51725830198E-02
3.54163258629E-02
2.09389824963E-02
2.77686896777E-02
3.69703909701E-02
4.10191395387E-02
5.65188941600E-02
2.76051038770E-02
-2.76868967774E-02
-2.09389824963E-02
1.18190741044E-02
-1.12465238017E-02
-1.87305741862E-02
2.45378701129E-03
-2.91182725339E-02
-7.40634712907E-02
-4.76034680190E-02
-2.29429085555E-02
-2.56829707181E-02
8.30197938819E-03
2.85866186815E-02
2.36381482087E-02
1.32913463111E-02
1.42319646655E-02
-1.79944380828E-03
-2.40880091608E-02
-4.46180271552E-02
-5.96679208245E-02
-3.96695566825E-02
-2.36381482087E-02
1.03059054474E-02
2.60510387698E-02
5.21838704400E-02
3.23899885490E-02
-2.11025682971E-02
-7.85211843612E-03
1.83216096843E-02
1.59087191232E-02
-2.56011778178E-02
-7.74987731065E-02
-1.05103876983E-01
-8.01570423687E-03
7.07917552756E-02
1.89759528873E-02
-5.66006870604E-02
-3.12448879437E-02
2.25339440537E-02
1.18599705546E-02
2.01619499427E-02
-3.18992311467E-03
-1.41092753149E-02
-1.81580238835E-02
-3.58252903648E-02
-5.88499918207E-02
-1.26778995583E-03
5.76639947653E-03
-4.24505152953E-02
-3.83199738263E-02
-2.24521511533E-02
2.74006216260E-02
9.97873384590E-03
-4.73171928677E-02
-4.59267135613E-02
2.65826926223E-03
-2.04482250941E-02
-3.93014886308E-02
-9.36528709308E-03
3.50891542614E-02
7.52903647963E-02
1.91395386880E-02
-6.90332079176E-02
-3.87289383282E-02
8.45738589890E-02
6.67839031572E-02
-4.70309177163E-02
-7.41043677409E-02
-8.17929003762E-04
5.88908882709E-02
1.63585800752E-04
-4.23687223949E-02
-4.44135449043E-02
-3.26353672501E-02
-3.38213643056E-02
2.70325535743E-02
8.89906756094E-02
-2.43742843121E-02
-1.21544249959E-01
-5.48830361525E-02
6.20399149354E-02
1.22771143465E-01
6.79699002127E-02
-4.90757402257E-04
-8.09749713725E-03
5.80729592671E-03
3.75020448225E-02
4.37592017013E-03
3.29625388516E-02
3.30852282022E-02
-1.55406510715E-03
-2.45378701129E-04
-1.43137575658E-02
-1.33731392115E-02
-8.01570423687E-02
5.15295272370E-03
7.01374120726E-02
1.07966628497E-02
-2.54375920170E-02
-9.20579093735E-02
-1.47513495829E-01
-1.01055128415E-01
-2.08571895959E-02
3.54981187633E-02
-1.87714706363E-02
-4.04465892361E-02
2.41289056110E-02
5.98724030754E-02
9.43481105840E-02
1.43955504662E-02
-5.30835923442E-02
-3.91787992802E-02
-2.77277932275E-02
-1.57451333224E-02
4.15507933911E-02
4.19188614428E-02
2.49468346148E-02
4.42499591035E-02
1.37821037134E-02
-4.35138230002E-02
-9.95010633077E-02
-5.39015213479E-02
-3.76247341731E-03
-4.85440863733E-02
-6.54343203010E-04
9.24668738753E-02
9.60248650417E-02
5.31653852446E-03
-3.80745951251E-02
2.19204973008E-02
4.39227875020E-02
2.07345002454E-02
-9.52887289383E-03
-2.74006216260E-02
-3.19810240471E-02
-6.08539178799E-02
1.11238344512E-02
2.76051038770E-02
-5.84410273188E-02
-1.03713397677E-01
-6.24897758875E-02
5.80729592671E-03
-4.69491248160E-02
-6.33894977916E-02
-8.53099950924E-02
-3.35350891543E-02
8.08522820219E-02
1.24488794373E-01
7.52494683461E-02
2.00392605922E-03
-4.01603140847E-02
-4.64174709635E-02
8.50646163913E-03
-5.60281367577E-03
-6.58023883527E-02
-1.33731392115E-02
6.83788647145E-02
2.77277932275E-02
-1.23507279568E-02
7.27956813349E-03
4.97709798789E-02
5.23474562408E-02
1.32095534108E-02
-1.30459676100E-02
-2.98135121871E-02
-3.09586127924E-02
-2.79322754785E-02
-2.60919352200E-02
-1.59496155734E-02
-5.01390479306E-02
-2.91591689841E-02
9.03811549158E-03
-3.68068051693E-03
4.94847047276E-03
-4.17143791919E-03
-2.72370358253E-02
1.81171274333E-02
3.57434974644E-02
-2.17160150499E-02
-5.14477343367E-02
-3.69294945199E-02
-1.23916244070E-02
-5.64371012596E-02
-3.59479797154E-02
-4.89530508752E-02
-2.65008997219E-02
4.95664976280E-02
1.18599705546E-03
-5.88090953705E-02
3.00179944381E-02
1.34835596270E-01
9.63111401930E-02
1.34958285621E-03
-1.80762309832E-02
3.17765417962E-02
3.06314411909E-02
3.54163258629E-02
4.62947816130E-02
-4.70309177163E-03
-1.21053492557E-02
1.88123670865E-03
-3.57434974644E-02
-7.04236872239E-02
-6.03631604777E-02
-4.58040242107E-02
-9.08310158678E-02
-5.14477343367E-02
6.54343203010E-03
-3.55390152135E-02
-3.86880418780E-02
8.83363324063E-03
3.39031572060E-02
4.88712579748E-02
5.25519384917E-02
1.81171274333E-02
-3.53345329625E-02
-6.31441190905E-02
-7.97480778668E-03
8.29380009815E-02
1.37493865532E-01
7.65172583020E-02
-6.70292818583E-02
-1.00605267463E-01
-1.23507279568E-02
2.73188287257E-02
-3.21855062981E-02
-3.18583346965E-02
2.25748405038E-02
1.82807132341E-02
2.63373139212E-02
7.95844920661E-02
1.27228856535E-01
9.99918207100E-02
-3.16538524456E-02
-1.35285457222E-01
-1.28905610993E-01
-7.95026991657E-02
-9.32439064289E-03
1.83216096843E-02
-2.60919352200E-02
5.09160804842E-02
1.43832815312E-01
1.49558318338E-01
2.10616718469E-02
1.34958285621E-03
1.06330770489E-03
-4.01603140847E-02
-3.99149353836E-02
-8.14248323246E-02
-9.81514804515E-02
-1.12506134468E-01
-1.13692131523E-01
-5.25519384917E-02
7.00965156224E-02
8.43284802879E-02
1.95076067397E-02
-4.40863733028E-02
2.04482250941E-02
4.33093407492E-02
6.70292818583E-02
2.73597251759E-02
7.63127760510E-02
1.36021593326E-01
1.33036152462E-01
3.27580566007E-02
-9.62702437428E-02
-7.48405038443E-02
-6.23261900867E-02
-1.27187960085E-02
-4.52723703583E-02
2.59283494193E-02
4.74807786684E-02
-5.68869622117E-02
-7.28774742352E-02
-5.83183379683E-02
-2.18796008506E-02
1.88123670865E-02
-4.90348437756E-02
-8.13430394242E-02
-3.88516276787E-03
5.61508261083E-02
-2.94454441354E-02
3.06723376411E-03
5.86046131196E-02
-4.38818910519E-02
-9.21397022738E-02
-1.33854081466E-01
-4.13463111402E-02
-2.11434647473E-02
-1.10379519058E-01
-1.10870276460E-01
-4.32275478488E-02
-6.05676427286E-02
-1.29968918698E-01
-1.61091117291E-01
-8.22427613283E-02
-2.05709144446E-02
-1.81989203337E-02
6.39211516440E-02
1.45632259120E-01
1.46654670375E-01
1.94707999346E-01
8.53508915426E-02
-6.60068706036E-02
2.92000654343E-02
6.69883854081E-02
1.14919025029E-01
9.97873384590E-02
9.69654833960E-02
1.32545395060E-01
1.81498445935E-01
9.20988058237E-02
2.06936037952E-02
1.09275314903E-01
1.14878128578E-01
-6.78881073123E-03
-9.57385898904E-02
-7.59856044495E-02
-9.45934892851E-02
-1.43219368559E-01
-2.46605594634E-01
-2.09267135613E-01
8.09749713725E-03
2.04727629642E-01
1.74627842303E-01
1.20112874203E-01
1.34017667266E-01
8.60052347456E-02
3.59888761655E-03
-6.55161132014E-02
-4.01194176345E-02
-3.05496482905E-02
2.02437428431E-02
1.49476525438E-01
1.20562735155E-01
1.14510060527E-02
-6.37575658433E-02
-1.52543759202E-01
-6.95239653198E-02
1.03508915426E-01
2.34745624080E-01
2.49550139048E-01
1.39129723540E-01
6.16309504335E-02
2.24112547031E-02
1.39865859643E-02
4.59676100115E-02
7.25503026337E-02
1.03345329625E-01
2.05504662195E-01
2.00515295272E-01
1.20930803206E-01
1.73646327499E-01
2.34009487976E-01
2.34582038279E-01
2.63741207263E-01
3.19810240471E-01
3.34941927041E-01
3.02960902994E-01
2.61778177654E-01
2.28038606249E-01
1.35898903975E-01
-3.50482578112E-02
-1.46572877474E-01
-1.26329134631E-01
-5.13250449861E-02
1.07148699493E-02
4.67855390152E-02
1.11156551611E-01
1.89841321773E-01
2.21004416817E-01
1.85056437101E-01
1.16186814984E-01
4.77670538197E-02
-5.22656633404E-02
-1.51644037298E-01
-1.66898413218E-01
-1.57982987077E-01
-1.13651235073E-01
-5.84819237690E-03
4.44135449043E-02
-3.56617045640E-02
-2.15565188942E-01
-3.21241616228E-01
-3.36373302797E-01
-3.11181089481E-01
-2.51881236709E-01
-2.60510387698E-01
-2.96499263864E-01
-3.26926222804E-01
-3.29666284966E-01
-2.82635367250E-01
-1.85506298053E-01
-5.38606248978E-02
1.78308522820E-02
-4.64174709635E-02
-1.17822672992E-01
-3.88516276787E-02
1.75568460658E-01
4.24505152953E-01
5.71282512678E-01
5.77498773106E-01
3.43243906429E-01
8.95632259120E-02
-2.29020121053E-02
1.10420415508E-02
1.79044658924E-01
3.08236545068E-01
4.54891215443E-01
5.66211352855E-01
5.97865205300E-01
6.08907246851E-01
4.97055455586E-01
3.65696057582E-01
2.04645836741E-01
2.22476689023E-02
-3.59888761655E-03
1.52543759202E-02
-7.52903647963E-02
-2.73883526910E-01
-4.35710780304E-01
-4.84582038279E-01
-4.51087845575E-01
-2.06649762801E-01
6.20399149354E-02
4.49043023066E-02
-1.11483723213E-01
-1.98470472763E-01
-4.01194176345E-02
2.26402748241E-01
3.50932439064E-01
3.76615409782E-01
3.25249468346E-01
2.52699165712E-01
2.24235236381E-01
2.75478488467E-01
4.27367904466E-01
4.90143955505E-01
3.37641092753E-01
3.70930803206E-02
-2.25175854736E-01
-3.67781776542E-01
-4.39186978570E-01
-4.71208899068E-01
-5.02044822509E-01
-5.36765908719E-01
-5.10142319647E-01
-4.64379191886E-01
-4.96278423033E-01
-5.09815148045E-01
-3.99640111238E-01
-3.15434320301E-01
-4.12318010797E-01
-5.73940781940E-01
-6.23834451170E-01
-4.74480615083E-01
-1.38025519385E-01
2.11271061672E-01
3.91379028300E-01
3.28562080811E-01
1.38434483887E-01
2.89955831834E-02
-1.19008670047E-02
-3.85244560772E-02
-8.58825453951E-03
8.82545395060E-02
2.80590544741E-01
3.37927367904E-01
1.86774088009E-01
3.50482578112E-02
-1.07966628497E-01
-1.01423196467E-01
6.28169474890E-02
2.14256502536E-01
2.93759201701E-01
3.60952069360E-01
4.29249141175E-01
3.40708326517E-01
9.55750040896E-02
-5.51284148536E-02
-4.21642401440E-02
-4.64583674137E-02
-9.61066579421E-02
1.54588581711E-02
3.05660068706E-01
4.31293963684E-01
3.44470799935E-01
2.92368722395E-01
2.86029772616E-01
2.69752985441E-01
2.81899231147E-01
1.72583019794E-01
6.11401930312E-02
1.02895468673E-01
1.83584164894E-01
1.61377392442E-01
1.21994110911E-01
1.79330934075E-01
2.82308195649E-01
3.94937019467E-01
4.08882708981E-01
3.86880418780E-01
2.76541796172E-01
1.82684442990E-01
1.59414362833E-01
1.53443481106E-01
9.08719123180E-02
-6.34303942418E-02
-6.05267462784E-02
2.58874529691E-02
8.08522820219E-02
1.52870930803E-01
1.52380173401E-01
-6.54343203010E-04
-2.61859970555E-01
-4.91902502863E-01
-6.30296090299E-01
-7.37976443645E-01
-8.33142483232E-01
-9.08555537379E-01
-9.39882218223E-01
-9.85318174382E-01
-1.00000000000E+00
-9.22460330443E-01
-8.13144119090E-01
-7.39407819401E-01
-6.92867659087E-01
-6.08293800098E-01
-4.88099132995E-01
-3.84794699820E-01
-2.99934565680E-01
-2.07304106004E-01
-1.97693440209E-01
-2.14706363488E-01
-2.37403893342E-01
-2.72247668902E-01
-3.00139047931E-01
-3.03533453296E-01
-2.36954032390E-01
-1.46491084574E-01
-6.38802551938E-02
1.13283167021E-02
8.76819892033E-02
1.77695076067E-01
2.73515458858E-01
3.69867495501E-01
4.59144446262E-01
5.69564861770E-01
6.45468673319E-01
6.91027318829E-01
6.88859806969E-01
5.59790610175E-01
3.63855717324E-01
1.64771797808E-01
1.07966628497E-01
1.18108948143E-01
5.97497137248E-02
3.36168820546E-02
5.29200065434E-02
1.22893832815E-01
2.36463274988E-01
2.90364796336E-01
3.23736299689E-01
3.29175527564E-01
2.46810076885E-01
1.20317356453E-01
2.33109766072E-02
-3.94650744315E-02
-8.73139211516E-02
-1.88778014068E-01
-2.86970390970E-01
-3.18951415017E-01
-3.30443317520E-01
-3.65777850483E-01
-4.59267135613E-01
-5.12146245706E-01
-5.43432030100E-01
-4.94683461476E-01
-4.01398658596E-01
-3.79069196794E-01
-4.02543759202E-01
-4.54932111893E-01
-4.57590381155E-01
-4.34647472599E-01
-4.17716342221E-01
-4.01112383445E-01
-3.48028791101E-01
-2.74047112711E-01
-1.54793063962E-01
-1.81171274333E-02
7.81940127597E-02
1.09438900703E-01
6.93194830689E-02
8.99721904139E-04
-4.87485686242E-02
-4.92802224767E-02
-8.56780631441E-02
-1.23016522166E-01
-1.84606576149E-01
-2.75723867168E-01
-3.48560444953E-01
-3.00875184034E-01
-9.90103059054E-02
4.75625715688E-02
8.70276460003E-02
6.17127433339E-02
3.26762637003E-02
8.54735808932E-03
-4.11827253394E-02
-1.34794699820E-01
-2.64436446916E-01
-2.87256666121E-01
-2.58342875838E-01
-2.86602322918E-01
-3.28562080811E-01
-3.25085882545E-01
-2.84271225258E-01
-3.03942417798E-01
-3.35800752495E-01
-3.62628823818E-01
-3.52118436120E-01
-2.18059872403E-01
-1.75854735809E-02
1.51398658596E-01
2.18836904957E-01
2.73474562408E-01
3.89456895142E-01
4.63029609030E-01
5.23392769508E-01
5.70505480124E-01
5.96474725994E-01
5.73572713888E-01
4.73867168330E-01
3.69499427450E-01
2.86356944217E-01
2.42720431867E-01
1.76590871912E-01
7.30410600360E-02
-3.31261246524E-02
-1.22648454114E-01
-1.79044658924E-01
-2.17732700802E-01
-2.30287911009E-01
-1.97488957958E-01
-1.41583510551E-01
-9.61475543923E-02
-4.38000981515E-02
6.07721249796E-02
1.90741043677E-01
3.04228692949E-01
3.28316702110E-01
2.60183216097E-01
1.50130868641E-01
5.01799443808E-02
-4.67037461148E-02
-8.36332406347E-02
-2.47423523638E-02
6.25715687878E-03
-4.12236217896E-02
-1.10870276460E-01
-1.44364469164E-01
-1.65794209063E-01
-1.75650253558E-01
-1.64158351055E-01
-1.47022738426E-01
-8.42057909373E-02
-1.25961066579E-02
6.21626042859E-02
1.56060853918E-01
2.12416162277E-01
2.43497464420E-01
2.29797153607E-01
2.02764600033E-01
2.10289546867E-01
2.49427449697E-01
2.63782103713E-01
2.56011778178E-01
2.45951251431E-01
1.88491738917E-01
9.38164567316E-02
7.98298707672E-02
1.60232291837E-01
2.09798789465E-01
2.08899067561E-01
1.88000981515E-01
1.70579093735E-01
1.67552756421E-01
1.87305741862E-01
1.95893996401E-01
1.75895632259E-01
1.30050711598E-01
1.13978406674E-01
1.20440045804E-01
1.45305087518E-01
1.95648617700E-01
2.69303124489E-01
3.25085882545E-01
3.11467364633E-01
2.98912154425E-01
3.17806314412E-01
3.00016358580E-01
2.63986585964E-01
2.35195485032E-01
2.10534925568E-01
2.54662195321E-01
3.22918370685E-01
3.27662358907E-01
2.52780958613E-01
1.09847865205E-01
-8.42875838377E-02
-2.42556846066E-01
-3.18215278914E-01
-3.25208571896E-01
-2.48650417144E-01
-1.29069196794E-01
-8.11385571732E-02
-7.95844920661E-02
-6.26533616882E-02
-2.35972517585E-02
-5.27564207427E-03
2.96090299362E-02
9.00948797644E-02
1.32995256012E-01
1.19090462948E-01
5.87273024701E-02
2.10207753967E-02
-1.59905120236E-02
-5.74595125143E-02
-8.78046785539E-02
-7.05463765745E-02
-6.28578439391E-02
-7.13234091281E-02
-3.48437755603E-02
6.31850155407E-02
1.50253557991E-01
1.23670865369E-01
3.06314411909E-02
-1.04490430231E-01
-1.91068215279E-01
-1.26124652380E-01
-3.74611483723E-02
-7.33682316375E-02
-1.46531981024E-01
-1.64976280059E-01
-3.13266808441E-02
2.00801570424E-01
2.89015213479E-01
2.81326680844E-01
2.81735645346E-01
3.18624243416E-01
3.30974971372E-01
2.99975462130E-01
3.16129559954E-01
3.48724030754E-01
3.55676427286E-01
2.92368722395E-01
1.73032880746E-01
7.68444299035E-02
4.65401603141E-02
7.00556191723E-02
9.05447407165E-02
6.10175036807E-02
-1.89759528873E-02
-1.06985113692E-01
-2.01374120726E-01
-2.67667266481E-01
-3.09504335024E-01
-3.06477997710E-01
-2.22026828071E-01
-9.02584655652E-02
5.77866841158E-02
1.66980206118E-01
1.81457549485E-01
1.44855226566E-01
1.00605267463E-01
7.38180925896E-02
1.05022084083E-01
1.80598724031E-01
2.66808441027E-01
2.75069523965E-01
1.46572877474E-01
2.11434647473E-02
-4.38818910519E-02
-8.84999182071E-02
-5.67642728611E-02
2.82185506298E-03
5.12432520857E-02
1.29641747096E-02
-2.42924914117E-02
4.52314739081E-02
1.33526909864E-01
1.88450842467E-01
1.37902830034E-01
2.00392605922E-03
-8.32242761328E-02
-1.13160477671E-01
-6.50253557991E-02
1.46000327172E-02
-1.46000327172E-02
-1.09888761655E-01
-1.98920333715E-01
-2.60469491248E-01
-2.95517749059E-01
-2.79527237036E-01
-2.40716505807E-01
-2.45624079830E-01
-2.74210698511E-01
-2.45910354981E-01
-2.11720922624E-01
-2.14338295436E-01
-2.15115327990E-01
-1.98634058564E-01
-2.03868804188E-01
-2.14092916735E-01
-2.11189268771E-01
-2.39571405202E-01
-3.02674627842E-01
-3.17765417962E-01
-2.58547358089E-01
-1.63340422051E-01
-6.99329298217E-03
7.78259447080E-02
8.01161459185E-02
8.02388352691E-02
7.50449860952E-02
4.33911336496E-02
4.61720922624E-02
1.27351545886E-01
2.37853754294E-01
3.10363160478E-01
3.12571568788E-01
2.66358580075E-01
2.18427940455E-01
2.17691804351E-01
2.37812857844E-01
2.10739407819E-01
1.31359398004E-01
3.32079175528E-02
-2.65826926223E-02
1.09602486504E-02
8.82954359562E-02
1.40561099297E-01
1.20849010306E-01
7.60673973499E-02
5.19384917389E-03
-1.11647309014E-01
-1.85874366105E-01
-2.47423523638E-01
-2.96908228366E-01
-3.05169311304E-01
-2.63577621462E-01
-1.58678226730E-01
-6.50662522493E-02
-1.66039587764E-02
1.34958285621E-03
-1.10011451006E-02
-1.22280386062E-02
-4.73989857680E-02
-9.09128087682E-02
-5.32880745951E-02
-1.03468018976E-02
3.48437755603E-02
7.72533944054E-02
3.87698347783E-02
-3.87698347783E-02
-7.51267789956E-02
-1.06944217242E-01
-1.41787992802E-01
-1.36962211680E-01
-1.14264681826E-01
-2.52331097661E-02
4.66219532145E-03
7.72942908556E-03
4.80124325209E-02
-7.07508588255E-03
-7.24276132832E-02
-6.22035007361E-02
9.56976934402E-03
4.71536070669E-02
-8.22018648781E-03
2.39244233601E-02
1.46981841976E-01
1.36144282676E-01
4.56404384099E-02
-2.93227547849E-02
-9.25077703255E-02
-1.82520857190E-01
-1.82520857190E-01
-1.59046294782E-01
-1.84115818747E-01
-9.79469982006E-02
-2.01210534926E-02
-7.32046458367E-03
3.10404056928E-02
7.48405038443E-03
-8.48192376902E-02
-2.00310813021E-01
-2.00801570424E-01
-1.35776214625E-01
-1.51439555047E-01
-1.66203173565E-01
-1.82602650090E-01
-1.42360543105E-01
-5.52511042042E-02
-4.84622934729E-02
-1.17045640438E-01
-1.73891706200E-01
-1.84115818747E-01
-1.03754294127E-01
-9.18943235727E-02
-1.31154915753E-01
-8.95632259120E-02
-2.68280713234E-02
3.16538524456E-02
1.02036643219E-01
1.31809258956E-01
5.26746278423E-02
-1.22280386062E-02
-8.50646163913E-03
8.77228856535E-02
1.60968427940E-01
1.76100114510E-01
1.85588090954E-01
1.48822182235E-01
7.38589890398E-02
-2.33927695076E-02
-8.50646163913E-02
-5.43922787502E-03
1.38148208735E-01
2.01987567479E-01
1.75732046458E-01
1.42728611157E-01
1.57614919025E-01
1.35694421724E-01
6.82970718142E-02
4.43726484541E-02
1.15982332734E-01
1.56592507770E-01
3.93423850810E-02
-7.47178144937E-02
-5.13250449861E-02
3.39440536561E-02
6.39620480942E-02
4.78897431703E-02
2.78095861279E-02
-3.68068051693E-03
2.81776541796E-02
6.64976280059E-02
7.05463765745E-02
5.18158023884E-02
-1.16554883036E-02
-1.90577457877E-02
1.78717487322E-02
6.85424505153E-02
1.35653525274E-01
1.68411581875E-01
1.56388025519E-01
9.17716342221E-02
2.89137902830E-02
6.10175036807E-02
1.19131359398E-01
1.38843448389E-01
1.13692131523E-01
2.84230328807E-02
-1.15327989531E-02
7.60673973499E-03
3.11630950434E-02
4.36365123507E-02
2.43742843121E-02
-1.86487812858E-02
-9.24259774252E-03
5.62326190087E-02
8.09340749223E-02
7.13234091281E-02
1.25184034026E-01
2.11802715524E-01
2.51963029609E-01
2.42720431867E-01
2.38099132995E-01
2.75887452969E-01
2.74047112711E-01
1.86283330607E-01
9.53296253885E-02
6.69065925078E-02
8.93178472109E-02
1.22525764764E-01
1.08130214297E-01
3.33715033535E-02
3.59888761655E-02
8.83363324063E-02
7.10371339768E-02
2.58874529691E-02
-2.92818583347E-02
-1.13364959921E-01
-2.21576967119E-01
-2.80099787338E-01
-2.92082447244E-01
-2.94331752004E-01
-2.59815148045E-01
-1.97366268608E-01
-1.63872075904E-01
-1.62440700147E-01
-1.70170129233E-01
-1.93644691641E-01
-2.10534925568E-01
-1.87796499264E-01
-1.28210371340E-01
-7.71307050548E-02
-6.17536397841E-02
-5.10796662850E-02
-2.98135121871E-02
-3.26353672501E-02
-4.31457549485E-02
-1.37821037134E-02
2.37199411091E-02
3.48846720105E-02
2.72370358253E-02
2.30247014559E-02
1.02650089972E-02
-2.02028463929E-02
-2.69507606740E-02
3.76247341731E-03
1.92213315884E-02
8.79273679045E-03
-1.34958285621E-03
-1.13283167021E-02
-2.16751185997E-02
-5.27564207427E-02
-7.25503026337E-02
-1.02404711271E-01
-1.56428921970E-01
-1.55242924914E-01
-1.41010960249E-01
-1.52911827253E-01
-1.69761164731E-01
-1.58882708981E-01
-1.03508915426E-01
-7.68035334533E-02
-7.73760837559E-02
-7.21822345820E-02
-6.87060363160E-02
-5.97906101750E-02
-5.57827580566E-02
-7.68444299035E-02
-1.26738099133E-01
-1.67593652871E-01
-1.53157205955E-01
-8.05660068706E-02
-2.51104204155E-02
-3.99967282840E-02
-6.91558972681E-02
-6.01995746769E-02
-2.75642074268E-02
-8.75184034026E-03
-1.61132013741E-02
-3.19810240471E-02
-3.84017667266E-02
-7.30410600360E-02
-1.13242270571E-01
-1.43628333061E-01
-1.59864223785E-01
-1.26124652380E-01
-7.00147227221E-02
-2.71552429249E-02
-2.96499263864E-02
-6.23261900867E-02
-8.03615246197E-02
-9.66792082447E-02
-1.67716342221E-01
-2.50736136103E-01
-2.84107639457E-01
-2.28488467201E-01
-1.54915753313E-01
-7.70489121544E-02
5.99950924260E-02
1.49149353836E-01
1.11238344512E-01
1.70129232783E-02
1.39047930640E-03
3.81563880255E-02
6.40029445444E-02
1.06739734991E-01
1.49640111238E-01
1.84483886799E-01
1.82766235891E-01
1.88778014068E-01
2.37158514641E-01
2.53149026664E-01
2.29838050057E-01
1.98020611811E-01
1.75854735809E-01
1.49190250286E-01
1.22852936365E-01
1.30050711598E-01
1.42973989858E-01
1.55774578767E-01
1.91927040733E-01
2.27915916898E-01
2.51594961557E-01
2.64763618518E-01
2.80958612792E-01
2.62596106658E-01
2.13683952233E-01
1.96998200556E-01
1.80435138230E-01
1.55202028464E-01
1.03876983478E-01
2.29429085555E-02
-2.06118108948E-02
2.45378701129E-04
5.38606248978E-02
8.66595779486E-02
7.59447079993E-02
5.31244887944E-02
4.80533289710E-02
7.16505807296E-02
7.03827907738E-02
4.31457549485E-02
2.63373139212E-02
-2.56829707181E-02
-7.58220186488E-02
-5.95043350237E-02
1.73809913300E-02
5.47603468019E-02
4.24096188451E-02
2.92818583347E-02
8.75184034026E-03
1.21871421561E-02
3.61115655161E-02
3.95877637821E-02
5.23883526910E-02
1.00932439064E-01
1.38802551938E-01
1.07394078194E-01
3.12857843939E-02
-1.77899558318E-02
-5.03026337314E-02
-9.82741698021E-02
-1.16145918534E-01
-1.01096024865E-01
-1.02936365124E-01
-1.41419924751E-01
-1.83216096843E-01
-1.89350564371E-01
-1.88450842467E-01
-1.94421724194E-01
-1.88205463766E-01
-1.54956649763E-01
-1.22403075413E-01
-1.01995746769E-01
-1.16432193686E-01
-1.18763291346E-01
-1.03876983478E-01
-7.79077376084E-02
-3.80745951251E-02
-2.36381482087E-02
-3.17765417962E-02
-9.44707999346E-02
-1.47758874530E-01
-1.50826108294E-01
-1.09316211353E-01
-7.73760837559E-02
-8.15884181253E-02
-7.92164240144E-02
-6.53525274006E-02
-3.43121217078E-02
-2.57647636185E-03
-2.02437428431E-02
-8.63733027973E-02
-9.00539833142E-02
-3.02224766890E-02
3.25126778996E-02
5.70914444626E-02
3.41076394569E-02
3.63978406674E-03
-3.20219204973E-02
-4.36365123507E-02
9.77425159496E-03
8.07704891215E-02
8.01161459185E-02
-1.58269262228E-02
-1.65098969409E-01
-2.74701455914E-01
-2.40798298708E-01
-1.25511205627E-01
-5.07115982333E-02
2.02437428431E-02
1.25347619827E-01
2.41738917062E-01
2.81163095043E-01
1.52134794700E-01
-4.46180271552E-02
-1.45795844921E-01
-6.05676427286E-02
8.90315720595E-02
1.49681007689E-01
1.52093898250E-01
4.43726484541E-02
-9.30394241780E-02
-2.03582529036E-01
-2.81203991494E-01
-1.80312448879E-01
-5.27155242925E-02
1.28414853591E-02
8.06886962212E-02
1.11238344512E-01
-3.35350891543E-03
-7.65581547522E-02
-9.11990839195E-03
-5.35334532963E-02
-1.24938655325E-01
-1.34753803370E-01
-9.93374775070E-02
5.36152461966E-02
1.67798135122E-01
1.08375592999E-01
-1.23098315066E-02
-4.09373466383E-02
4.76852609194E-02
1.26124652380E-01
1.58882708981E-01
1.82030099787E-01
1.86610502208E-01
1.33036152462E-01
5.95861279241E-02
-3.51709471618E-03
-4.99345656797E-02
-3.19401275969E-02
2.02437428431E-02
9.48388679863E-02
1.62358907247E-01
1.94217241943E-01
1.93358416489E-01
1.12342548667E-01
9.03811549158E-03
-4.25732046458E-02
-1.38230001636E-02
7.79077376084E-02
1.51562244397E-01
1.77531490267E-01
1.61254703092E-01
1.12833306069E-01
2.65008997219E-02
-2.64600032717E-02
-1.47636185179E-02
4.38000981515E-02
5.89726811713E-02
2.60510387698E-02
2.04073286439E-02
2.38426304597E-02
3.90561099297E-02
5.36561426468E-02
1.05921805987E-02
-8.10158678227E-02
-1.28782921642E-01
-8.96450188124E-02
-3.11221985932E-02
-3.96695566825E-03
5.11205627352E-03
-7.48405038443E-03
-1.00196302961E-02
-1.79535416326E-02
-4.40045804024E-02
-6.01177817765E-02
-9.20170129233E-02
-1.26819892033E-01
-1.64362833306E-01
-2.25462129887E-01
-2.77809586128E-01
-2.73106494356E-01
-2.43252085719E-01
-2.04891215443E-01
-1.37371176182E-01
-7.54130541469E-02
-3.87289383282E-02
-1.46818256175E-02
-2.37199411091E-03
-1.74627842303E-02
-5.21020775397E-02
-8.03615246197E-02
-8.15884181253E-02
-5.09569769344E-02
-3.83608702765E-02
-7.36545067888E-02
-1.01259610666E-01
-8.93178472109E-02
-5.68869622117E-02
-4.17961720923E-02
-2.18796008506E-02
1.03059054474E-02
2.49059381646E-02
2.02437428431E-02
1.70129232783E-02
2.81776541796E-02
3.37804678554E-02
3.33306069033E-02
2.71552429249E-02
3.11630950434E-02
4.42090626534E-02
4.80942254212E-02
8.31424832325E-02
1.16350400785E-01
9.91738917062E-02
5.53328971045E-02
-1.03059054474E-02
-3.66841158187E-02
2.19613937510E-02
1.01668575168E-01
1.41092753149E-01
1.21012596107E-01
7.29183706854E-02
5.34925568461E-02
5.68460657615E-02
4.47816129560E-02
3.56208081139E-02
5.97906101750E-02
1.16145918534E-01
1.56224439719E-01
1.74750531654E-01
1.26042859480E-01
1.74627842303E-02
-7.72942908556E-03
3.50073613610E-02
8.08931784721E-02
1.16186814984E-01
1.68575167675E-01
2.31514804515E-01
2.67626370031E-01
2.84761982660E-01
2.68894159987E-01
2.05545558646E-01
1.02895468673E-01
1.27596924587E-02
1.17372812040E-02
6.06494356290E-02
1.03304433175E-01
9.74562407983E-02
2.60510387698E-02
-6.55161132014E-02
-1.34140356617E-01
-1.64321936856E-01
-1.46163912972E-01
-1.19663013250E-01
-7.05872730247E-02
-1.16145918534E-02
4.45771307051E-03
7.32046458367E-03
5.56191722558E-03
-2.92000654343E-02
-8.66595779486E-02
-7.99525601178E-02
-2.98953050875E-02
-2.09389824963E-02
-6.44119090463E-02
-1.04858498282E-01
-1.28946507443E-01
-1.37534761983E-01
-9.91738917062E-02
-6.76018321610E-02
-7.02192049730E-02
-5.28382136431E-02
-2.21658760020E-02
-1.68493374775E-02
-3.14084737445E-02
-4.09782430885E-02
-3.41076394569E-02
-9.65156224440E-03
-2.94454441354E-02
-8.47783412400E-02
-1.18926877147E-01
-1.08252903648E-01
-6.00359888762E-02
-4.13872075904E-02
-2.53149026664E-02
-1.75854735809E-02
-4.22869294945E-02
-7.61491902503E-02
-7.01783085228E-02
-2.39653198102E-02
2.16751185997E-02
2.24930476035E-02
1.88123670865E-03
7.52494683461E-03
-3.09177163422E-02
-8.97268117127E-02
-8.17111074759E-02
-2.76460003272E-02
-3.56617045640E-02
-4.37592017013E-02
-1.92213315884E-03
2.04482250941E-04
-4.03647963357E-02
-4.98527727793E-02
-1.04285947980E-02
2.89546867332E-02
5.48830361525E-02
5.70914444626E-02
4.45362342549E-02
3.79519057746E-02
4.93211189269E-02
4.95664976280E-02
4.27367904466E-02
4.87485686242E-02
3.68885980697E-02
3.72157696712E-03
-4.60085064616E-02
-9.87649272043E-02
-1.38311794536E-01
-1.63544904302E-01
-1.49312939637E-01
-1.17699983641E-01
-8.59234418452E-02
-7.09553410764E-02
-5.71732373630E-02
-4.42090626534E-02
-6.31850155407E-02
-6.33077048912E-02
-7.44724357926E-02
-9.47570750859E-02
-1.01055128415E-01
-8.96041223622E-02
-5.99541959758E-02
-1.42728611157E-02
5.03026337314E-03
1.02241125470E-03
3.68068051693E-04
-1.42319646655E-02
-2.65417961721E-02
-1.90577457877E-02
2.21658760020E-02
6.20399149354E-02
7.05872730247E-02
4.48225094062E-02
1.86078848356E-02
1.22280386062E-02
2.60101423196E-02
4.39636839522E-02
5.11205627352E-02
6.57205954523E-02
8.39604122362E-02
9.40209389825E-02
1.08457385899E-01
1.07148699493E-01
1.09111729102E-01
1.12301652217E-01
1.03140847374E-01
1.10870276460E-01
1.30132504499E-01
1.51725830198E-01
1.71356126288E-01
1.87428431212E-01
1.90618354327E-01
1.62277114346E-01
1.05390152135E-01
6.69883854081E-02
7.17732700802E-02
7.40225748405E-02
7.18141665303E-02
8.63324063471E-02
8.60870276460E-02
6.56796990021E-02
4.39636839522E-02
3.52527400622E-02
2.99362015377E-02
2.47014559136E-02
4.43317520039E-02
6.53116309504E-02
5.36561426468E-02
5.05071159823E-02
5.33698674955E-02
1.63176836251E-02
-2.76460003272E-02
-2.76051038770E-02
-4.82578112220E-03
7.27956813349E-03
1.92213315884E-03
-1.75445771307E-02
-4.88712579748E-02
-7.51267789956E-02
-6.48208735482E-02
-6.44119090463E-02
-7.96253885163E-02
-8.16293145755E-02
-7.44315393424E-02
-7.09144446262E-02
-6.86651398659E-02
-5.25110420416E-02
-4.75625715688E-02
-3.93423850810E-02
-1.59087191232E-02
5.60281367577E-03
-6.01177817765E-03
-3.03451660396E-02
-1.37003108130E-02
-6.50253557991E-03
-1.03059054474E-02
-1.11647309014E-02
-9.81514804515E-03
-2.39653198102E-02
-5.28791100932E-02
-5.22247668902E-02
-5.35743497464E-02
-8.33469654834E-02
-9.85195485032E-02
-8.66186814984E-02
-8.50237199411E-02
-9.46343857353E-02
-1.07026010142E-01
-1.11565516113E-01
-9.56567969900E-02
-6.03631604777E-02
-2.84230328807E-02
-2.20840831016E-02
-2.59692458695E-02
-2.30247014559E-02
-6.54343203010E-03
2.33518730574E-02
3.12039914935E-02
1.68493374775E-02
2.30655979061E-02
4.19188614428E-02
6.18354326844E-02
7.86438737118E-02
7.80304269589E-02
7.41861606413E-02
6.72337641093E-02
5.00572550303E-02
2.04891215443E-02
1.82398167839E-02
2.70734500245E-02
1.88941599869E-02
4.08964501881E-04
-1.75036806805E-02
-2.02437428431E-02
-4.02830034353E-02
-6.97284475708E-02
-8.78046785539E-02
-6.80516931130E-02
-2.33927695076E-02
1.42728611157E-02
4.20415507934E-02
5.21838704400E-02
4.85440863733E-02
6.14264681826E-02
8.89906756094E-02
1.08907246851E-01
1.03999672828E-01
7.76214624571E-02
5.63553083592E-02
4.25323081956E-02
4.48225094062E-02
3.65614264682E-02
1.90168493375E-02
1.18190741044E-02
8.58825453951E-03
9.85604449534E-03
1.91395386880E-02
3.84835596270E-02
4.73989857680E-02
2.44969736627E-02
1.55815475217E-02
1.92213315884E-02
1.09193522002E-02
1.81171274333E-02
2.45378701129E-02
4.47407165058E-02
5.18975952887E-02
2.70325535743E-02
1.80353345330E-02
2.59283494193E-02
1.84442990348E-02
1.59496155734E-03
6.58432848029E-03
2.08980860461E-02
3.03042695894E-02
2.71143464747E-02
-7.27956813349E-03
-4.19597578930E-02
-5.34925568461E-02
-5.92180598724E-02
-6.39620480942E-02
-5.86455095698E-02
-3.96286602323E-02
-2.43742843121E-02
-1.71356126288E-02
6.29805332897E-03
3.12857843939E-02
2.25748405038E-02
-4.08964501881E-04
-2.21658760020E-02
-2.53966955668E-02
-3.40258465565E-02
-5.43104858498E-02
-5.02617372812E-02
-3.34532962539E-02
-3.37395714052E-02
-5.73777196139E-02
-7.32864387371E-02
-6.52707345002E-02
-3.70112874203E-02
-3.63978406674E-03
1.55815475217E-02
2.30247014559E-02
2.04482250941E-02
5.03026337314E-03
-8.17929003762E-05
3.92605921806E-03
-2.29020121053E-03
-2.24930476035E-03
-5.68460657615E-03
-7.52494683461E-03
-1.02241125470E-02
-1.61540978243E-02
2.00392605922E-03
-6.62522493048E-03
-4.02012105349E-02
-5.39833142483E-02
-4.73171928677E-02
-2.51513168657E-02
-2.77686896777E-02
-3.73384590218E-02
-3.70112874203E-02
-2.82185506298E-02
-2.21249795518E-02
-2.50286275151E-02
-1.89350564371E-02
-2.66644855227E-02
-3.29216424014E-02
-3.23081956486E-02
-2.70325535743E-02
-1.75445771307E-02
-1.84034025847E-02
-1.54588581711E-02
-1.45182398168E-02
-1.48454114183E-02
5.27564207427E-03
3.06723376411E-02
4.75216751186E-02
5.81138557173E-02
6.59250777033E-02
6.31441190905E-02
6.20808113856E-02
6.91558972681E-02
5.82365450679E-02
5.38197284476E-02
5.34516603959E-02
6.01177817765E-02
6.71928676591E-02
6.35939800425E-02
7.19777523311E-02
7.43497464420E-02
8.48601341404E-02
9.62293472927E-02
9.00539833142E-02
6.75200392606E-02
5.78684770162E-02
6.78881073123E-02
6.03631604777E-02
5.36152461966E-02
5.00163585801E-02
4.86258792737E-02
4.90757402257E-02
3.53754294127E-02
1.70538197284E-02
6.17536397841E-03
7.11598233273E-03
9.24259774252E-03
1.74627842303E-02
3.27580566007E-02
3.05905447407E-02
1.30459676100E-02
-1.07966628497E-02
-3.34532962539E-02
-3.88107312285E-02
-1.68493374775E-02
1.54997546213E-02
1.55815475217E-02
-9.44707999346E-03
-3.09586127924E-02
-4.00785211844E-02
-4.08555537379E-02
-4.02012105349E-02
-4.67446425650E-02
-5.99132995256E-02
-5.71323409128E-02
-4.60902993620E-02
-5.03844266318E-02
-6.33894977916E-02
-6.55570096516E-02
-6.89923114674E-02
-7.42679535416E-02
-6.54752167512E-02
-4.52723703583E-02
-2.53149026664E-02
-3.34941927041E-02
-5.88499918207E-02
-6.32259119908E-02
-4.39227875020E-02
-2.67462784230E-02
-1.39865859643E-02
8.67004743988E-03
2.50695239653E-02
2.39244233601E-02
-1.18599705546E-03
-2.56011778178E-02
-2.73597251759E-02
-2.35154588582E-02
-1.72991984296E-02
-1.23507279568E-02
-1.51725830198E-02
-1.49272043187E-02
-1.50498936692E-02
-1.43137575658E-02
-7.15687878292E-03
2.41289056110E-03
1.47636185179E-02
1.48863078685E-02
-1.17781776542E-02
-3.78701128742E-02
-4.16325862915E-02
-3.27171601505E-02
-4.08964501881E-03
1.50089972190E-02
1.34958285621E-03
-2.01210534926E-02
-3.28807459513E-02
-3.31261246524E-02
-3.80745951251E-02
-5.42695893996E-02
-5.72550302634E-02
-3.07132340913E-02
-1.88123670865E-03
1.67675445771E-03
2.53557991166E-03
8.34287583838E-03
3.18992311467E-03
-4.94847047276E-03
-6.42074267954E-03
-6.29805332897E-03
5.31653852446E-04
1.59905120236E-02
2.73188287257E-02
3.23490920988E-02
3.98331424832E-02
3.80336986750E-02
2.26975298544E-02
1.26778995583E-02
1.05512841485E-02
1.40683788647E-02
1.99983641420E-02
2.47832488140E-02
2.77277932275E-02
2.40062162604E-02
2.17978079503E-02
2.35972517585E-02
2.95681334860E-02
3.22264027482E-02
2.58056600687E-02
1.83216096843E-02
1.72583019794E-02
1.86487812858E-02
1.77490593816E-02
1.76672664813E-02
1.95076067397E-02
2.13070505480E-02
1.18190741044E-02
4.08964501881E-05
-1.01832160968E-02
-1.28414853591E-02
-8.79273679045E-03
-1.37412072632E-02
-2.34336659578E-02
-3.13266808441E-02
-3.16129559954E-02
-2.86275151317E-02
-3.10404056928E-02
-3.57026010142E-02
-3.67659087191E-02
-3.21037133977E-02
-3.03042695894E-02
-3.24308849992E-02
-2.70734500245E-02
-2.30655979061E-02
-2.11843611974E-02
-2.63782103713E-02
-3.05087518403E-02
-2.81367577294E-02
-2.68280713234E-02
-2.40880091608E-02
-2.36381482087E-02
-2.20431866514E-02
-2.08162931458E-02
-2.33518730574E-02
-2.29020121053E-02
-2.09798789465E-02
-1.87305741862E-02
-1.40274824145E-02
-1.15327989531E-02
-8.71094389007E-03
-6.74791428104E-03
-6.17536397841E-03
-5.56191722558E-03
-3.27171601505E-03
-1.84034025847E-03
-3.84426631768E-03
-7.19777523311E-03
-7.11598233273E-03
-4.78488467201E-03
-4.41681662032E-03
-4.45771307051E-03
-1.26778995583E-03
3.23081956486E-03
4.58040242107E-03
4.25323081956E-03
3.31261246524E-03
3.55799116637E-03
5.27564207427E-03
6.05267462784E-03
6.78881073123E-03
8.87452969082E-03
1.03468018976E-02
1.00196302961E-02
8.17929003762E-03
6.74791428104E-03
7.89301488631E-03
8.95632259120E-03
8.42466873875E-03
8.83363324063E-03
9.85604449534E-03
1.08784557500E-02
1.15736954032E-02
1.23507279568E-02
1.23098315066E-02
1.19417634549E-02
1.10011451006E-02
1.02650089972E-02
1.04694912482E-02
9.81514804515E-03
9.32439064289E-03
9.11990839195E-03
8.83363324063E-03
8.91542614101E-03
8.71094389007E-03
8.17929003762E-03
7.56584328480E-03
7.11598233273E-03
6.91150008179E-03
6.91150008179E-03
6.66612138066E-03
6.25715687878E-03
6.05267462784E-03
5.92998527728E-03
5.80729592671E-03
5.43922787502E-03
4.94847047276E-03
4.53950597088E-03
4.21233436938E-03
3.96695566825E-03
3.72157696712E-03
3.63978406674E-03
3.63978406674E-03
3.68068051693E-03
3.68068051693E-03
3.72157696712E-03
3.72157696712E-03
3.68068051693E-03
3.55799116637E-03
3.39440536561E-03
3.35350891543E-03
3.35350891543E-03
3.31261246524E-03
3.23081956486E-03
3.18992311467E-03
3.18992311467E-03
3.18992311467E-03
3.23081956486E-03
3.23081956486E-03
3.23081956486E-03
3.23081956486E-03
3.18992311467E-03
3.14902666449E-03
3.14902666449E-03
3.10813021430E-03
3.06723376411E-03
2.98544086373E-03
2.94454441354E-03
2.90364796336E-03
2.82185506298E-03
2.74006216260E-03
2.65826926223E-03
2.57647636185E-03
2.45378701129E-03
2.37199411091E-03
2.24930476035E-03
2.12661540978E-03
2.00392605922E-03
1.88123670865E-03
1.75854735809E-03
1.63585800752E-03
1.51316865696E-03
1.39047930640E-03
1.26778995583E-03
1.10420415508E-03
9.81514804515E-04
8.17929003762E-04
6.95239653198E-04
