3.20662313433E-03
1.05721393035E-02
1.40508395522E-02
6.60758706468E-03
1.26321517413E-03
5.13059701493E-03
1.95895522388E-02
1.93369092040E-02
-6.08286691542E-03
-1.26904539801E-02
7.05457089552E-03
1.64800995025E-02
1.03194962687E-02
-6.47154850746E-03
-1.84623756219E-03
9.63930348259E-03
-6.39381218905E-03
-3.88681592040E-03
-1.48670708955E-02
-7.32664800995E-03
5.53871268657E-03
7.52098880597E-03
1.04555348259E-02
-6.76305970149E-03
2.60999689055E-02
3.02394278607E-02
-1.65189676617E-02
-1.11162935323E-02
6.52985074627E-03
-7.38495024876E-03
-5.30550373134E-03
-2.54586442786E-03
1.68493470149E-02
1.38370646766E-02
-7.19060945274E-04
-9.95024875622E-03
-3.59919154229E-02
8.74533582090E-03
2.87235696517E-02
8.74533582090E-04
3.45926616915E-03
6.80192786070E-03
1.25738495025E-02
1.36038557214E-03
-3.78964552239E-03
-1.09608208955E-02
-9.60043532338E-03
-1.99004975124E-02
-1.82874689055E-02
-8.14287935323E-03
2.92482898010E-02
2.22325870647E-02
-1.73740671642E-02
-5.81078980100E-03
-2.04057835821E-02
-1.46921641791E-02
2.11831467662E-02
3.03949004975E-02
-3.94511815920E-03
-1.08830845771E-03
2.24657960199E-02
3.84794776119E-03
1.62080223881E-02
1.97450248756E-02
7.69589552239E-03
-2.15135261194E-02
-1.84623756219E-02
-5.17918221393E-02
-3.67887126866E-02
1.37787624378E-02
2.04057835821E-03
4.31047885572E-02
-1.19325248756E-02
-5.24720149254E-02
3.00450870647E-02
1.03000621891E-02
-2.46618470149E-02
-1.91231343284E-02
-2.51865671642E-02
2.52060012438E-02
4.22691231343E-02
4.02674129353E-02
-4.29881840796E-02
-5.71750621891E-02
5.83022388060E-04
-5.73305348259E-03
1.86567164179E-02
-7.69589552239E-03
-9.13401741294E-04
-1.78793532338E-02
-8.66759950249E-03
2.87624378109E-03
-7.55985696517E-03
4.59421641791E-02
2.77324315920E-02
2.33208955224E-02
-4.05589241294E-02
-1.04011194030E-01
2.38844838308E-02
1.07723103234E-01
6.36466106965E-02
1.33317786070E-02
-1.62080223881E-02
-6.58037935323E-02
-8.74533582090E-02
-1.85206778607E-02
7.48795087065E-02
2.20188121891E-02
-8.00878420398E-02
1.69465174129E-02
5.89824315920E-02
-1.47504664179E-02
-4.20942164179E-02
-4.17055348259E-02
-5.00427549751E-02
-4.08115671642E-03
2.92094216418E-02
1.70436878109E-02
8.39552238806E-03
-8.12344527363E-02
-9.71898320896E-02
-4.25606343284E-03
7.04679726368E-02
6.03428171642E-02
-7.23142101990E-02
-6.84273942786E-02
1.30013992537E-02
-8.55099502488E-03
6.02456467662E-04
-1.62857587065E-02
4.44263059701E-02
6.69115360697E-02
4.01119402985E-02
1.35844216418E-02
-4.60393345771E-02
3.19496268657E-02
4.37655472637E-02
3.73134328358E-02
-4.12196828358E-02
-1.14797108209E-01
-3.01228233831E-03
9.38666044776E-03
-8.06125621891E-02
-4.70304726368E-02
5.79135572139E-03
5.53871268657E-03
1.40897077114E-02
5.04703047264E-02
-3.39902052239E-02
-8.62290111940E-02
4.85851990050E-03
6.75722947761E-02
3.69441853234E-02
-5.86131840796E-02
-8.99409203980E-02
2.32820273632E-02
9.55962375622E-02
4.45040422886E-03
7.03513681592E-03
-4.42902674129E-02
-1.00998911692E-01
1.52168843284E-02
1.89287935323E-02
-1.21268656716E-02
-1.69076492537E-02
9.77534203980E-03
8.83667599502E-02
4.26966728856E-02
3.88292910448E-02
-7.84942475124E-02
-5.44931592040E-02
4.37072450249E-02
-2.25046641791E-02
-2.93648942786E-02
-5.01010572139E-02
-6.42879353234E-02
-3.41262437811E-02
8.32361629353E-02
8.08457711443E-03
-8.70841106965E-02
-6.11590485075E-02
-2.94814987562E-02
2.19993781095E-02
3.13471703980E-02
3.70607898010E-02
4.51064987562E-02
2.46035447761E-02
2.74603544776E-02
-5.88852611940E-03
-3.98398631841E-02
-6.25777363184E-03
3.35820895522E-02
3.98009950249E-02
7.52098880597E-03
-3.05698072139E-02
-1.09219527363E-02
-1.65189676617E-02
-7.83193407960E-03
3.68275808458E-02
5.52705223881E-02
-2.58473258706E-03
-8.37608830846E-03
7.94853855721E-03
2.97535758706E-02
-2.42731654229E-02
-3.84989116915E-02
6.31607587065E-02
7.74253731343E-02
-2.45063743781E-02
-9.24867848259E-02
-4.68166977612E-02
3.06086753731E-02
2.95592350746E-02
7.24891169154E-03
4.66417910448E-04
-6.68143656716E-02
-5.92739427861E-03
8.54322139303E-02
7.11870335821E-02
3.77992848259E-02
7.12647699005E-02
3.07641480100E-02
-1.76072761194E-02
-4.89155783582E-02
-4.69527363184E-02
2.12803171642E-02
1.44200870647E-02
7.09538246269E-02
7.28389303483E-02
-2.03863495025E-02
-3.43205845771E-02
-2.31265547264E-03
3.39513370647E-02
1.33512126866E-02
-1.00862873134E-02
-2.75769589552E-02
-1.77627487562E-02
-2.02114427861E-03
-1.60331156716E-02
3.52145522388E-02
6.68532338308E-02
7.81055659204E-02
5.39101368159E-02
3.85183457711E-02
1.89676616915E-02
-2.08722014925E-02
-4.28715796020E-02
1.55666977612E-02
5.56203358209E-02
7.91550062189E-02
1.00571361940E-01
7.21587375622E-02
2.43897699005E-02
-2.11637126866E-02
-7.77168843284E-02
-3.04143345771E-02
6.42685012438E-02
6.48320895522E-02
6.47154850746E-03
4.72442475124E-02
7.06040111940E-02
-3.09779228856E-02
-6.30635883085E-02
-1.67133084577E-02
-3.00839552239E-02
-4.98095460199E-02
-2.49339241294E-02
3.15026430348E-02
6.45405783582E-02
7.61232898010E-02
6.19364116915E-02
5.01399253731E-03
-9.63541666667E-02
-1.76850124378E-01
-1.58795864428E-01
-5.46680659204E-02
8.79003420398E-02
4.58449937811E-02
1.59942475124E-02
2.96564054726E-02
5.13254042289E-02
2.45841106965E-02
-2.13425062189E-01
-3.02452580846E-01
-9.03296019900E-02
9.44496268657E-02
1.75975590796E-01
1.70864427861E-01
-1.57396610697E-01
-4.80585354478E-01
-5.50586909204E-01
-3.93073694030E-01
-2.94989894279E-01
-2.71649564677E-01
-1.40411225124E-01
-4.25800684080E-02
4.18415733831E-02
3.35762593284E-01
3.82054570896E-01
1.72477456468E-01
6.01290422886E-02
-3.86738184080E-02
8.76282649254E-02
2.67160292289E-01
4.79535914179E-01
5.93808302239E-01
3.82870802239E-01
6.77472014925E-02
-9.50132151741E-02
-2.14085820896E-01
-6.64528917910E-01
-8.52067786070E-01
-7.96175373134E-01
-6.93699471393E-01
-2.49786225124E-01
-6.59203980100E-02
-2.92288557214E-02
1.24242070896E-01
3.29407649254E-01
5.60770366915E-01
6.22998289801E-01
6.17304104478E-01
6.00474191542E-01
3.76379819652E-01
-7.07594838308E-02
-4.92206934080E-01
-7.85583799751E-01
-7.14552238806E-01
-1.18411847015E-01
4.09029073383E-01
3.96202580846E-01
3.20020988806E-01
8.86777052239E-02
-1.55394900498E-01
1.30597014925E-01
2.54139458955E-01
1.63032493781E-01
1.83671486318E-01
2.87196828358E-01
2.27903451493E-01
3.43847170398E-01
3.84658737562E-01
3.27716884328E-01
1.71408582090E-01
-1.71428016169E-01
-4.99397543532E-01
-7.26990049751E-01
-5.34417754975E-01
-1.50031094527E-01
1.70339707711E-01
8.04765236318E-02
9.41386815920E-02
2.15251865672E-01
-2.02697450249E-02
8.29835199005E-02
1.69873289801E-01
2.00754042289E-02
-1.17342972637E-01
2.42498445274E-01
3.05134483831E-01
4.17832711443E-03
1.58387748756E-02
-1.89929259950E-01
-2.95806125622E-01
-2.16670553483E-01
-1.68648942786E-01
6.44822761194E-02
1.22201492537E-01
8.60929726368E-02
8.15842661692E-02
-2.75769589552E-02
9.03296019900E-02
-1.74129353234E-02
-9.67039800995E-02
3.26881218905E-02
2.77907338308E-02
5.05674751244E-02
7.31110074627E-02
8.51795708955E-02
4.83131218905E-02
7.67257462687E-02
2.77149409204E-01
3.03521455224E-01
1.35747046020E-01
1.02145522388E-01
-5.85548818408E-02
-2.41312966418E-01
-1.67871579602E-01
1.05080068408E-01
1.51352611940E-01
5.28606965174E-02
2.00073849502E-01
1.40566697761E-01
-8.28863495025E-02
-4.70304726368E-03
-4.45234763682E-02
-2.66674440299E-01
-2.38961442786E-01
-5.06257773632E-02
3.95289179104E-02
1.03136660448E-01
1.44783893035E-01
-4.95569029851E-02
-2.51846237562E-01
-1.30286069652E-01
-8.58208955224E-02
-6.02456467662E-02
1.81319962687E-02
-6.38215174129E-02
6.76694651741E-02
2.00598569652E-01
1.71797263682E-01
-8.44605099502E-02
-2.70347481343E-01
-2.21101523632E-01
-1.93135883085E-01
-1.79085043532E-01
-1.44589552239E-01
6.37049129353E-02
9.58100124378E-02
-1.02223258706E-01
-1.63362873134E-01
1.18470149254E-01
2.83834732587E-01
-2.37095771144E-02
-1.03544776119E-01
2.74020522388E-03
1.20685634328E-02
3.92762748756E-02
-9.81032338308E-02
-1.54345460199E-01
-4.88184079602E-02
-1.00960043532E-01
-2.51418687811E-01
-2.66130286070E-01
-1.96692319652E-01
3.72298662935E-01
5.25614116915E-01
5.33854166667E-02
-1.43695584577E-01
-1.91522854478E-01
-1.14369558458E-01
1.48631840796E-01
1.64431747512E-01
1.47679570896E-01
4.66320740050E-01
4.67195273632E-01
1.30558146766E-01
-2.26737406716E-01
-2.72154850746E-01
-2.21159825871E-02
3.64661069652E-01
7.14396766169E-02
-5.41861007463E-01
-2.26290422886E-01
-1.25952269900E-01
-7.96408582090E-02
-1.11940298507E-02
3.07758084577E-01
6.12523320896E-01
5.33582089552E-01
5.62849813433E-01
3.95036536070E-01
2.22733986318E-01
1.10579912935E-02
-4.68944340796E-02
-3.93540111940E-02
-1.09996890547E-01
-2.34200093284E-01
-5.16169154229E-01
-6.06323849502E-01
-4.98872823383E-01
1.72419154229E-01
4.26208799751E-01
3.36131840796E-01
6.37301772388E-01
6.58951337065E-01
1.49836753731E-01
-4.54796330846E-01
-4.64766013682E-01
7.12453358209E-02
-1.47660136816E-01
-3.69033737562E-01
2.76896766169E-01
1.14252953980E-01
2.49514148010E-01
-9.15345149254E-03
-5.61800373134E-01
-2.63137437811E-02
-4.13634950249E-01
-5.18209732587E-01
2.47337531095E-01
4.15753264925E-01
3.72337531095E-01
2.37406716418E-01
-4.15384017413E-01
-6.77977300995E-01
-2.57948538557E-01
6.55317164179E-02
5.92234141791E-01
2.19741138060E-01
-8.47967195274E-01
-6.22356965174E-01
-1.41810478856E-01
-3.23344216418E-01
-3.97115982587E-01
-4.12974191542E-02
-1.57999067164E-02
8.28669154229E-02
2.94193097015E-01
2.82960199005E-01
2.64808768657E-01
5.21222014925E-02
-4.27608053483E-01
-4.12138526119E-01
4.78758550995E-01
2.23414179104E-01
-3.95094838308E-01
-1.38798196517E-01
-2.70483519900E-01
9.58294465174E-02
-8.56459888060E-02
-3.08341106965E-01
2.02852922886E-01
2.42401274876E-01
-6.46571828358E-02
-3.62056902985E-01
-4.94791666667E-01
-6.74129353234E-01
-5.65143034826E-01
-1.29275497512E-01
1.49817319652E-01
1.66530628109E-01
-1.71564054726E-01
-3.88914800995E-01
-8.69092039801E-02
-8.25754042289E-02
-2.71494092040E-01
1.43715018657E-01
2.96000466418E-01
2.27961753731E-02
-2.74622978856E-01
-3.26064987562E-01
1.50633550995E-01
5.99074937811E-01
1.00000000000E+00
9.42960976368E-01
2.06545398010E-01
-2.46482431592E-01
-4.21350279851E-01
-6.56191697761E-01
-3.67751088308E-01
5.06316075871E-01
6.98655161692E-01
5.35408893035E-01
8.31059546020E-01
5.62344527363E-01
-3.03949004975E-01
-5.41705534826E-01
-6.01290422886E-01
-5.69301927861E-01
1.53801305970E-01
3.29174440299E-01
-6.18975435323E-02
1.22279228856E-01
-1.34134017413E-01
-6.32559856965E-01
-8.12383395522E-01
-6.90259639303E-01
-5.76064987562E-01
-5.41452891791E-01
1.59670398010E-01
5.11194029851E-01
2.21937189055E-02
2.36454446517E-01
5.47632929104E-01
1.36271766169E-01
-4.77300995025E-02
3.49074937811E-01
3.30068407960E-01
3.90430659204E-02
4.22594060945E-01
4.38393967662E-01
2.15582245025E-01
2.94542910448E-01
2.59425528607E-01
3.47461909204E-01
2.27845149254E-01
1.63596082090E-01
2.04563121891E-01
1.76228233831E-01
2.11015236318E-01
1.99957245025E-01
1.48418065920E-01
1.52266013682E-01
2.82726990050E-01
1.62352300995E-01
9.93858830846E-02
-9.71703980100E-04
-1.82058457711E-01
-2.09363339552E-01
-1.46630130597E-01
-1.39964241294E-01
-2.47473569652E-01
-4.16861007463E-01
-4.29687500000E-01
-4.72287002488E-01
-2.28097792289E-01
3.46101523632E-01
4.73744558458E-01
4.34293376866E-01
1.00979477612E-01
-3.66895988806E-01
-5.55251088308E-01
-2.01900652985E-01
1.72671797264E-01
3.40562810945E-01
3.33508240050E-01
3.50163246269E-01
3.01908426617E-01
1.63965329602E-01
1.26671330846E-01
1.37651585821E-01
3.22722325871E-01
1.44239738806E-01
-1.11765391791E-01
-2.87196828358E-01
-3.15395677861E-01
-2.23103233831E-02
5.43571206468E-02
-1.44822761194E-01
-1.93932680348E-01
-1.51333177861E-01
-7.88440609453E-02
2.74642412935E-01
2.16573383085E-01
-3.12480565920E-01
-4.51589707711E-01
-4.01527518657E-01
-5.25789023632E-01
-4.66553949005E-01
-1.47504664179E-01
1.68435167910E-01
2.38184079602E-01
1.36524409204E-01
3.15648320896E-01
3.76476990050E-01
3.01344838308E-01
3.44371890547E-01
3.53700248756E-02
-2.10723725124E-01
-6.10035758706E-02
-2.49300373134E-01
-3.21012126866E-01
-6.67560634328E-02
-1.15457866915E-01
-2.04640858209E-02
4.14528917910E-02
-6.48515236318E-02
-6.59009639303E-02
-2.50719060945E-01
-3.24529695274E-01
-2.06506529851E-01
-1.74284825871E-01
9.48383084577E-02
2.61660447761E-01
1.67793843284E-01
1.73740671642E-01
-1.28847947761E-02
-3.20720615672E-01
-3.05464863184E-01
-1.95001554726E-01
-2.64964241294E-01
1.01309856965E-01
5.72353078358E-01
5.54823538557E-01
4.41037002488E-01
7.07419931592E-01
2.82765858209E-01
-5.88774875622E-01
-1.44395211443E-01
9.52464241294E-02
-1.04030628109E-01
9.81032338308E-02
-1.45697294776E-01
-3.05989583333E-01
1.30597014925E-02
1.08539334577E-01
1.96225901741E-01
3.52339863184E-01
-3.62639925373E-02
-2.32684235075E-01
-5.55814676617E-03
2.38456156716E-02
-7.95825559701E-02
-1.58931902985E-01
-2.62923662935E-01
-1.16099191542E-01
-5.82633706468E-02
-1.01698538557E-01
1.31549284826E-01
1.98072139303E-01
2.20110385572E-01
2.35599347015E-01
-8.55099502488E-04
-7.14785447761E-02
5.77386504975E-02
3.91013681592E-02
1.86761504975E-01
4.49529695274E-01
1.57280006219E-01
-5.42210820896E-02
-5.27246579602E-02
-1.78638059701E-01
-1.94943252488E-01
-7.37717661692E-02
4.25412002488E-02
6.54928482587E-02
5.63005286070E-02
5.54065609453E-02
4.39404539801E-02
1.58504353234E-01
2.09343905473E-01
1.54714707711E-01
1.56599813433E-01
6.73390858209E-02
-2.22520211443E-02
-6.09064054726E-02
-1.20491293532E-01
-1.77025031095E-01
-1.38545553483E-01
8.29835199005E-03
8.97854477612E-02
4.23274253731E-02
-1.50866759950E-01
-3.55799129353E-01
-4.98717350746E-01
-5.29112251244E-01
-3.51465329602E-01
1.60136815920E-02
4.69896610697E-01
5.38401741294E-01
3.95755597015E-01
5.09308924129E-01
3.91829912935E-01
-1.20432991294E-01
-2.23491915423E-01
-4.87018034826E-02
-1.76480876866E-01
-1.14680503731E-01
5.05480410448E-02
6.58815298507E-02
1.23212064677E-02
-1.00882307214E-01
-3.79936256219E-02
1.05021766169E-01
1.97780628109E-01
4.94597325871E-02
-3.55624222637E-01
-8.57042910448E-03
1.46163712687E-01
-4.02188277363E-01
-1.79648631841E-01
5.49401430348E-02
-1.84390547264E-01
-1.85051305970E-01
-2.52643034826E-02
-2.51379819652E-01
-3.27541977612E-01
-2.80083955224E-01
-2.70230876866E-01
1.59126243781E-01
2.57384950249E-01
4.18804415423E-02
-8.33722014925E-02
-8.62678793532E-02
2.11831467662E-02
1.50069962687E-01
2.19935478856E-01
1.35708177861E-01
-4.30659203980E-02
-1.51333177861E-01
-6.56288868159E-02
1.28692475124E-01
1.41985385572E-01
1.14252953980E-01
-1.92980410448E-02
-1.19597325871E-01
-3.03171641791E-02
-5.40267412935E-02
-1.24455845771E-01
-1.41110851990E-01
-6.50264303483E-02
-7.89023631841E-03
-6.54734141791E-02
-8.15065298507E-02
4.89738805970E-03
4.30076181592E-02
1.69076492537E-02
1.84429415423E-02
1.87150186567E-02
6.57454912935E-02
6.87577736318E-02
6.43268034826E-03
-8.14287935323E-03
-1.64606654229E-02
-4.52814054726E-02
-1.79765236318E-02
-2.25629664179E-02
-6.23056592040E-02
1.72963308458E-03
-1.44200870647E-02
-9.70926616915E-02
-5.89046952736E-02
-3.40096393035E-02
-5.31522077114E-02
-7.77363184080E-03
1.51002798507E-02
3.73134328358E-03
8.49269278607E-03
-3.79547574627E-02
-9.57517101990E-02
-7.91744402985E-02
-4.08115671642E-02
-4.89155783582E-02
2.97147077114E-02
5.58146766169E-02
6.25388681592E-02
9.89194651741E-02
2.19022077114E-02
6.17615049751E-02
8.94550684080E-02
2.92677238806E-02
-3.29407649254E-02
-4.36100746269E-02
6.85051305970E-02
1.80134483831E-01
1.97158737562E-01
1.82019589552E-01
1.46610696517E-01
-2.60027985075E-02
-1.17673351990E-01
-1.10541044776E-01
-7.54819651741E-02
-4.56700870647E-02
-1.05507618159E-01
-1.03214396766E-01
-1.12426150498E-01
-1.21074315920E-01
-5.78941231343E-02
2.24269278607E-02
4.30076181592E-02
6.58620957711E-02
4.27549751244E-02
1.44589552239E-02
-7.48212064677E-03
-3.97426927861E-02
2.89567786070E-02
2.92482898010E-02
-2.57501554726E-02
-2.08916355721E-02
-5.56397699005E-02
-3.39319029851E-02
-7.77363184080E-05
4.62531094527E-03
7.12064676617E-02
6.66783271144E-02
5.32493781095E-03
5.78746890547E-02
7.51710199005E-02
4.40959266169E-02
1.14272388060E-01
1.37709888060E-01
5.26857898010E-02
-4.67583955224E-02
-8.51795708955E-02
-4.57672574627E-02
-3.09584888060E-02
-5.50761815920E-02
-2.93260261194E-02
4.81187810945E-02
9.62375621891E-02
3.03171641791E-02
-7.50349813433E-02
-9.46439676617E-02
-3.60307835821E-02
1.62857587065E-02
-5.05286069652E-03
-7.06234452736E-02
-6.78249378109E-02
-1.46727300995E-02
2.82377176617E-02
-2.25629664179E-02
-5.90796019900E-02
-6.14116915423E-03
5.49984452736E-03
-1.92786069652E-02
-1.14272388060E-02
2.77712997512E-02
2.44286380597E-02
7.13230721393E-03
7.20421330846E-02
1.26049440299E-01
1.36427238806E-01
1.20666200249E-01
1.26282649254E-01
8.17786069652E-02
1.94923818408E-02
4.73414179104E-02
8.65205223881E-02
9.02712997512E-02
2.64303482587E-02
-9.01741293532E-03
2.78101679104E-02
6.72807835821E-02
8.00101057214E-02
4.34934701493E-02
2.17078669154E-02
5.85354477612E-02
2.68190298507E-02
-1.03389303483E-02
3.06475435323E-02
6.35300062189E-02
3.08030161692E-02
-5.45708955224E-02
-8.24587997512E-02
-8.61124067164E-02
-1.17731654229E-01
-1.08247823383E-01
-7.50155472637E-02
-3.13083022388E-02
5.04703047264E-02
7.15174129353E-02
7.14591106965E-02
4.86240671642E-02
1.86761504975E-02
-1.65967039801E-02
-4.96929415423E-02
-9.86279539801E-02
-1.18353544776E-01
-7.85136815920E-02
-9.91721082090E-02
-5.16363495025E-02
-2.82765858209E-02
-8.26531405473E-02
-1.28925684080E-01
-1.21288090796E-01
-3.09390547264E-02
6.59981343284E-02
5.33271144279E-02
-2.05418221393E-02
-1.11551616915E-02
-2.76935634328E-02
3.86738184080E-03
5.30161691542E-02
2.78879042289E-02
2.01337064677E-02
-2.23103233831E-02
-7.31887437811E-02
-6.88938121891E-02
-4.86823694030E-02
3.92568407960E-03
2.92677238806E-02
3.17358519900E-02
7.82221703980E-02
1.30519278607E-01
1.17537313433E-01
6.93019278607E-02
2.78296019900E-02
-2.65275186567E-02
-4.30076181592E-02
-3.12305659204E-02
-3.58753109453E-02
-5.34437189055E-03
-2.06972947761E-02
-1.67716106965E-02
1.79765236318E-02
2.53031716418E-02
2.75769589552E-02
-2.54392101990E-02
2.17467350746E-02
1.19228078358E-01
5.09367226368E-02
-8.06708644279E-02
-5.99347014925E-02
6.17809390547E-02
7.70366915423E-02
8.76476990050E-03
-3.57392723881E-02
-3.40096393035E-02
-2.88401741294E-02
6.84273942786E-02
8.38580534826E-02
2.26407027363E-02
6.25388681592E-02
2.26601368159E-02
-1.72963308458E-02
1.23406405473E-02
-1.58582089552E-02
-3.23966106965E-02
1.29042288557E-02
4.65640547264E-02
8.56654228856E-02
6.21501865672E-02
-2.82571517413E-02
-6.72419154229E-02
-1.11473880597E-01
-1.15341262438E-01
-4.07143967662E-02
2.68190298507E-02
1.52751865672E-02
-8.85611007463E-02
-1.36504975124E-01
-1.04963463930E-01
-1.15982587065E-01
-6.96906094527E-02
1.20102611940E-02
-1.62468905473E-02
-4.83714241294E-02
-3.18718905473E-03
-1.80931281095E-02
-7.84359452736E-02
-2.09499378109E-02
8.33722014925E-03
-5.72139303483E-02
-7.85136815920E-02
-4.11225124378E-02
-1.12717661692E-03
-2.74992226368E-02
-6.51236007463E-02
5.51927860697E-03
2.64497823383E-02
-7.24891169154E-03
2.00365360697E-02
5.32493781095E-03
6.33550995025E-03
3.80713619403E-02
7.52098880597E-02
4.80799129353E-02
5.88852611940E-03
8.19146455224E-02
1.23503575871E-01
1.00687966418E-01
4.17055348259E-02
4.12391169154E-02
5.94294154229E-02
2.48756218905E-03
8.47325870647E-03
7.88829291045E-02
5.75054415423E-02
6.21890547264E-03
1.76461442786E-02
9.46439676617E-03
-1.05332711443E-02
-1.85206778607E-02
-1.04555348259E-02
5.14225746269E-02
1.16196361940E-01
1.01173818408E-01
3.10556592040E-02
1.12134639303E-02
5.62033582090E-02
3.80324937811E-02
-3.68081467662E-02
-2.87041355721E-02
3.95289179104E-02
3.38152985075E-02
-4.04034514925E-02
-4.16666666667E-02
7.57929104478E-04
-1.94146455224E-02
7.44325248756E-03
5.20638992537E-02
2.39233519900E-02
4.50870646766E-03
3.05309390547E-02
2.02114427861E-02
-4.64474502488E-03
3.46120957711E-02
2.59639303483E-02
-4.53008395522E-02
-5.81273320896E-02
-2.35346703980E-02
-7.40438432836E-03
-1.95701181592E-02
-5.49790111940E-02
-6.97877798507E-02
-1.43812189055E-02
8.96882773632E-02
1.08617070896E-01
5.83022388060E-04
-3.60502176617E-02
-3.51173818408E-02
2.85680970149E-03
1.16954291045E-01
8.99992226368E-02
2.20965485075E-02
-2.77712997512E-02
-6.91075870647E-02
-8.28474813433E-02
-1.09219527363E-01
-3.40096393035E-03
9.23507462687E-02
5.63005286070E-02
-1.33123445274E-02
-1.00357587065E-01
-7.04679726368E-02
-7.01570273632E-02
-9.62181281095E-02
-2.85486629353E-02
-2.64109141791E-02
-2.78684701493E-02
-2.29127798507E-02
1.45755597015E-03
-1.38176305970E-02
-2.89373445274E-02
2.13580534826E-02
-1.43617848259E-02
-2.72077114428E-02
8.43439054726E-03
5.75248756219E-03
-9.85307835821E-03
-2.66441231343E-02
-1.53723569652E-02
4.12002487562E-03
-3.29213308458E-02
-3.65555037313E-02
5.91573383085E-02
9.64902052239E-02
2.80628109453E-02
-6.99626865672E-02
-7.33442164179E-02
1.64995335821E-02
4.04228855721E-02
6.21501865672E-02
5.10144589552E-02
-1.32151741294E-02
-2.95203669154E-02
-3.82851368159E-02
-2.78101679104E-02
-4.62531094527E-03
3.84794776119E-02
7.54042288557E-02
4.75357587065E-02
2.21937189055E-02
-1.21462997512E-02
-2.68384639303E-02
-1.20879975124E-02
-2.02697450249E-02
-2.34569340796E-02
-7.92910447761E-03
7.07983519900E-02
1.16040889303E-01
6.56871890547E-02
-1.85401119403E-02
-6.38603855721E-02
-3.67692786070E-02
-7.30721393035E-03
2.19993781095E-02
2.20576803483E-02
-2.65858208955E-02
-2.46618470149E-02
-5.69418532338E-03
5.63588308458E-03
-2.42925995025E-03
-4.75163246269E-02
-1.35066853234E-02
3.79353233831E-02
6.17615049751E-02
3.75077736318E-02
-6.31607587065E-03
-4.36100746269E-02
-3.67109763682E-02
4.78078358209E-03
-1.76461442786E-02
-1.28264925373E-02
4.83131218905E-02
4.21525186567E-02
-8.49269278607E-03
-9.60043532338E-03
-2.97535758706E-02
-3.32905783582E-02
3.28824626866E-02
9.39249067164E-02
6.49098258706E-02
-3.07835820896E-02
-1.41110851990E-01
-1.71136504975E-01
-6.54151119403E-02
6.70475746269E-03
-1.48476368159E-02
2.64303482587E-03
6.51041666667E-02
4.66612251244E-02
-2.08333333333E-02
-2.17078669154E-02
-3.24354788557E-02
-7.25668532338E-02
-1.33628731343E-01
-1.51682991294E-01
-7.00209888060E-02
2.78490360697E-02
9.47605721393E-02
8.07097325871E-02
-9.01741293532E-03
-3.14443407960E-02
4.92848258706E-02
6.33745335821E-02
-3.02394278607E-02
-3.86543843284E-02
5.24331467662E-02
4.96152052239E-02
-1.62468905473E-02
-3.30185012438E-02
-1.56444340796E-02
1.03194962687E-02
3.33877487562E-02
6.06148942786E-02
4.55146144279E-02
3.49813432836E-03
-1.79570895522E-02
-7.61621579602E-02
-9.85502176617E-02
-3.61862562189E-02
4.05977922886E-02
8.83278917910E-02
5.58729788557E-02
-3.36403917910E-02
1.10774253731E-03
8.43050373134E-02
5.39101368159E-02
6.36271766169E-02
8.20895522388E-02
3.08224502488E-02
1.56833022388E-02
2.67218594527E-02
5.51927860697E-02
3.64777674129E-02
-4.14917599502E-02
-1.71408582090E-02
2.49727922886E-02
-4.06560945274E-02
-2.25824004975E-02
6.60953047264E-02
5.77386504975E-02
3.61473880597E-02
9.50326492537E-02
6.12562189055E-02
-1.04380441542E-01
-1.07898009950E-01
1.65772699005E-02
9.01158271144E-02
4.73997201493E-02
-3.97621268657E-02
2.28156094527E-02
-2.25240982587E-02
-1.57940764925E-01
-1.29567008706E-01
-5.42016480100E-02
-2.32431592040E-02
-3.25520833333E-02
-7.41215796020E-02
-4.56117848259E-02
4.58449937811E-02
4.43097014925E-02
5.36574937811E-02
3.90236318408E-02
-4.41347947761E-02
-2.26212686567E-02
-1.40314054726E-02
-7.25279850746E-02
-1.19033737562E-01
-9.82587064677E-02
1.34483830846E-02
7.88246268657E-02
6.10424440299E-02
6.82330534826E-02
5.10533271144E-02
2.95592350746E-02
4.60782027363E-02
-2.48367537313E-02
-2.99284825871E-02
8.09429415423E-02
5.31327736318E-02
-3.33488805970E-02
2.84514925373E-02
-1.92008706468E-02
-1.18878264925E-01
-1.09491604478E-01
-3.49813432836E-04
1.24747356965E-01
-1.95895522388E-02
-1.37282338308E-01
-9.67428482587E-02
4.07726990050E-02
1.63945895522E-01
1.16643345771E-01
1.54306592040E-02
2.23297574627E-02
3.35432213930E-02
-3.19301927861E-02
-3.15998134328E-02
-1.25544154229E-02
-4.88572761194E-02
-5.94488495025E-02
8.31778606965E-03
-1.77238805970E-02
-7.58123445274E-02
-1.18547885572E-03
1.03797419154E-01
1.37224036070E-01
-1.96478544776E-02
-1.18470149254E-01
-2.95786691542E-02
6.71447450249E-02
9.96385261194E-02
-2.48756218905E-03
-8.44993781095E-02
-5.61839241294E-02
-3.03560323383E-02
4.15889303483E-02
8.82112873134E-02
1.31665889303E-01
1.16157493781E-01
-3.18718905473E-02
-6.19364116915E-02
1.96672885572E-02
4.56700870647E-03
-1.78987873134E-02
5.26663557214E-02
8.85027985075E-02
1.53529228856E-02
-5.01204912935E-02
-7.46074315920E-02
-6.95351368159E-02
-9.17288557214E-03
-1.18742226368E-02
-8.37997512438E-02
-6.81164490050E-02
-2.05418221393E-02
-1.33123445274E-02
4.67583955224E-02
3.32128420398E-02
-6.20918843284E-02
-2.15135261194E-02
6.87772077114E-02
2.34763681592E-02
4.48927238806E-03
8.42661691542E-02
9.41775497512E-02
-9.25062189055E-03
-4.71470771144E-02
3.31739738806E-02
5.47846703980E-02
-3.30379353234E-02
-1.29372667910E-01
-7.00209888060E-02
3.40290733831E-02
5.71361940299E-03
1.76850124378E-02
4.81576492537E-02
6.37049129353E-02
4.46983830846E-02
-4.91876554726E-02
-4.06560945274E-02
5.12087997512E-02
1.11551616915E-02
-1.34853078358E-01
-1.40041977612E-01
-1.50614116915E-02
4.46983830846E-04
-2.13386194030E-02
-1.47699004975E-02
-1.57416044776E-03
8.89886504975E-02
1.14291822139E-01
3.39124689055E-02
-6.66005907960E-02
-4.45234763682E-02
2.69550684080E-02
1.42257462687E-02
1.59553793532E-02
3.48647388060E-02
1.94340796020E-03
-3.55643656716E-02
-2.51476990050E-02
-4.37461131841E-02
1.20296952736E-02
1.15418998756E-01
1.68493470149E-01
6.81747512438E-02
-4.99844527363E-02
-8.01267101990E-02
-3.17552860697E-02
1.46532960199E-02
-4.34934701493E-02
-4.93236940299E-02
-7.97185945274E-02
-1.15321828358E-01
8.58986318408E-03
8.03210509950E-02
1.85595460199E-02
9.46439676617E-03
3.77021144279E-03
-1.14039179104E-01
-1.32443252488E-01
-5.69807213930E-02
-2.49727922886E-02
2.34569340796E-02
2.94620646766E-02
-2.24463619403E-02
-7.71532960199E-02
-4.83714241294E-02
9.59266169154E-02
1.49331467662E-01
8.74339241294E-02
5.70973258706E-02
2.29127798507E-02
-5.49595771144E-02
-2.38650497512E-02
7.70561256219E-02
2.64692164179E-02
-2.64692164179E-02
2.70133706468E-03
2.67801616915E-02
9.45662313433E-02
5.48624067164E-02
-9.32835820896E-03
3.16386815920E-02
6.76888992537E-02
5.55231654229E-02
1.02806281095E-02
-3.01228233831E-02
3.96260883085E-02
3.49813432836E-02
-4.09476057214E-02
-1.08636504975E-01
-7.65314054726E-02
2.78296019900E-02
5.34437189055E-02
3.09973569652E-02
-9.65485074627E-02
-1.20705068408E-01
-1.03408737562E-01
-1.26496424129E-01
-1.13844838308E-01
-9.18260261194E-02
-8.64622201493E-02
-1.47796175373E-01
-1.00532493781E-01
-4.08115671642E-04
1.82486007463E-02
-9.40609452736E-03
-4.93236940299E-02
-2.53031716418E-02
-9.75590796020E-03
-2.19410758706E-02
-1.26127176617E-02
-3.59530472637E-03
-6.68532338308E-03
-3.94511815920E-02
-3.56226679104E-02
-1.44978233831E-02
1.30597014925E-02
5.96043221393E-02
1.03331001244E-01
9.37500000000E-02
9.79477611940E-03
-8.24199315920E-02
-1.10113495025E-01
-9.86862562189E-02
-4.69916044776E-02
7.84748134328E-02
1.53179415423E-01
8.94939365672E-02
4.07532649254E-02
1.08208955224E-01
7.71727300995E-02
-1.13689365672E-02
-5.14225746269E-02
-4.50287624378E-02
4.05589241294E-02
7.60261194030E-02
7.53847947761E-02
1.31374378109E-01
1.09122356965E-01
-3.52728544776E-02
-6.70087064677E-02
5.48818407960E-02
8.91246890547E-02
4.10642101990E-02
1.95118159204E-02
-2.63914800995E-02
-1.21210354478E-01
-7.27611940299E-02
4.41736629353E-02
1.55083955224E-02
-9.94441853234E-02
-8.28863495025E-02
6.79221082090E-02
4.40570584577E-02
-4.35129042289E-02
-4.42319651741E-02
-2.87430037313E-02
5.28606965174E-03
-3.14443407960E-02
-7.54236629353E-02
-3.83240049751E-02
3.61862562189E-02
5.86909203980E-02
2.70133706468E-02
-3.46315298507E-02
-2.07750310945E-02
5.03342661692E-02
1.23095460199E-01
8.06708644279E-02
-1.38701026119E-01
-1.90026430348E-01
-6.11784825871E-02
-2.67218594527E-02
5.11116293532E-03
1.16721082090E-01
9.84336131841E-02
-4.38821517413E-02
-9.51103855721E-02
-7.30721393035E-02
-6.23056592040E-02
3.68858830846E-02
1.28109452736E-01
1.57416044776E-01
1.13514458955E-01
-2.55558146766E-02
-4.09864738806E-02
2.02891791045E-02
-3.37375621891E-02
-2.51671330846E-02
7.56957400498E-02
6.16449004975E-02
-1.42646144279E-02
-2.74797885572E-02
9.67817164179E-03
-1.77821828358E-02
-7.85331156716E-02
-5.51539179104E-02
-5.10921952736E-02
-1.04594216418E-01
-7.45879975124E-02
-1.22046019900E-02
4.85851990050E-03
2.63526119403E-02
-1.24378109453E-03
-4.62725435323E-02
-5.67669465174E-02
-2.49727922886E-02
2.28933457711E-02
5.89824315920E-02
6.76305970149E-02
7.35774253731E-02
1.30324937811E-01
1.55919620647E-01
1.47271455224E-01
1.63868159204E-01
1.57649253731E-01
1.41110851990E-01
1.47057680348E-01
1.35300062189E-01
1.23406405473E-01
1.41868781095E-01
1.06246113184E-01
-9.67817164179E-03
-2.26601368159E-02
6.82719216418E-02
1.03311567164E-01
1.24863961443E-01
1.21171486318E-01
7.77168843284E-02
3.94123134328E-02
-2.58667599502E-02
-8.17980410448E-02
-1.36660447761E-01
-8.96882773632E-02
8.68703358209E-02
1.38701026119E-01
6.72419154229E-03
-8.18174751244E-02
2.15718283582E-03
1.26127176617E-02
-2.76741293532E-02
-1.52946206468E-02
-1.26049440299E-01
-1.85789800995E-01
-1.44589552239E-01
-1.18547885572E-01
-1.35611007463E-01
-2.23511349502E-01
-2.72329757463E-01
-2.35793687811E-01
-1.94496268657E-01
-2.17856032338E-01
-2.43917133085E-01
-2.36687655473E-01
-1.65267412935E-01
5.95654539801E-02
2.74622978856E-01
2.76566386816E-01
1.23620180348E-01
2.52643034826E-02
-7.96797263682E-03
-6.12173507463E-03
8.99992226368E-02
6.92047574627E-02
4.37461131841E-02
1.38701026119E-01
1.54034514925E-01
2.22811722637E-01
2.43936567164E-01
1.72885572139E-01
1.12426150498E-01
2.09693718905E-02
-5.34437189055E-02
-7.57151741294E-02
-9.40415111940E-02
-5.25497512438E-02
7.01570273632E-03
4.07532649254E-02
1.39167444030E-01
7.48212064677E-02
-1.11920864428E-01
-1.17109763682E-01
-4.26772388060E-02
3.80713619403E-02
1.81572605721E-01
2.46618470149E-01
1.43928793532E-01
-3.19884950249E-02
-5.69224191542E-02
5.81856343284E-02
9.20398009950E-02
1.46727300995E-02
-2.07944651741E-03
7.16145833333E-02
6.68726679104E-02
4.04228855721E-02
2.99284825871E-03
-1.12387282338E-01
-2.29691386816E-01
-2.32023476368E-01
-1.41693874378E-01
2.29127798507E-02
2.39680503731E-01
1.42957089552E-01
-3.19690609453E-02
3.11528296020E-02
1.25349813433E-02
-1.12542754975E-01
-9.38083022388E-02
-7.98157649254E-02
-1.36738184080E-01
-1.13553327114E-01
-4.88961442786E-02
4.01702425373E-02
3.84794776119E-02
-2.90539490050E-02
-6.09841417910E-02
1.06693097015E-02
6.40741604478E-02
6.29858519900E-02
-4.39793221393E-02
-1.59320584577E-01
6.62702114428E-03
1.55122823383E-01
2.36473880597E-01
2.33928016169E-01
5.16946517413E-02
-1.24261504975E-01
-1.49214863184E-01
-1.60097947761E-01
-1.51877332090E-01
-8.27308768657E-02
-1.47699004975E-03
1.97527985075E-01
1.98460820896E-01
-2.46618470149E-02
-1.09238961443E-01
2.17661691542E-03
3.67109763682E-02
-4.66417910448E-02
-1.01543065920E-01
-1.30305503731E-01
-8.49657960199E-02
-6.98266480100E-02
-6.41518967662E-02
4.25606343284E-03
4.93625621891E-03
-4.87212375622E-02
-5.50567475124E-02
-4.04617537313E-02
-4.00342039801E-02
-3.22605721393E-03
4.07726990050E-02
5.17723880597E-02
6.23639614428E-02
1.21482431592E-01
1.92766635572E-01
2.77032804726E-01
2.33442164179E-01
6.35494402985E-02
4.89155783582E-02
3.33488805970E-02
-1.05701958955E-01
-2.06914645522E-01
-2.86574937811E-01
-3.81121735075E-01
-4.60451648010E-01
-4.49121579602E-01
-3.06533737562E-01
-1.29722481343E-01
3.32905783582E-02
2.61854788557E-01
2.95028762438E-01
1.62235696517E-01
2.10801461443E-01
2.29127798507E-01
2.89898165423E-01
1.95526274876E-01
-9.58100124378E-02
-2.36648787313E-01
-2.73379197761E-01
-2.55616449005E-01
-2.31634794776E-01
-1.41732742537E-01
-1.08442164179E-02
6.72419154229E-02
6.57649253731E-02
6.15282960199E-02
1.79259950249E-01
1.99490827114E-01
3.35432213930E-02
-4.19581778607E-02
-5.54842972637E-02
-1.21404695274E-01
-8.36248445274E-02
-9.74036069652E-02
-1.97566853234E-01
-2.00967817164E-01
-1.41324626866E-01
-1.53296019900E-01
-1.28148320896E-01
2.40593905473E-02
4.05200559701E-02
-3.30379353234E-04
6.84662624378E-02
8.12150186567E-02
2.36512748756E-02
-3.38152985075E-03
4.02285447761E-03
3.33488805970E-02
3.12500000000E-02
2.67024253731E-02
3.81879664179E-02
-5.36380597015E-03
-3.28047263682E-02
-2.01337064677E-02
-1.56833022388E-02
-2.81794154229E-02
-1.14136349502E-01
-1.90006996269E-01
-1.67327425373E-01
-3.78575870647E-02
1.18936567164E-02
6.02650808458E-02
1.74343128109E-01
1.24786225124E-01
2.38067475124E-02
3.13666044776E-02
5.51539179104E-02
-7.46268656716E-03
-2.25435323383E-03
5.23748445274E-02
4.79244402985E-02
-3.55449315920E-02
-9.79866293532E-02
-5.67280783582E-02
1.05721393035E-02
-1.09802549751E-02
-2.43897699005E-02
8.81335509950E-02
7.65702736318E-02
-5.54259950249E-02
-6.95157027363E-02
-5.16169154229E-02
-6.34522699005E-02
-3.93928793532E-02
-5.50373134328E-02
-5.29189987562E-02
-1.23212064677E-02
5.01010572139E-02
9.99300373134E-02
6.30441542289E-02
5.30550373134E-03
-1.01057213930E-03
5.21999378109E-02
4.18804415423E-02
-5.68641169154E-02
-1.57999067164E-02
8.08263370647E-02
3.86349502488E-02
-3.15998134328E-02
-2.42537313433E-02
6.58620957711E-02
1.28187189055E-01
1.14214085821E-01
5.77580845771E-02
1.37981965174E-02
-1.56250000000E-02
-2.58473258706E-02
3.54866293532E-02
9.78311567164E-02
5.54065609453E-02
-3.10945273632E-02
-9.69177549751E-02
-1.30305503731E-01
-3.46120957711E-02
-3.09584888060E-02
-7.82221703980E-02
5.83022388060E-03
2.69939365672E-02
2.55558146766E-02
3.72745646766E-02
2.91316853234E-02
8.66759950249E-03
2.49922263682E-02
1.25660758706E-01
1.39011971393E-01
5.98763992537E-02
5.71361940299E-03
-4.67972636816E-02
-8.22061567164E-03
4.44457400498E-02
-2.52643034826E-03
-5.76220460199E-02
-2.86263992537E-02
3.41456778607E-02
-6.60758706468E-03
-3.37958644279E-02
2.13774875622E-03
4.72053793532E-02
4.14140236318E-02
4.15889303483E-03
5.74665733831E-02
7.46851679104E-02
-5.38324004975E-03
-2.21354166667E-02
3.22022699005E-02
6.18003731343E-02
7.79889614428E-02
1.17401274876E-01
1.45755597015E-01
8.27503109453E-02
-3.29990671642E-02
-8.19146455224E-02
-2.83543221393E-02
-8.10401119403E-03
-4.33768656716E-02
3.35432213930E-02
1.25349813433E-01
1.23639614428E-01
8.52767412935E-02
3.72939987562E-02
-2.68190298507E-03
-6.17809390547E-02
-9.03879042289E-02
-4.59227300995E-02
-4.01508084577E-02
-6.96517412935E-02
-7.17311878109E-02
-3.21828358209E-02
-1.94729477612E-02
-4.88184079602E-02
-3.71190920398E-02
2.40399564677E-02
3.36598258706E-02
2.32820273632E-02
1.25233208955E-01
1.49370335821E-01
8.80558146766E-02
7.99906716418E-02
1.11648787313E-01
9.14567786070E-02
3.49036069652E-02
3.58364427861E-02
6.10424440299E-02
7.58900808458E-02
1.01834577114E-02
-8.06902985075E-02
-1.10152363184E-01
-2.52254353234E-02
2.63331778607E-02
5.83411069652E-02
1.66861007463E-01
1.80795242537E-01
9.39249067164E-02
3.88487251244E-02
2.54003420398E-02
-5.66114738806E-02
-4.72636815920E-02
2.00365360697E-02
6.41324626866E-03
8.62484452736E-02
1.00571361940E-01
-1.04944029851E-02
-6.40547263682E-02
-7.77363184080E-05
5.74860074627E-02
-2.52643034826E-04
-7.92327425373E-02
-4.80604788557E-02
9.34973569652E-02
9.51103855721E-02
2.42925995025E-02
-4.35323383085E-03
-1.16604477612E-03
5.53676927861E-02
3.49813432836E-04
-8.21478544776E-02
-8.60929726368E-02
-3.97232587065E-02
-3.56032338308E-02
-6.91853233831E-02
-1.11940298507E-02
7.36551616915E-03
-4.04811878109E-02
-8.69092039801E-02
-9.99494713930E-02
-8.50435323383E-02
-1.00940609453E-01
-1.30480410448E-01
-1.09724813433E-01
-3.74494713930E-02
1.09608208955E-02
7.72893345771E-02
8.60346703980E-02
-9.93081467662E-03
-1.11765391791E-01
-1.11823694030E-01
-2.29710820896E-02
3.62056902985E-02
1.17887126866E-01
1.90687189055E-01
1.44589552239E-01
3.14054726368E-02
-4.37266791045E-02
-2.05806902985E-02
8.82307213930E-03
-5.38907027363E-02
-6.27332089552E-02
-3.36209577114E-03
-5.89629975124E-02
-1.03214396766E-01
-4.37849813433E-02
4.43485696517E-02
8.48103233831E-02
3.89653296020E-02
2.27573072139E-02
7.37328980100E-02
5.22388059701E-02
-8.22450248756E-02
-9.05239427861E-02
-8.53156094527E-03
9.07571517413E-03
5.90601679104E-02
6.62313432836E-02
-2.40010883085E-02
-7.32470460199E-02
-2.03086131841E-02
4.63308457711E-02
8.39163557214E-02
1.00785136816E-01
8.62095771144E-02
2.78684701493E-02
-5.96626243781E-03
3.20467972637E-02
5.17140858209E-02
1.04944029851E-02
-7.79306592040E-03
-1.16215796020E-02
-9.23896144279E-02
-1.65053638060E-01
-1.57513215174E-01
-1.26554726368E-01
-1.29819651741E-01
-1.29625310945E-01
-1.43909359453E-01
-1.28226057214E-01
-7.06040111940E-02
-5.66892101990E-02
-7.58706467662E-02
-6.16643345771E-02
3.90236318408E-02
7.74836753731E-02
5.31716417910E-02
5.33465485075E-02
7.40438432836E-02
1.20044309701E-01
8.12344527363E-02
1.71408582090E-02
4.27549751244E-04
-3.16386815920E-02
-1.91037002488E-02
-1.07664800995E-02
-6.79026741294E-02
-9.28171641791E-02
-7.56374378109E-02
-1.99782338308E-02
3.91402363184E-02
4.78855721393E-02
1.43034825871E-02
-3.83628731343E-02
-6.46377487562E-02
-3.13277363184E-02
1.99587997512E-02
5.20055970149E-02
6.34717039801E-02
8.92218594527E-02
7.63370646766E-02
-2.47395833333E-02
-3.41068097015E-02
4.14917599502E-02
6.25777363184E-02
1.82486007463E-02
-4.04228855721E-03
2.26407027363E-02
5.04120024876E-02
4.24051616915E-02
-2.88207400498E-02
-6.82524875622E-02
-4.66417910448E-04
9.09126243781E-02
4.80604788557E-02
-1.39342350746E-02
-4.92070895522E-02
-4.08310012438E-02
-1.71214241294E-02
-8.35276741294E-02
-5.48624067164E-02
3.22411380597E-02
1.94340796020E-02
-6.72613495025E-02
-1.08986318408E-01
-9.17482898010E-02
-3.21828358209E-02
-2.88013059701E-02
-6.14116915423E-03
7.69200870647E-02
1.65772699005E-02
-4.43874378109E-02
-1.16798818408E-02
-3.16775497512E-02
-5.76997823383E-02
-1.64023631841E-02
2.17661691542E-03
-1.28459266169E-02
-2.92677238806E-02
-4.32213930348E-02
-1.20452425373E-01
-1.06984608209E-01
-6.21890547264E-03
-1.74906716418E-03
-4.09670398010E-02
-8.07097325871E-02
-1.13514458955E-01
-7.85914179104E-02
-2.97535758706E-02
3.78381529851E-02
5.44737251244E-02
2.19799440299E-02
4.48927238806E-02
-2.19605099502E-02
-1.34736473881E-01
-1.03894589552E-01
4.51842350746E-02
1.27196050995E-01
1.01931747512E-01
7.48017723881E-02
6.65811567164E-02
2.93065920398E-02
-3.33877487562E-02
-7.11287313433E-02
3.27852922886E-02
7.33053482587E-02
2.56918532338E-02
4.19387437811E-02
5.15003109453E-02
4.77495335821E-02
7.65702736318E-03
2.44480721393E-02
3.21634017413E-02
-5.89046952736E-02
-8.26337064677E-02
2.11248445274E-02
7.54430970149E-02
1.96089863184E-02
-4.53397077114E-02
-3.36598258706E-02
5.11116293532E-03
-3.46509639303E-02
-3.58364427861E-02
3.33100124378E-02
4.53785758706E-02
3.86738184080E-03
1.25932835821E-02
5.20833333333E-02
3.84406094527E-02
-4.76134950249E-03
2.91511194030E-02
3.71190920398E-03
-8.78420398010E-02
-6.01290422886E-02
-1.77821828358E-02
-3.30379353234E-02
-3.82268345771E-02
3.90430659204E-02
4.48732898010E-02
-2.85486629353E-02
-2.07167288557E-02
-4.55923507463E-02
-6.35494402985E-02
-5.78552549751E-02
-6.33356654229E-02
2.19022077114E-02
1.11804259950E-01
1.58329446517E-01
1.70067630597E-01
1.29722481343E-01
6.24222636816E-02
4.66417910448E-03
-3.16775497512E-03
6.42101990050E-02
9.59071828358E-02
2.84903606965E-02
-2.62360074627E-02
-1.37981965174E-02
6.00513059701E-03
-3.63417288557E-03
8.66759950249E-03
-2.20188121891E-02
-5.68058146766E-02
-1.36427238806E-02
2.23686256219E-02
2.26212686567E-02
-3.40290733831E-02
-9.60820895522E-02
-4.74968905473E-02
-2.97535758706E-02
-4.88378420398E-02
4.52814054726E-03
1.22046019900E-02
9.01741293532E-03
4.42708333333E-02
7.64342350746E-02
9.64319029851E-02
6.23445273632E-02
-7.10509950249E-02
-1.03000621891E-01
8.92024253731E-03
7.62593283582E-02
1.14486162935E-01
1.84701492537E-01
1.49195429104E-01
-6.04011194030E-02
-1.53315453980E-01
-8.19923818408E-02
-1.74906716418E-02
-2.89762126866E-02
-1.01251554726E-01
-8.10401119403E-02
-2.26795708955E-02
-1.49642412935E-02
-8.42467350746E-02
-9.58488805970E-02
6.04399875622E-03
4.89738805970E-03
-5.85937500000E-02
-3.94900497512E-02
-4.46983830846E-03
-3.16192475124E-02
-2.03280472637E-02
5.80884639303E-02
4.05006218905E-02
-1.75878420398E-02
3.43983208955E-03
3.16192475124E-02
1.60331156716E-02
1.21657338308E-02
5.95460199005E-02
-2.42731654229E-02
-1.20102611940E-01
-5.08006840796E-02
3.94317475124E-02
-2.21548507463E-03
-7.16923196517E-02
-2.64497823383E-02
3.10167910448E-02
5.96043221393E-02
8.37997512438E-02
1.11415578358E-01
1.04147232587E-01
1.08636504975E-02
-4.14723258706E-02
1.61497201493E-02
3.70996579602E-02
-8.86194029851E-03
-1.34289490050E-02
-1.15244092040E-02
-4.03840174129E-02
9.60043532338E-03
1.07606498756E-01
9.62958644279E-02
-2.58084577114E-02
-8.24004975124E-02
-1.96478544776E-02
-8.93967661692E-03
-4.90321828358E-02
6.78249378109E-03
9.40609452736E-02
1.09200093284E-01
7.24113805970E-02
7.94076492537E-02
7.20810012438E-02
-3.08030161692E-02
-9.58683146766E-02
-8.92995957711E-02
-5.20444651741E-02
2.18050373134E-02
2.98507462687E-02
2.06001243781E-02
-1.75295398010E-02
-4.15306281095E-02
-1.84818097015E-02
-2.01920087065E-02
2.80628109453E-02
6.48709577114E-02
3.23966106965E-02
-1.96867226368E-02
-3.79741915423E-02
-3.28047263682E-02
-4.47955534826E-02
-3.17552860697E-02
2.35541044776E-02
1.24378109453E-02
-8.02821828358E-02
-4.91487873134E-02
3.30768034826E-02
3.24937810945E-02
2.23491915423E-02
1.45949937811E-02
4.28327114428E-02
7.26251554726E-02
7.97380286070E-02
7.54819651741E-02
1.08947450249E-01
9.82392723881E-02
-2.20965485075E-02
-7.16923196517E-02
3.09196206468E-02
8.65399564677E-02
5.14420087065E-02
6.39769900498E-02
3.08418843284E-02
-7.84942475124E-02
-7.99129353234E-02
-1.03389303483E-02
-3.27658582090E-02
-4.30464863184E-02
2.41176927861E-02
3.51756840796E-02
-1.32151741294E-03
1.55666977612E-02
6.14311256219E-02
8.10401119403E-02
7.03902363184E-02
-4.60587686567E-03
-6.75917288557E-02
9.63930348259E-03
8.76476990050E-02
8.99020522388E-02
2.50505286070E-02
-8.06708644279E-02
-5.69807213930E-02
3.37181281095E-02
1.61108519900E-02
3.48258706468E-02
7.07400497512E-02
-1.81319962687E-02
-5.73694029851E-02
2.84709266169E-02
2.45646766169E-02
-2.48173196517E-02
-3.91791044776E-02
-3.65943718905E-02
-5.20444651741E-02
-4.36489427861E-02
2.22520211443E-02
-1.45172574627E-02
-5.41433457711E-02
-3.82851368159E-03
1.56444340796E-02
-4.21330845771E-02
-5.55425995025E-02
1.56055659204E-02
3.57392723881E-02
-6.33550995025E-03
-4.53980099502E-02
-6.40158582090E-02
-6.38215174129E-02
-3.51562500000E-02
2.32820273632E-02
2.53031716418E-02
-5.61839241294E-02
-4.47178171642E-02
5.80495957711E-02
5.52122201493E-02
-2.50893967662E-02
-4.76134950249E-02
-1.65189676617E-03
4.99455845771E-03
-2.70716728856E-02
-4.80021766169E-02
-7.68423507463E-02
-9.24284825871E-02
-6.11201803483E-02
-6.39381218905E-03
1.64800995025E-02
-1.11357276119E-02
-3.12111318408E-02
-5.01399253731E-03
-1.04166666667E-02
-7.17117537313E-02
-7.04874067164E-02
-5.12671019900E-02
-6.11784825871E-02
-4.48927238806E-02
-1.27876243781E-02
8.76476990050E-03
2.09305037313E-02
9.17288557214E-03
-2.42537313433E-02
-2.16106965174E-02
2.58278917910E-02
7.00987251244E-02
3.86932524876E-02
1.16021455224E-02
1.81708644279E-02
-3.09196206468E-02
-5.84771455224E-02
-4.11419465174E-02
-3.25326492537E-02
-7.52876243781E-02
-8.95522388060E-02
7.77363184080E-05
5.53093905473E-02
8.86388370647E-02
1.18645055970E-01
6.62507773632E-02
1.00668532338E-02
-3.80519278607E-02
-7.69006529851E-02
-3.72356965174E-02
-1.44395211443E-02
1.19519589552E-02
6.94768345771E-02
6.08481032338E-02
2.01337064677E-02
3.44566231343E-02
7.85136815920E-02
5.22193718905E-02
-4.01119402985E-02
-2.43120335821E-02
1.48476368159E-02
4.23662935323E-03
1.51391480100E-02
7.10704291045E-02
1.12154073383E-01
3.51368159204E-02
-1.54889614428E-02
-1.94340796020E-03
-3.12694340796E-02
-7.49766791045E-02
-5.84771455224E-02
1.62663246269E-02
5.02565298507E-02
-4.76134950249E-03
-6.52596393035E-02
-4.99844527363E-02
-3.51562500000E-02
-6.69504042289E-02
-7.70755597015E-02
-1.35261194030E-02
3.63222947761E-02
2.04057835821E-03
-4.13557213930E-02
-6.36271766169E-02
-3.57198383085E-02
-6.08286691542E-03
6.89909825871E-03
5.55814676617E-03
-4.52231032338E-02
-4.82936878109E-02
-1.01057213930E-03
-2.66246890547E-03
-3.56421019900E-02
-5.24525808458E-02
-1.55083955224E-02
1.82486007463E-02
-6.08286691542E-03
-3.64972014925E-02
-3.75855099502E-02
1.15632773632E-02
5.68058146766E-02
5.18112562189E-02
3.00645211443E-02
3.13666044776E-02
9.32835820896E-04
-5.09367226368E-02
-5.37546641791E-02
1.28653606965E-02
2.87041355721E-02
1.26321517413E-03
3.22994402985E-02
3.26492537313E-02
4.73997201493E-02
8.88720460199E-02
6.40741604478E-02
-1.15244092040E-02
-2.52643034826E-03
4.99261504975E-02
6.89326803483E-02
7.76585820896E-02
5.15391791045E-02
2.07750310945E-02
4.63891480100E-02
8.23421952736E-02
7.04874067164E-02
6.96128731343E-02
9.61598258706E-02
6.59787002488E-02
-1.24378109453E-03
-4.05394900498E-02
-3.36598258706E-02
5.53871268657E-03
1.88704912935E-02
3.67498445274E-02
2.45452425373E-02
-2.35929726368E-02
-5.16946517413E-02
-3.02588619403E-02
1.33706467662E-02
1.20491293532E-02
3.01228233831E-02
2.45841106965E-02
-1.93757773632E-02
3.59530472637E-02
7.71532960199E-02
1.99004975124E-02
-4.00925062189E-02
-8.65788246269E-02
-5.33271144279E-02
-6.58815298507E-03
-1.39925373134E-03
1.86372823383E-02
5.73305348259E-03
-4.78078358209E-03
1.82680348259E-03
-1.77238805970E-02
-3.96260883085E-02
-5.38907027363E-02
-5.27246579602E-02
-1.14466728856E-02
4.73414179104E-02
2.92482898010E-02
-2.12997512438E-02
-3.32711442786E-02
-4.28327114428E-02
-3.54866293532E-02
-2.05029539801E-02
-8.72590174129E-03
-2.26212686567E-02
-4.24051616915E-02
-5.59701492537E-02
-2.41176927861E-02
1.22629042289E-02
2.10276741294E-02
3.19301927861E-02
2.93454601990E-03
-1.97450248756E-02
-6.18003731343E-03
-1.12717661692E-03
-1.13495024876E-02
6.82136194030E-03
2.59250621891E-02
1.39925373134E-03
-1.84235074627E-02
2.98507462687E-02
5.33465485075E-02
2.77518656716E-02
-2.47784514925E-02
-3.88681592040E-02
9.38666044776E-03
-3.51562500000E-02
-6.35883084577E-02
-1.14272388060E-02
2.80822450249E-02
3.25326492537E-02
-9.44496268657E-03
-8.33722014925E-03
3.09779228856E-02
-1.96478544776E-02
-4.80604788557E-02
9.23118781095E-03
2.33791977612E-02
-9.69760572139E-03
-3.33488805970E-02
-3.64194651741E-02
-2.17467350746E-02
-5.75248756219E-03
1.74906716418E-03
-1.64023631841E-02
-3.84211753731E-02
-3.20856654229E-02
-1.84235074627E-02
-1.02223258706E-02
-9.54213308458E-03
-3.42039800995E-03
-4.41153606965E-03
-7.83193407960E-03
-1.49642412935E-03
-2.21937189055E-02
-4.27161069652E-02
-2.64303482587E-02
2.54586442786E-03
3.65749378109E-02
3.15220771144E-02
-2.40010883085E-02
-2.64886504975E-02
2.03474813433E-02
8.04570895522E-03
-1.09608208955E-02
-1.22046019900E-02
-2.50505286070E-02
4.64474502488E-03
4.66806592040E-02
3.88681592040E-02
-1.69076492537E-02
1.71019900498E-03
5.25497512438E-02
1.32734763682E-02
-1.58193407960E-02
8.78420398010E-03
2.13386194030E-02
1.08053482587E-02
2.33403296020E-02
3.84600435323E-02
2.35929726368E-02
1.20491293532E-02
1.17381840796E-02
-1.90453980100E-03
-5.18889925373E-03
1.45949937811E-02
2.62554415423E-02
1.93174751244E-02
5.65531716418E-03
7.03513681592E-03
9.54213308458E-03
-1.76850124378E-03
9.52269900498E-04
1.04361007463E-02
5.98569651741E-03
2.95398009950E-03
5.16946517413E-03
-6.41324626866E-04
-3.32322761194E-03
-8.82307213930E-03
-1.27876243781E-02
-3.84794776119E-03
2.62360074627E-03
1.76461442786E-02
1.89676616915E-02
8.16231343284E-04
-2.39039179104E-03
-6.37437810945E-03
-1.22629042289E-02
-5.98569651741E-03
3.38152985075E-03
4.23662935323E-03
-2.42925995025E-03
1.96284203980E-03
6.49098258706E-03
-4.45040422886E-03
-1.00474191542E-02
-5.92739427861E-03
-6.10230099502E-03
1.04944029851E-03
4.04228855721E-03
-3.80907960199E-03
-9.52269900498E-04
4.31436567164E-03
1.51585820896E-03
2.56529850746E-03
4.33379975124E-03
-3.69247512438E-04
1.51585820896E-03
3.73134328358E-03
-3.98398631841E-03
-7.67646144279E-03
-3.12888681592E-03
7.19060945274E-04
2.40982587065E-03
5.09172885572E-03
3.51756840796E-03
3.55643656716E-03
3.16775497512E-03
1.01057213930E-03
9.52269900498E-04
-1.78793532338E-03
-1.92397388060E-03
2.29322139303E-03
3.43983208955E-03
9.13401741294E-04
3.69247512438E-04
-1.16604477612E-03
2.72077114428E-04
3.92568407960E-03
4.21719527363E-03
4.35323383085E-03
3.51756840796E-03
2.85680970149E-03
2.07944651741E-03
9.71703980100E-05
6.02456467662E-04
1.34095149254E-03
6.41324626866E-04
1.01057213930E-03
9.52269900498E-04
-4.08115671642E-04
-1.49642412935E-03
-1.18547885572E-03
-8.55099502488E-04
-1.43812189055E-03
-1.72963308458E-03
-1.98227611940E-03
-1.80736940299E-03
-1.32151741294E-03
-1.26321517413E-03
-1.92397388060E-03
-2.56529850746E-03
-2.44869402985E-03
-2.42925995025E-03
-2.54586442786E-03
-2.58473258706E-03
-2.35152363184E-03
-2.23491915423E-03
-2.27378731343E-03
-2.23491915423E-03
-2.04057835821E-03
-1.74906716418E-03
-1.63246268657E-03
-1.49642412935E-03
-1.32151741294E-03
-1.28264925373E-03
-1.18547885572E-03
-1.04944029851E-03
-9.52269900498E-04
-8.55099502488E-04
-7.19060945274E-04
-6.02456467662E-04
-5.05286069652E-04
