7.96797263682E-04
1.01251554726E-02
1.02223258706E-02
-8.41495646766E-03
-3.41651119403E-02
-4.03451492537E-02
-2.52254353234E-02
6.72419154229E-03
3.59919154229E-02
2.00171019900E-02
-4.29493159204E-03
-3.76826803483E-02
-5.00233208955E-02
-1.69076492537E-02
2.02697450249E-02
2.28156094527E-02
1.57416044776E-03
5.38324004975E-03
-2.99090485075E-02
-2.75963930348E-02
2.39816542289E-02
-1.87150186567E-02
-3.58170087065E-02
1.48476368159E-02
-2.90539490050E-02
-3.12888681592E-02
4.67195273632E-02
4.43680037313E-02
1.16993159204E-02
-6.17032027363E-02
-1.08306125622E-01
-4.20747823383E-02
2.07167288557E-02
3.61473880597E-03
-1.93369092040E-02
1.48282027363E-02
-1.73935012438E-02
-1.53334888060E-02
1.62857587065E-02
-7.09343905473E-02
-6.26166044776E-02
-1.67133084577E-02
-1.55861318408E-02
1.08830845771E-02
-6.43268034826E-03
4.57866915423E-02
6.28498134328E-02
4.91682213930E-03
-8.86582711443E-02
-9.12818718905E-02
-5.01010572139E-02
-4.46983830846E-03
8.49074937811E-02
3.07835820896E-02
-1.36621579602E-02
-7.00209888060E-02
-7.92716106965E-02
1.54306592040E-02
3.52922885572E-02
-1.19325248756E-02
-1.14661069652E-02
-3.85572139303E-02
-5.78941231343E-02
2.39427860697E-02
6.49681281095E-02
5.38129664179E-02
1.79182213930E-02
-5.64948694030E-02
-6.42685012438E-02
1.97644589552E-02
2.82765858209E-02
-4.38627176617E-02
2.55169465174E-02
3.93540111940E-02
-5.87492226368E-02
-3.49813432836E-02
1.08636504975E-02
8.25948383085E-03
2.17078669154E-02
-3.48453047264E-02
-1.02806281095E-01
-4.87601057214E-02
1.88510572139E-03
1.97974968905E-01
1.40294620647E-01
-1.67210820896E-01
-2.79967350746E-01
-2.15018656716E-01
3.84017412935E-02
2.12472792289E-01
1.99490827114E-01
-1.06071206468E-01
-2.68481809701E-01
-9.36528296020E-02
7.89995335821E-02
9.29920708955E-02
9.44301927861E-02
6.45405783582E-02
-1.26321517413E-01
-1.71875000000E-01
-2.17506218905E-01
-7.33636504975E-02
1.13028606965E-01
2.18069807214E-01
5.57758084577E-02
-2.15115827114E-01
-2.47201492537E-02
2.08916355721E-02
-8.03987873134E-02
-6.28692475124E-02
-5.58146766169E-02
9.94636194030E-02
7.09538246269E-02
-4.49704601990E-02
8.39552238806E-02
2.06117848259E-01
1.22959421642E-01
-1.56658115672E-01
-2.03688588308E-01
1.26710199005E-02
1.48418065920E-01
2.51030006219E-01
1.86314521144E-01
-1.55705845771E-01
-2.44752798507E-01
9.94247512438E-02
2.08566542289E-01
-1.23328669154E-01
-2.06040111940E-01
-9.21564054726E-02
1.62468905473E-02
1.26787935323E-01
-1.57027363184E-02
-8.16231343284E-03
-4.82742537313E-02
1.33065143035E-01
3.65749378109E-01
1.12270677861E-01
2.73826181592E-02
1.65908737562E-01
1.84740360697E-01
9.23118781095E-02
-1.46241449005E-01
-2.19410758706E-01
-1.33026274876E-01
1.19713930348E-01
-6.21890547264E-04
-8.22838930348E-02
6.88549440299E-02
1.03583644279E-02
5.53871268657E-02
4.61170708955E-02
-1.36679881841E-01
-1.33356654229E-01
6.27720771144E-03
6.46571828358E-02
1.11998600746E-01
2.17467350746E-02
-3.81685323383E-02
-2.63914800995E-02
1.20802238806E-01
9.32835820896E-02
-9.88222947761E-02
-2.17273009950E-02
-1.59748134328E-02
3.23577425373E-02
5.57369402985E-02
3.97038246269E-02
5.96820584577E-02
-3.37958644279E-02
4.15889303483E-02
-6.24611318408E-02
-1.58232276119E-01
6.04011194030E-02
1.72730099502E-01
8.41884328358E-02
-3.67498445274E-02
2.49339241294E-02
-5.01399253731E-02
-8.14482276119E-02
9.99494713930E-02
1.37573849502E-01
2.48173196517E-02
-1.43501243781E-01
-1.60331156716E-01
2.33014614428E-02
1.27740205224E-01
2.10140702736E-01
1.52382618159E-01
-1.50147699005E-01
-1.96206467662E-01
5.37935323383E-02
1.72030472637E-01
1.04361007463E-02
-1.00279850746E-01
1.78016169154E-02
1.30286069652E-01
5.25303171642E-02
-6.27915111940E-02
-8.73561878109E-02
-5.79718594527E-02
-1.88704912935E-02
-1.28090018657E-01
-7.96797263682E-04
5.85548818408E-02
-1.34095149254E-02
1.52499222637E-01
1.11901430348E-01
-1.28459266169E-01
-1.79823538557E-01
-4.04617537313E-02
9.80643656716E-02
2.60805348259E-02
-1.32151741294E-02
2.23686256219E-02
-6.91853233831E-03
5.32493781095E-03
-2.06584266169E-02
2.57890236318E-02
9.27005597015E-02
6.86023009950E-03
-6.02456467662E-02
1.78599191542E-02
7.98157649254E-02
4.79438743781E-02
-3.33294465174E-02
-1.54889614428E-02
9.15150808458E-02
1.14175217662E-01
1.13805970149E-01
3.07447139303E-02
-2.39233519900E-02
9.01158271144E-02
1.84759794776E-01
1.50789023632E-01
8.01655783582E-02
1.61030783582E-01
1.01601368159E-01
-7.32276119403E-02
-2.72077114428E-03
5.71556281095E-02
3.60696517413E-02
1.16429570896E-01
2.79073383085E-02
-8.13704912935E-02
2.46229788557E-02
6.98460820896E-02
9.24673507463E-02
1.35125155473E-01
1.15477300995E-01
8.30029539801E-02
1.43190298507E-01
1.40722170398E-01
5.74277052239E-02
1.31529850746E-01
1.02573072139E-01
-9.52269900498E-03
-2.18439054726E-02
-6.25971703980E-02
5.96820584577E-02
5.88463930348E-02
-2.48173196517E-02
6.75722947761E-02
2.11831467662E-02
-9.75396455224E-02
-5.67669465174E-02
2.51476990050E-02
-1.25330379353E-01
-2.42615049751E-01
-1.49234297264E-01
-1.97450248756E-02
1.01815143035E-01
1.09724813433E-01
-4.07143967662E-02
-2.30060634328E-01
-2.62671019900E-01
-1.88257929104E-01
-1.75101057214E-01
-6.46960509950E-02
-7.82804726368E-02
-1.17284670398E-01
-1.08966884328E-01
2.06778606965E-02
4.63949782338E-01
6.68396299751E-01
3.51620802239E-01
-1.99315920398E-01
-4.28599191542E-01
-3.01733519900E-01
5.70390236318E-02
2.34102922886E-01
4.99844527363E-01
3.95386349502E-01
1.83865827114E-01
2.67723880597E-01
-2.87119092040E-01
-5.28820740050E-01
-6.14894278607E-01
-6.00610230100E-01
-7.11287313433E-02
3.25695740050E-01
5.41394589552E-01
4.63152985075E-01
6.79998445274E-02
-1.95176461443E-01
-6.01581934080E-01
-5.74451958955E-01
2.04213308458E-01
3.43283582090E-01
-3.52981187811E-01
-6.04050062189E-01
-3.30379353234E-04
3.36345615672E-01
5.13545553483E-01
4.24362562189E-01
-2.31615360697E-01
-3.60793687811E-01
2.63701026119E-01
3.70743936567E-01
5.44931592040E-02
-2.32451026119E-01
-4.96618470149E-01
-4.75396455224E-01
-2.81172263682E-01
-1.14078047264E-02
5.84577114428E-02
1.25932835821E-01
4.69507929104E-01
-6.01484763682E-02
-6.38331778607E-01
-4.07260572139E-01
-1.52168843284E-01
9.59654850746E-02
3.93948227612E-01
2.21703980100E-01
3.12694340796E-02
2.45588463930E-01
1.63246268657E-02
-2.39427860697E-02
-1.29761349502E-01
-3.25034981343E-01
-2.00093283582E-01
-1.33162313433E-01
-1.32890236318E-01
-3.06611473881E-01
-3.56576492537E-01
-2.85467195274E-01
-2.37076337065E-01
2.23977767413E-01
4.75085509950E-01
-2.07419931592E-01
-4.00264303483E-01
2.77246579602E-01
4.12838152985E-01
-1.29372667910E-01
-4.31844682836E-01
-1.41791044776E-01
-2.13580534826E-02
-1.55686411692E-01
-1.41169154229E-01
1.80542599502E-02
1.39575559701E-01
1.73196517413E-01
1.75275963930E-01
2.55130597015E-01
8.85805348259E-02
-5.65726057214E-01
-3.45654539801E-01
5.81662002488E-01
7.30837997512E-01
5.33329446517E-01
2.69803327114E-01
-1.00318718905E-01
-1.23076026119E-01
2.01531405473E-01
2.84923041045E-01
-9.34779228856E-03
-1.19500155473E-01
-1.74906716418E-03
-2.91511194030E-04
-1.67677238806E-01
-2.12725435323E-01
-1.32773631841E-01
1.11396144279E-01
2.76702425373E-01
1.36330068408E-01
7.34996890547E-02
-2.92424595771E-01
-3.76302083333E-01
1.40314054726E-02
2.09829757463E-01
1.75917288557E-01
-1.16526741294E-01
-3.00295398010E-01
-2.69181436567E-01
-3.36015236318E-02
1.34697605721E-01
6.62702114428E-03
-2.09868625622E-01
-2.71727300995E-01
-5.14614427861E-02
1.16410136816E-01
1.57571517413E-01
-6.57843594527E-02
-2.23938899254E-01
-1.85828669154E-01
-2.28719682836E-01
-1.93485696517E-01
-1.92300217662E-01
-1.24747356965E-01
-3.83823072139E-01
-5.97092661692E-01
-1.92960976368E-01
8.66759950249E-03
-2.22753420398E-01
-9.96190920398E-02
3.31564832090E-01
3.55118936567E-01
3.77720771144E-01
3.51679104478E-01
6.49875621891E-02
-1.33570429104E-01
-2.20440764925E-01
-1.71758395522E-01
7.56763059701E-02
1.15244092040E-01
2.83737562189E-02
8.99603544776E-02
1.21035447761E-01
3.46179259950E-01
2.42206934080E-01
-3.44449626866E-01
-3.68936567164E-01
9.90943718905E-02
2.65255752488E-01
-5.66309079602E-02
-1.53237717662E-01
8.02044465174E-02
-8.78226057214E-02
-2.96272543532E-01
-4.95724502488E-01
-3.88720460199E-01
2.23608519900E-01
4.03937344527E-01
5.84499378109E-01
6.68454601990E-01
1.99063277363E-01
-1.54345460199E-01
-1.15613339552E-01
2.12239583333E-01
5.91767723881E-01
7.28816853234E-01
5.58904695274E-01
3.46626243781E-01
1.68629508706E-01
-2.45452425373E-02
2.52973414179E-01
5.96120957711E-01
-1.10385572139E-01
-5.58768656716E-01
-3.15648320896E-01
-4.29162779851E-01
-5.65181902985E-01
-5.39490049751E-01
-6.09355565920E-01
-4.01663557214E-01
6.32190609453E-02
4.91973725124E-01
5.45300839552E-01
5.25925062189E-01
7.97166511194E-01
7.55713619403E-01
5.41958177861E-01
2.77946206468E-01
-1.13572761194E-01
-6.64645522388E-02
2.28331001244E-01
-2.45627332090E-01
-5.32785292289E-01
-1.56483208955E-01
8.87748756219E-02
3.31195584577E-01
3.34674284826E-01
-8.97465796020E-02
-5.16382929104E-01
-5.05091728856E-01
-2.26601368159E-01
3.77409825871E-02
2.92541200249E-01
4.30814676617E-01
3.26550839552E-01
-8.55099502488E-02
-4.56448227612E-01
-6.24650186567E-01
-8.42564521144E-01
-8.89322916667E-01
-8.30612562189E-01
-5.46583488806E-01
2.96855565920E-01
2.94173662935E-01
-4.59071828358E-01
-4.11361162935E-01
4.75998911692E-01
4.74444185323E-01
-5.91981498756E-01
-4.58333333333E-01
2.92754975124E-01
-5.63588308458E-04
-3.22450248756E-01
-6.75120491294E-01
-7.23453047264E-01
-2.08138992537E-02
1.86975279851E-01
-3.82151741294E-01
-5.96004353234E-01
1.37884794776E-01
2.27903451493E-01
-6.47310323383E-01
-4.21700093284E-01
5.77658582090E-01
8.47423041045E-01
7.14280161692E-01
6.34950248756E-01
7.55869092040E-01
7.60727611940E-01
3.62892568408E-01
-3.98748445274E-01
-2.17486784826E-01
3.60851990050E-01
3.14074160448E-01
6.68104788557E-01
5.44542910448E-01
-1.14972014925E-01
-3.69927705224E-01
1.19713930348E-01
6.15321828358E-01
8.07816386816E-01
4.87581623134E-01
-3.35296175373E-01
-6.36796486318E-01
-5.30764148010E-01
-5.20094838308E-01
4.21136504975E-02
4.87834266169E-01
-6.70281405473E-02
-3.02666355721E-01
-1.05177238806E-01
4.02887904229E-01
7.81463774876E-01
8.97290889303E-01
7.83951337065E-01
3.49385883085E-01
-8.86971393035E-02
-2.35579912935E-01
-3.21556281095E-01
-1.48923351990E-01
6.58737562189E-01
1.61186256219E-01
-3.27852922886E-01
-7.67063121891E-02
1.22512437811E-01
3.52728544776E-01
1.47543532338E-01
1.51488650498E-01
-1.55725279851E-01
-4.90904850746E-02
2.28836287313E-01
3.21206467662E-01
2.35929726368E-01
-4.62783737562E-01
-6.17576181592E-01
2.57501554726E-02
-4.57089552239E-02
-8.81646455224E-01
-4.88786536070E-01
3.64622201493E-01
2.81386038557E-01
2.81502643035E-01
3.65535603234E-01
5.21591262438E-01
4.24634639303E-01
-2.41157493781E-01
-4.91176927861E-01
-5.09833644279E-01
-4.87503886816E-01
-5.57602611940E-01
-6.58737562189E-01
-1.52849036070E-01
3.22255907960E-01
2.67179726368E-01
-2.15698849502E-01
-4.56739738806E-01
-1.04069496269E-01
-2.43761660448E-01
-4.54232742537E-01
-5.14031405473E-01
-1.18256374378E-01
3.44022077114E-01
3.02977300995E-01
4.38063588308E-01
5.75326492537E-01
2.47803949005E-01
-1.32346082090E-02
-1.16468439055E-01
1.72166511194E-01
3.83531560945E-01
8.04959577114E-02
-3.23052705224E-01
-8.58092350746E-01
-5.71323072139E-01
-1.46805037313E-01
-2.81774720149E-01
-1.39439521144E-01
-1.93485696517E-01
-3.47442475124E-01
1.65422885572E-01
8.29835199005E-02
-7.67101990050E-01
-9.65621113184E-01
-2.56082866915E-01
7.71532960199E-02
-4.32349968905E-01
-2.12472792289E-01
5.65531716418E-03
-7.23336442786E-02
1.12270677861E-01
2.52293221393E-01
2.78548662935E-01
4.83908582090E-02
-2.09985230100E-01
-2.63506685323E-01
-7.16340174129E-02
6.09452736318E-02
1.26340951493E-01
1.34891946517E-01
-2.28350435323E-02
-4.08310012438E-01
-4.69741138060E-01
1.85459421642E-01
5.32921330846E-01
4.84180659204E-01
5.40267412935E-03
-1.62274564677E-01
2.12919776119E-01
-3.64972014925E-02
1.48748445274E-01
2.00792910448E-01
-6.09083488806E-01
-3.40349036070E-01
1.43481809701E-01
4.15500621891E-01
7.07264458955E-01
7.10335043532E-01
5.37488339552E-01
-1.62021921642E-01
-5.05674751244E-01
2.23822294776E-01
2.72465796020E-01
-2.58784203980E-01
7.90967039801E-02
3.74416977612E-01
3.19554570896E-01
-5.05091728856E-02
-1.00104944030E-01
4.10642101990E-01
5.80787468905E-01
4.28618625622E-01
-1.50128264925E-01
-2.79073383085E-01
3.20914956468E-01
4.20534048507E-01
2.01201026119E-01
-1.09394434080E-01
-1.99587997512E-02
3.08982431592E-01
-1.10813121891E-01
-3.04182213930E-01
-1.70844993781E-01
1.02747978856E-01
3.32050684080E-01
1.02223258706E-02
-3.19146455224E-01
-4.11924751244E-01
-2.16515080846E-01
-4.40570584577E-02
3.34849191542E-02
1.78638059701E-01
2.61504975124E-01
3.61784825871E-01
3.99020522388E-01
2.02794620647E-01
-1.85789800995E-02
-1.92999844527E-01
-2.02269900498E-01
-4.39210199005E-02
1.21657338308E-01
1.60097947761E-01
1.18742226368E-01
2.84670398010E-01
4.17871579602E-01
4.04870180348E-01
6.06343283582E-03
-3.38133550995E-01
4.56312189055E-02
2.48814521144E-01
3.46509639303E-02
-2.88401741294E-02
3.41068097015E-02
4.83325559701E-02
4.67195273632E-02
-1.79959577114E-01
-2.62845926617E-01
6.71641791045E-02
1.90181902985E-01
5.32493781095E-03
-1.36621579602E-02
-9.82975746269E-02
-2.03183302239E-01
2.23491915423E-02
6.93213619403E-02
2.56082866915E-01
3.36326181592E-01
-1.29256063433E-01
-5.70409670398E-01
-6.03836287313E-01
-3.80033426617E-01
-3.28338774876E-01
-2.25882307214E-01
1.49156560945E-01
3.75952269900E-01
2.78140547264E-01
-1.92552860697E-01
-4.68827736318E-01
-1.99102145522E-01
1.44103700249E-01
3.60424440299E-01
1.76072761194E-01
-1.31840796020E-01
-3.12869247512E-01
-5.41938743781E-01
-3.97154850746E-01
-2.49883395522E-01
-4.33671486318E-01
-4.13421175373E-01
-1.09977456468E-01
4.88184079602E-02
2.49067164179E-01
2.50505286070E-01
-1.24086598259E-01
3.80324937811E-02
-3.50785136816E-02
-5.89221859453E-01
-6.35261194030E-01
1.81514303483E-02
1.83826958955E-01
-2.99479166667E-01
9.71509639303E-02
3.19962686567E-01
-3.94511815920E-03
-2.82260572139E-01
-3.16347947761E-01
2.54877953980E-01
3.68683924129E-01
2.54858519900E-01
2.27573072139E-01
-6.28362095771E-01
-5.84013526119E-01
3.09099036070E-01
-4.33574315920E-02
-3.20545708955E-01
6.08481032338E-02
-1.48631840796E-01
-2.98390858209E-01
-1.35805348259E-01
-1.27681902985E-02
8.47908893035E-02
3.42622823383E-02
1.04963463930E-01
1.56211131841E-01
5.97792288557E-02
-2.00171019900E-03
-2.25824004975E-02
7.00792910448E-02
1.18236940299E-01
-3.80519278607E-02
-5.17140858209E-02
1.54209421642E-01
1.87908115672E-01
-7.08177860697E-02
-4.81187810945E-02
1.94107587065E-01
-6.49098258706E-02
-2.10043532338E-01
-4.90516169154E-02
1.30344371891E-01
2.32567630597E-01
2.91977611940E-01
3.55507618159E-01
4.02907338308E-01
2.71299751244E-01
-9.63152985075E-02
-1.29081156716E-01
6.52596393035E-02
1.20821672886E-01
6.10230099502E-02
5.70778917910E-02
1.62896455224E-01
1.78638059701E-01
8.54516480100E-02
-6.04399875622E-03
-1.09336131841E-01
-1.05099502488E-01
3.01228233831E-03
4.82936878109E-02
-2.27573072139E-02
-2.04815764925E-01
-3.35082400498E-01
-3.41417910448E-01
-8.57820273632E-02
1.78482587065E-01
3.35995802239E-01
2.34491604478E-01
-2.29613650498E-01
-5.19511815920E-01
-3.91635572139E-01
3.88681592040E-05
1.30966262438E-01
7.84748134328E-02
-1.83341106965E-01
-3.59938588308E-01
-7.97185945274E-02
1.65928171642E-01
3.65613339552E-01
5.19317475124E-01
3.21361940299E-01
-1.81281094527E-01
-5.71906094527E-01
-5.70837220149E-01
-2.56704757463E-01
-4.34157338308E-02
4.84102922886E-02
1.00746268657E-01
1.18217506219E-01
2.34588774876E-01
1.51877332090E-01
-1.80989583333E-01
-1.05565920398E-01
2.16262437811E-01
2.41682213930E-01
1.32715329602E-01
2.50505286070E-02
-4.31436567164E-02
-1.62274564677E-02
1.64898165423E-01
2.38669931592E-01
1.14835976368E-01
-1.23795087065E-02
-1.27604166667E-01
-9.55962375622E-02
5.20833333333E-02
1.36155161692E-01
1.66297419154E-01
1.16293532338E-01
-7.11287313433E-03
-5.00233208955E-02
-3.76632462687E-02
-6.31218905473E-02
3.80519278607E-02
1.69387437811E-01
2.66091417910E-01
2.10840329602E-01
-5.04897388060E-02
-2.65994247512E-01
-2.07905783582E-01
5.61061878109E-02
1.97217039801E-01
2.65294620647E-01
2.63312344527E-01
6.86800373134E-02
-1.64975901741E-01
-3.45421330846E-01
-2.84262282338E-01
3.69247512438E-03
1.74634639303E-01
1.64762126866E-01
2.39233519900E-02
-1.34717039801E-01
-3.41009794776E-01
-2.46657338308E-01
3.32322761194E-02
9.47022699005E-02
7.51710199005E-02
1.71991604478E-02
-9.73647388060E-03
-1.22570740050E-01
-8.64233519900E-02
1.29508706468E-01
1.38312344527E-01
1.28206623134E-01
1.37398942786E-01
-1.47699004975E-03
-1.93874378109E-01
-2.83426616915E-01
-1.80698072139E-01
-2.19410758706E-02
4.21913868159E-02
4.95180348259E-02
-1.53529228856E-03
-1.85770366915E-01
-1.79473725124E-01
-3.20856654229E-02
4.32213930348E-02
1.29508706468E-01
1.00843439055E-01
-9.12235696517E-02
-7.27611940299E-02
1.42626710199E-01
6.95157027363E-02
-2.52643034826E-02
4.65834888060E-02
6.04399875622E-03
-2.61777052239E-02
-1.93757773632E-02
-5.26469216418E-02
-6.04399875622E-03
8.52184390547E-02
1.00882307214E-01
1.01776274876E-01
7.43547885572E-02
-2.02891791045E-02
-7.21198694030E-02
1.07470460199E-02
1.09044620647E-01
8.29446517413E-02
2.93454601990E-02
-4.60004664179E-02
-5.70195895522E-02
-3.36792599502E-02
5.95654539801E-02
1.65772699005E-01
1.63460043532E-01
1.66161380597E-02
-1.61302860697E-01
-1.58523787313E-01
-1.71214241294E-02
1.29469838308E-01
2.42809390547E-01
2.44675062189E-01
1.74692941542E-01
3.10945273632E-03
-7.42187500000E-02
-8.74533582090E-04
-2.89567786070E-03
-3.02782960199E-02
4.38627176617E-02
5.58535447761E-02
-9.09514925373E-02
-7.02930659204E-02
-3.98009950249E-02
9.19231965174E-03
1.68648942786E-01
1.07625932836E-01
3.00839552239E-02
-1.20743936567E-01
-1.36174595771E-01
1.17653917910E-01
1.76869558458E-01
2.47648476368E-01
3.43030939055E-01
1.18120335821E-01
-1.46494092040E-01
-2.20907182836E-01
-2.76372046020E-01
-1.74187655473E-01
2.33461598259E-01
2.68928793532E-01
1.39731032338E-02
-1.29314365672E-01
-9.42164179104E-02
3.57392723881E-02
3.92957089552E-02
2.57307213930E-02
7.21198694030E-02
1.22356965174E-01
8.37025808458E-02
3.66526741294E-02
-1.79940143035E-01
-9.21952736318E-02
1.52421486318E-01
1.52207711443E-01
1.37651585821E-01
-7.74253731343E-02
-8.66176927861E-02
-1.07470460199E-02
-5.21610696517E-02
2.94814987562E-02
4.79438743781E-02
1.30752487562E-01
1.33492692786E-01
4.74191542289E-03
-5.31133395522E-02
-3.50396455224E-02
1.27487562189E-02
-2.53031716418E-02
1.99199315920E-02
6.15088619403E-02
6.11590485075E-02
9.02129975124E-02
4.66029228856E-02
-1.35066853234E-02
-1.05254975124E-01
-1.13222947761E-01
-1.78793532338E-02
-7.48212064677E-03
-5.51539179104E-02
-1.27157182836E-01
-1.03058924129E-01
-9.82004042289E-02
-1.54015080846E-01
-4.48538557214E-02
5.32105099502E-02
7.77363184080E-04
-1.77724657960E-01
-1.80484297264E-01
-2.52254353234E-02
-4.11808146766E-02
-8.31195584577E-02
-2.29322139303E-02
-4.39210199005E-03
9.30892412935E-03
9.49549129353E-02
8.52378731343E-02
-6.38409514925E-02
-1.19033737562E-01
-1.38176305970E-02
6.87577736318E-02
6.76694651741E-02
2.40982587065E-03
-6.27137748756E-02
-4.31630907960E-02
-8.76476990050E-03
-2.45258084577E-02
-5.45125932836E-02
-1.30597014925E-01
-2.33170087065E-01
-1.53587531095E-01
2.72854477612E-02
-9.74036069652E-02
-1.66744402985E-01
-6.96517412935E-02
-1.16604477612E-02
6.07120646766E-02
8.98631840796E-02
8.77060012438E-02
1.05604788557E-01
1.41693874378E-01
1.40858208955E-01
6.20724502488E-02
-2.43314676617E-02
-9.56156716418E-03
9.35750932836E-02
9.42747201493E-02
4.68361318408E-03
-1.46066542289E-01
-1.67871579602E-01
4.50870646766E-02
1.15846548507E-01
7.09343905473E-02
-6.10230099502E-03
-4.39987562189E-02
-7.45491293532E-02
-1.55336598259E-01
-1.13708799751E-01
-3.22605721393E-02
-2.22131529851E-02
-1.83457711443E-02
8.06125621891E-02
1.06265547264E-01
-1.96672885572E-02
-1.21113184080E-01
-1.26282649254E-01
1.84623756219E-03
8.39163557214E-02
8.75699626866E-02
2.56918532338E-02
-6.10230099502E-03
7.40632773632E-02
4.13751554726E-02
-9.32641480100E-02
-6.98655161692E-02
5.25303171642E-02
1.01290422886E-01
6.17615049751E-02
9.50326492537E-03
1.00474191542E-02
1.41285758706E-02
5.52122201493E-02
6.54151119403E-02
-2.68190298507E-03
-7.73476368159E-03
-1.43034825871E-02
-1.29819651741E-01
-1.48301461443E-01
-3.07447139303E-02
7.73865049751E-02
1.80115049751E-01
1.20666200249E-01
-9.19814987562E-02
-1.49603544776E-01
-1.63634950249E-01
-1.41518967662E-01
-2.68773320896E-02
2.81599813433E-02
-1.01834577114E-02
-6.17420708955E-02
-1.78210509950E-02
7.40049751244E-02
9.33224502488E-02
-1.71602922886E-02
-1.10132929104E-01
-9.07182835821E-02
2.54392101990E-02
4.72636815920E-02
3.49813432836E-03
2.03086131841E-02
-1.20491293532E-02
-6.61730410448E-02
-3.91596703980E-02
6.72419154229E-02
1.43248600746E-01
1.02320429104E-01
2.49533582090E-02
1.33512126866E-02
4.13945895522E-03
6.85245646766E-02
1.04982898010E-01
5.55425995025E-02
1.83457711443E-02
-1.04944029851E-03
1.45561256219E-02
-1.90842661692E-02
-9.88417288557E-02
-1.28556436567E-01
-6.29858519900E-02
1.59942475124E-02
9.62958644279E-02
1.15146921642E-01
5.83799751244E-02
-6.77083333333E-02
-1.67813277363E-01
-9.38666044776E-02
-2.14357898010E-02
4.27549751244E-02
1.03233830846E-01
7.86691542289E-02
-4.27549751244E-04
-8.67537313433E-02
-8.42273009950E-02
1.96089863184E-02
1.97450248756E-02
-4.21719527363E-02
3.45537935323E-02
1.92883240050E-01
2.09965796020E-01
9.12430037313E-02
-2.44480721393E-02
-1.36504975124E-01
-1.12076337065E-01
3.41651119403E-02
8.60541044776E-02
1.07217817164E-01
8.59569340796E-02
-5.03342661692E-02
-2.26601368159E-01
-2.58531560945E-01
-1.65286847015E-01
-1.94301927861E-01
-1.30946828358E-01
6.23250932836E-02
1.66686100746E-01
1.61050217662E-01
-7.25474191542E-02
-2.48173196517E-01
-2.23142101990E-01
-2.01473103234E-01
-5.39878731343E-02
1.07781405473E-01
2.03027829602E-01
1.44667288557E-01
-5.68252487562E-02
-1.48009950249E-01
-8.08263370647E-02
4.54174440299E-02
-7.03513681592E-03
-4.18998756219E-02
-4.10642101990E-02
-5.47846703980E-02
5.09561567164E-02
1.41752176617E-01
1.15593905473E-01
5.19861629353E-02
7.40049751244E-02
5.82633706468E-02
4.56117848259E-02
5.73499689055E-02
6.94185323383E-02
6.71253109453E-02
-1.90453980100E-02
-9.85890858209E-02
-1.09102922886E-01
-1.36038557214E-03
1.92591728856E-02
-4.82353855721E-02
-1.01193252488E-01
-1.04613650498E-01
-1.17964863184E-02
8.35665422886E-02
1.51857898010E-01
5.87880907960E-02
-1.34658737562E-01
-2.64750466418E-01
-2.62379508706E-01
-8.15453980100E-02
6.89715485075E-02
1.84157338308E-01
2.07594838308E-01
6.48126554726E-02
-5.29189987562E-02
-1.57163401741E-01
-1.40003109453E-01
6.24416977612E-02
1.91017568408E-01
2.90014769900E-01
2.04990671642E-01
-3.15998134328E-02
-2.21043221393E-01
-2.34958022388E-01
-9.37111318408E-02
-1.20530161692E-01
-6.95157027363E-02
7.26834577114E-02
1.08442164179E-02
-1.09141791045E-01
1.09219527363E-02
1.36874222637E-01
1.14797108209E-01
9.47994402985E-02
1.82874689055E-02
-9.90166355721E-02
-6.68337997512E-02
-7.39855410448E-02
-7.63759328358E-02
5.45903296020E-02
1.75237095771E-01
2.08022388060E-01
1.85245646766E-01
1.18994869403E-01
-7.02930659204E-02
-7.06817475124E-02
8.00295398010E-02
4.21525186567E-02
3.01811256219E-02
4.62725435323E-02
4.48927238806E-03
1.67327425373E-02
-9.07571517413E-03
-1.32151741294E-03
4.88184079602E-02
4.18415733831E-02
2.83348880597E-02
2.61777052239E-02
6.16449004975E-02
9.09514925373E-03
-1.01096082090E-01
-8.90275186567E-02
2.34763681592E-02
2.82960199005E-02
1.85789800995E-02
-1.43229166667E-02
-6.71447450249E-02
3.74494713930E-02
1.27118314677E-01
2.66849347015E-01
1.60350590796E-01
-2.56277207711E-01
-4.62531094527E-01
-3.52806281095E-01
-6.82719216418E-02
1.29780783582E-01
2.90597792289E-01
2.46579601990E-01
3.18524564677E-02
-9.69177549751E-02
-8.12927549751E-02
2.08916355721E-02
1.52557524876E-02
3.56809701493E-02
4.48149875622E-02
2.92482898010E-02
1.06129508706E-01
1.84487717662E-01
1.75489738806E-01
7.68423507463E-02
6.08869713930E-02
1.46338619403E-02
-1.82835820896E-01
-1.40003109453E-01
7.95242537313E-02
2.15698849502E-01
6.44434079602E-02
-3.19321361940E-01
-2.88421175373E-01
-6.19947139303E-03
1.40333488806E-01
2.61271766169E-01
2.46657338308E-01
3.97621268657E-02
-1.35591573383E-01
-2.88868159204E-01
-3.62348414179E-01
-1.84934701493E-01
-4.35129042289E-02
1.31568718905E-01
1.65889303483E-01
-1.38895366915E-01
-3.02705223881E-01
-3.66118625622E-01
-2.25998911692E-01
1.38001399254E-01
3.22275342040E-01
3.01344838308E-01
1.41091417910E-01
-3.29601990050E-02
-7.10121268657E-02
4.18221393035E-02
4.38821517413E-02
-1.53529228856E-02
-4.62531094527E-02
-3.98981654229E-02
-1.12698227612E-01
1.30402674129E-02
2.27767412935E-01
4.62336753731E-02
6.29858519900E-02
-2.67218594527E-02
-1.01562500000E-01
9.79671952736E-02
1.31976834577E-01
1.14272388060E-01
1.21035447761E-01
7.22364738806E-02
-1.60136815920E-02
-7.17506218905E-02
-1.52946206468E-02
5.13059701493E-03
-7.69589552239E-03
6.62702114428E-03
1.29625310945E-02
4.25606343284E-03
-1.62663246269E-02
-5.22776741294E-02
-1.09860851990E-01
-1.13883706468E-01
-1.91037002488E-02
1.56638681592E-01
1.19752798507E-01
-5.93128109453E-02
-4.10253420398E-02
7.21393034826E-02
2.58084577114E-02
2.46229788557E-02
6.25000000000E-02
2.68190298507E-02
3.18913246269E-02
-1.87538868159E-02
-1.69659514925E-02
9.61986940299E-02
6.32967972637E-02
1.50225435323E-02
-3.11916977612E-02
9.87251243781E-03
3.10439987562E-01
1.27895677861E-01
-3.63184079602E-01
-3.07447139303E-01
1.04166666667E-02
5.86131840796E-02
2.15135261194E-02
6.12367848259E-02
-1.19130907960E-02
-7.42770522388E-02
6.62702114428E-02
1.03700248756E-01
8.27891791045E-03
1.14661069652E-02
1.11609919154E-01
9.13401741294E-02
-6.01484763682E-02
-3.90819340796E-02
-2.13580534826E-02
1.53140547264E-02
3.67109763682E-02
2.97341417910E-03
-7.04096703980E-02
-2.63720460199E-02
1.06401585821E-01
1.75139925373E-01
1.32093439055E-01
-1.53334888060E-02
-1.14291822139E-01
2.09693718905E-02
2.26445895522E-01
2.78470926617E-01
9.95024875622E-03
-3.84561567164E-01
-3.17222481343E-01
-1.64315143035E-01
-1.41557835821E-01
-1.00629664179E-01
3.52922885572E-02
5.58924129353E-02
-1.04963463930E-01
-2.54567008706E-01
-2.73029384328E-01
-8.99992226368E-02
-5.50567475124E-02
2.32625932836E-02
2.48600746269E-01
2.98371424129E-01
1.75897854478E-01
-3.40096393035E-03
-2.91511194030E-04
7.13619402985E-02
5.83799751244E-02
-2.62554415423E-02
-1.05740827114E-01
-6.38992537313E-02
4.74385883085E-02
5.46680659204E-02
-5.91379042289E-02
-8.92218594527E-02
5.64948694030E-02
6.83496579602E-02
-6.11784825871E-02
-1.19266946517E-01
-1.87033582090E-01
-2.34083488806E-01
-1.22084888060E-01
1.73740671642E-01
1.50866759950E-01
-2.50116604478E-02
3.08224502488E-02
3.71190920398E-02
6.46183146766E-02
9.25450870647E-02
1.46999378109E-01
1.63129664179E-01
1.20491293532E-01
1.07140080846E-01
6.23833955224E-02
-8.41495646766E-03
-4.19970460199E-02
2.39039179104E-03
5.38129664179E-02
1.01290422886E-01
1.63187966418E-01
1.09200093284E-01
-9.51103855721E-02
-2.42032027363E-01
-1.81417133085E-01
2.48756218905E-03
2.02308768657E-02
-3.65360696517E-03
8.41301305970E-02
1.24144900498E-01
9.10680970149E-02
-1.94340796020E-05
-1.11843128109E-01
-1.62196828358E-01
-8.53933457711E-02
-3.79353233831E-02
5.73111007463E-02
2.36532182836E-01
3.20876088308E-01
2.48348103234E-01
3.78381529851E-02
-1.01795708955E-01
-2.15562810945E-01
-1.34056281095E-01
8.47714552239E-02
3.26103855721E-02
-1.25077736318E-01
-9.78505907960E-02
3.34849191542E-02
4.90904850746E-02
-3.16581156716E-02
-2.37678793532E-02
-5.95071517413E-02
-1.15710509950E-01
-8.09818097015E-02
-1.47232587065E-01
-1.06790267413E-01
2.11637126866E-02
-1.89287935323E-02
-1.34600435323E-01
-4.65640547264E-02
1.32540422886E-01
1.99413090796E-01
5.34825870647E-02
-3.66915422886E-01
-4.88261815920E-01
-3.21847792289E-01
-1.91347947761E-01
-3.29407649254E-02
9.02712997512E-02
1.40236318408E-01
2.28350435323E-01
1.94690609453E-01
-1.00279850746E-02
-2.06078980100E-01
-2.14688277363E-01
-6.93990982587E-02
-2.69550684080E-02
4.21330845771E-02
-7.92910447761E-03
1.55472636816E-04
8.83278917910E-02
5.94682835821E-02
6.83302238806E-02
9.89777674129E-02
-1.90842661692E-02
-1.57280006219E-01
-1.13495024876E-02
7.88246268657E-02
4.97901119403E-02
3.63028606965E-02
-1.80736940299E-03
-1.22143190299E-01
-1.12018034826E-01
-1.65189676617E-03
-4.73414179104E-02
-5.07229477612E-02
3.54283271144E-02
5.16169154229E-02
-2.17661691542E-03
-2.65858208955E-02
-5.93905472637E-02
-6.79804104478E-02
2.10471082090E-02
1.31549284826E-01
1.20821672886E-01
-4.05783582090E-02
-1.60389458955E-01
-1.05118936567E-01
4.65446206468E-02
1.27720771144E-01
8.14287935323E-02
-3.36015236318E-02
-1.11745957711E-01
-5.95848880597E-02
8.15842661692E-02
8.26337064677E-02
-1.08053482587E-02
-9.39832089552E-02
-1.72244247512E-01
-1.28128886816E-01
3.21828358209E-02
1.67327425373E-01
1.57707555970E-01
3.41651119403E-02
-5.37546641791E-02
3.94511815920E-03
1.23231498756E-01
1.48126554726E-01
1.20258084577E-01
3.43400186567E-02
-7.05457089552E-03
-6.19947139303E-03
-6.45211442786E-02
-2.96175373134E-02
1.12270677861E-01
1.40974813433E-01
2.72077114428E-02
-8.10206778607E-02
-7.77751865672E-02
3.45926616915E-03
-1.30208333333E-03
-1.42898787313E-01
-1.38837064677E-01
2.77712997512E-02
6.74945584577E-02
4.54368781095E-02
-3.45926616915E-02
-6.71447450249E-02
-2.90539490050E-02
-6.66783271144E-02
-1.12950870647E-01
-1.73837842040E-01
-1.47446361940E-01
-4.19970460199E-02
4.86435012438E-02
1.96808924129E-01
2.81288868159E-01
1.01251554726E-01
-2.32198383085E-01
-2.09965796020E-01
8.44022077114E-02
2.52681902985E-01
2.19838308458E-01
3.07447139303E-02
-9.36722636816E-02
-1.62177394279E-01
-8.86194029851E-02
1.73701803483E-01
9.95219216418E-02
-2.59036847015E-01
-4.26111629353E-01
-2.85039645522E-01
-4.93625621891E-02
-3.39513370647E-02
-9.61015236318E-02
-1.00066075871E-01
7.46462997512E-02
2.31906871891E-01
1.86547730100E-01
7.29749689055E-02
-5.26663557214E-03
-1.03972325871E-02
9.57905783582E-02
1.93233053483E-01
2.70541822139E-01
2.40108053483E-01
1.12367848259E-01
8.00684079602E-03
-5.73499689055E-02
3.54088930348E-02
1.52149409204E-01
2.39388992537E-01
1.35377798507E-01
-1.78599191542E-01
-4.42766635572E-01
-4.51356498756E-01
-2.24463619403E-01
-6.75334266169E-02
9.25062189055E-03
4.74774564677E-02
-5.22582400498E-02
-2.99790111940E-01
-3.42817164179E-01
-9.25839552239E-02
6.23639614428E-02
2.56782493781E-01
4.61520522388E-01
3.30942941542E-01
1.76422574627E-01
1.25038868159E-01
1.54034514925E-01
2.65411225124E-01
2.91841573383E-01
2.87391169154E-01
4.80799129353E-02
-4.25353700249E-01
-9.65096393035E-02
1.11668221393E-01
-4.90108053483E-01
-4.72753420398E-01
-1.65967039801E-01
1.27662468905E-01
4.21019900498E-01
1.10579912935E-01
-1.86372823383E-02
9.62181281095E-02
7.64148009950E-02
1.44842195274E-01
-3.57198383085E-02
1.84526585821E-01
3.98379197761E-01
2.17661691542E-01
-1.46085976368E-01
-2.45899409204E-01
-1.95118159204E-02
1.45755597015E-01
2.51690764925E-01
1.59223414179E-01
-1.78113339552E-01
-2.13425062189E-01
7.34025186567E-02
2.16651119403E-01
2.34258395522E-01
1.03039490050E-01
-9.09514925373E-03
-3.44760572139E-02
-8.29835199005E-03
-4.28715796020E-02
-1.02437033582E-01
-1.43442941542E-01
-2.66810478856E-01
-2.88770988806E-01
-2.32898009950E-01
-1.05157804726E-01
7.60844216418E-02
2.07828047264E-01
3.69286380597E-01
4.45409670398E-01
4.34468283582E-01
3.24354788557E-01
6.27526430348E-02
-1.07004042289E-01
-1.64800995025E-01
-7.51515858209E-02
-6.64839863184E-02
-8.13510572139E-02
8.73950559701E-02
2.32878575871E-01
3.51134950249E-01
3.12072450249E-01
-4.56700870647E-03
-2.43198072139E-01
-3.16386815920E-01
-2.89703824627E-01
-2.04213308458E-01
-1.82349968905E-01
-1.11221237562E-01
-4.47372512438E-02
2.07361629353E-02
9.39054726368E-02
9.89000310945E-02
1.31976834577E-01
1.27176616915E-01
-4.80021766169E-02
-1.50264303483E-01
-2.15076958955E-01
-2.46346393035E-01
-2.53498134328E-01
-1.94204757463E-01
8.63261815920E-02
2.53906250000E-01
7.58512126866E-02
-2.94523476368E-01
-3.44838308458E-01
-1.17770522388E-01
6.31996268657E-02
1.85614894279E-01
1.38351212687E-01
-1.11435012438E-01
-1.24144900498E-01
8.99992226368E-02
4.45040422886E-02
4.97318097015E-02
1.20899409204E-01
5.68058146766E-02
-3.89653296020E-02
-1.46513526119E-01
-2.61407804726E-01
-2.57540422886E-01
-1.00960043532E-01
3.01228233831E-02
1.37126865672E-01
1.09141791045E-01
-8.78809079602E-02
-1.61983053483E-01
-4.13557213930E-02
3.49813432836E-03
1.63246268657E-02
3.19884950249E-02
-8.36248445274E-02
-1.14388992537E-01
-2.37484452736E-02
2.60611007463E-02
4.94402985075E-02
9.48966106965E-02
8.28086131841E-02
1.47699004975E-03
-4.64085820896E-02
-7.65702736318E-02
-5.42599502488E-02
2.35929726368E-02
1.90453980100E-03
-9.84141791045E-02
-5.83799751244E-02
7.44519589552E-02
1.13747667910E-01
8.74533582090E-02
-1.41674440299E-02
-1.13417288557E-01
-5.71750621891E-02
9.26033893035E-02
1.19849968905E-01
8.15065298507E-02
7.44130907960E-02
2.27378731343E-03
-9.02712997512E-02
-7.18672263682E-02
4.47178171642E-02
1.68299129353E-02
-5.96043221393E-02
-7.51127176617E-02
-1.88491138060E-01
-1.54753575871E-01
-3.36986940299E-02
1.09996890547E-02
9.27588619403E-02
6.08286691542E-03
-6.45017101990E-02
-1.31374378109E-02
-6.51041666667E-02
-1.76033893035E-01
-1.70572916667E-01
-5.77775186567E-02
3.46509639303E-02
6.86800373134E-02
1.14019745025E-01
1.18839396766E-01
4.29104477612E-02
7.21004353234E-03
1.30402674129E-02
7.24502487562E-02
9.05239427861E-02
5.83994092040E-02
8.77254353234E-02
1.01951181592E-01
1.06129508706E-01
1.35241759950E-01
1.82136194030E-01
5.68835509950E-02
-1.97061567164E-01
-3.45537935323E-01
-3.71307524876E-01
-2.05651430348E-01
-8.42078669154E-02
-2.19410758706E-02
5.25886194030E-02
7.75419776119E-02
5.49984452736E-03
-4.30853544776E-02
7.49378109453E-02
2.23997201493E-01
1.87713774876E-01
9.52269900498E-03
-1.13300684080E-02
4.34546019900E-02
-2.48950559701E-02
-1.03428171642E-01
-7.51321517413E-02
-4.37072450249E-02
-8.09235074627E-02
-7.57734763682E-02
-1.18742226368E-01
-3.36598258706E-02
2.21237562189E-01
3.40737717662E-01
2.18711131841E-01
-3.36015236318E-02
-1.56735851990E-01
-1.54034514925E-01
-4.32602611940E-02
5.86326181592E-02
1.31899098259E-01
1.42276896766E-01
6.06148942786E-02
1.56055659204E-02
1.33628731343E-01
2.12686567164E-01
7.19838308458E-02
-3.60890858209E-02
-6.66394589552E-02
5.48041044776E-03
4.07338308458E-02
1.95701181592E-02
9.95607898010E-02
1.93757773632E-01
2.22034359453E-01
1.15652207711E-01
-1.76072761194E-02
-1.15749378109E-01
-1.65325715174E-01
-1.94554570896E-01
-1.92902674129E-01
-2.71688432836E-02
1.27332089552E-01
2.31304415423E-01
1.67405161692E-01
-6.15477300995E-02
-2.04796330846E-01
-1.65286847015E-01
3.25520833333E-02
5.29189987562E-02
-4.91682213930E-02
-7.30915733831E-02
-5.50761815920E-02
9.25450870647E-02
2.22656250000E-01
1.76655783582E-01
1.08442164179E-02
-1.44064832090E-01
-1.70223103234E-01
-1.41868781095E-02
8.91829912935E-02
1.01990049751E-01
5.03537002488E-02
-5.58341106965E-02
-1.07587064677E-01
-5.81662002488E-02
2.67024253731E-02
4.99067164179E-02
5.57758084577E-02
1.37360074627E-01
5.86520522388E-02
-1.88316231343E-01
-2.03727456468E-01
7.01570273632E-03
9.21952736318E-02
-1.27098880597E-02
-1.35747046020E-01
-1.08947450249E-01
2.15912624378E-02
1.09258395522E-01
9.65096393035E-02
-6.96323072139E-02
-1.01057213930E-01
6.38603855721E-02
1.74343128109E-01
1.53334888060E-01
5.82245024876E-02
-2.30099502488E-02
-1.28945118159E-01
-1.57377176617E-01
-1.54287157960E-01
-1.79609763682E-01
-1.95740049751E-01
-1.43598414179E-01
6.05760261194E-02
1.83438277363E-01
1.10016324627E-01
-6.21696206468E-02
-1.75081623134E-01
-1.92572294776E-01
-1.40197450249E-01
-9.20398009950E-02
-8.05542599502E-02
-8.55099502488E-02
-4.90516169154E-02
8.58986318408E-03
7.68812189055E-02
1.36563277363E-01
1.16351834577E-01
-1.88510572139E-03
-8.91246890547E-02
-1.15865982587E-01
-1.20530161692E-01
4.00342039801E-03
8.79392101990E-02
8.83084577114E-02
6.30247201493E-02
8.66176927861E-02
1.09005752488E-01
4.44457400498E-02
3.62445584577E-02
6.95157027363E-02
-2.11054104478E-02
-7.65702736318E-02
8.76476990050E-03
3.90625000000E-03
-5.95460199005E-02
-1.44783893035E-02
4.63697139303E-02
6.86217350746E-02
6.32190609453E-02
1.20044309701E-01
1.47776741294E-01
4.61948072139E-02
-4.48732898010E-02
-6.37826492537E-02
2.39233519900E-02
3.14443407960E-02
-6.55122823383E-02
-1.07781405473E-01
-8.24976679104E-02
3.62639925373E-02
8.86777052239E-02
-3.51756840796E-02
-1.14116915423E-01
-4.18027052239E-02
-2.89567786070E-03
-6.52207711443E-02
-6.16837686567E-02
6.87189054726E-02
1.82641480100E-01
1.43617848259E-01
-2.18439054726E-02
-9.27782960199E-02
1.33512126866E-02
1.17984297264E-01
8.47131529851E-02
-2.21548507463E-03
-9.44496268657E-02
-1.23736784826E-01
-8.85222325871E-02
-8.85222325871E-02
-5.26274875622E-02
-5.26857898010E-02
-4.63308457711E-02
1.04555348259E-02
6.26943407960E-02
4.31630907960E-02
-7.56763059701E-02
-7.24113805970E-02
3.60696517413E-02
7.36940298507E-02
3.84017412935E-02
5.48429726368E-02
7.50544154229E-02
2.73243159204E-02
6.69892723881E-02
9.42358519900E-02
1.36815920398E-02
-1.82486007463E-02
6.86606032338E-02
9.68983208955E-02
3.51756840796E-03
-1.28031716418E-01
-1.41227456468E-01
-7.33636504975E-02
-3.51756840796E-03
1.13650497512E-01
2.24230410448E-01
2.33170087065E-01
7.83387748756E-02
-1.03000621891E-02
-6.86606032338E-02
-9.47411380597E-02
-2.29322139303E-02
-9.65485074627E-02
-1.27060012438E-01
3.27075559701E-02
1.68532338308E-01
1.40080845771E-01
-6.58620957711E-02
-2.75808457711E-01
-2.39544465174E-01
1.37787624378E-02
1.52771299751E-01
1.75858986318E-01
7.41410136816E-02
-1.46591262438E-01
-1.32443252488E-01
5.23554104478E-02
1.64645522388E-01
1.70067630597E-01
1.63829291045E-02
-1.81902985075E-01
-2.36493314677E-01
-5.88463930348E-02
3.91791044776E-02
9.96190920398E-02
7.90967039801E-02
-7.01764614428E-02
-1.63226834577E-01
-1.42529539801E-01
-3.93151430348E-02
-3.12888681592E-02
2.98701803483E-02
1.23270366915E-01
1.07645366915E-01
-7.38495024876E-04
-9.27977300995E-02
-5.13642723881E-02
4.06755286070E-02
4.56506529851E-02
5.30744713930E-02
8.47325870647E-02
1.09336131841E-01
1.16798818408E-02
-1.21851679104E-02
1.47873911692E-01
1.83924129353E-01
1.27098880597E-02
-1.89093594527E-01
-2.22636815920E-01
-8.81724191542E-02
2.99284825871E-03
5.35797574627E-02
8.38191853234E-02
3.48453047264E-02
-1.29197761194E-01
-1.43967661692E-01
9.83947450249E-02
1.41596703980E-01
-5.55814676617E-03
-5.69224191542E-02
1.07859141791E-02
5.05091728856E-02
4.63891480100E-02
1.69076492537E-03
-4.78467039801E-02
-4.07726990050E-02
-7.34025186567E-02
-9.71315298507E-02
-4.69138681592E-02
-3.59919154229E-02
-5.38324004975E-02
-8.19729477612E-02
-9.86279539801E-02
-2.43509017413E-02
2.31654228856E-02
6.06343283582E-03
-8.70646766169E-02
-7.76780161692E-02
6.18198072139E-02
5.73305348259E-02
-5.84188432836E-02
-6.88549440299E-02
2.24657960199E-02
6.57454912935E-02
4.28715796020E-02
1.48087686567E-02
2.54586442786E-02
2.86263992537E-02
-2.15523942786E-02
-1.06693097015E-02
2.97341417910E-02
1.98616293532E-02
-5.30550373134E-03
3.93928793532E-02
5.26274875622E-02
4.67195273632E-02
1.91814365672E-02
-1.21637904229E-01
-1.54287157960E-01
-6.16254664179E-02
-7.42381840796E-03
4.02091106965E-02
2.49922263682E-02
-3.74106032338E-02
5.73305348259E-03
6.15282960199E-02
8.10595460199E-02
1.24514148010E-01
1.15652207711E-01
-1.76461442786E-02
-1.10074626866E-01
-8.12538868159E-02
2.77324315920E-02
1.12076337065E-01
1.46241449005E-01
1.26671330846E-01
-6.62702114428E-03
-6.48515236318E-02
-2.54586442786E-03
-1.45755597015E-02
-1.17770522388E-02
9.26422574627E-02
9.97356965174E-02
-4.07726990050E-02
-8.24199315920E-02
-3.29601990050E-02
-3.93928793532E-02
-2.93454601990E-02
4.00342039801E-03
-1.80931281095E-02
-8.04182213930E-02
-1.05371579602E-01
-8.95522388060E-02
-3.50202114428E-02
1.26904539801E-02
4.85074626866E-02
3.03949004975E-02
-1.04652518657E-01
-1.17109763682E-01
5.41239116915E-02
1.20160914179E-01
7.35774253731E-02
3.55837997512E-02
-4.43874378109E-02
-6.43462375622E-02
2.37678793532E-02
6.61924751244E-02
7.28000621891E-02
5.03537002488E-02
1.77821828358E-02
-2.62360074627E-03
-2.61971393035E-02
-2.56141169154E-02
-5.98569651741E-03
1.62080223881E-02
5.35214552239E-02
6.80581467662E-02
2.89956467662E-02
-4.13362873134E-02
-5.99930037313E-02
-1.22240360697E-02
4.39210199005E-03
1.33900808458E-02
1.37204601990E-02
-2.62360074627E-03
-9.58100124378E-03
-6.02456467662E-04
-1.47310323383E-02
-2.35929726368E-02
-1.90453980100E-03
1.32151741294E-02
3.49036069652E-02
4.18998756219E-02
2.50116604478E-02
-8.74533582090E-04
-2.26018345771E-02
4.39210199005E-03
5.49207089552E-02
7.01570273632E-02
3.86932524876E-02
-1.61885883085E-02
-3.47287002488E-02
2.27378731343E-03
3.77215485075E-02
4.75940609453E-02
2.47978855721E-02
-1.24961131841E-02
-3.08030161692E-02
-1.69853855721E-02
-1.45755597015E-03
9.67817164179E-03
1.04749689055E-02
-1.32734763682E-02
-1.99199315920E-02
-9.91138059701E-04
1.18159203980E-02
1.24378109453E-02
-6.97683457711E-03
-1.44589552239E-02
9.52269900498E-03
1.18936567164E-02
-4.64474502488E-03
-1.12717661692E-03
8.20118159204E-03
-6.35494402985E-03
-1.32540422886E-02
5.05286069652E-04
1.06304415423E-02
5.65531716418E-03
-1.68687810945E-02
-3.31545398010E-02
-2.39233519900E-02
4.87795398010E-03
1.75295398010E-02
1.22823383085E-02
-4.76134950249E-03
-2.50505286070E-02
-2.15135261194E-02
-9.71703980100E-04
6.49098258706E-03
3.90625000000E-03
4.95569029851E-03
-3.40096393035E-03
-9.71703980100E-03
-3.36209577114E-03
2.27378731343E-03
3.07058457711E-03
-2.54586442786E-03
-5.15003109453E-03
1.37981965174E-03
6.60758706468E-03
6.56871890547E-03
2.97341417910E-03
-1.55472636816E-04
-2.87624378109E-03
-3.28435945274E-03
9.71703980100E-04
4.33379975124E-03
4.25606343284E-03
9.13401741294E-04
-2.52643034826E-03
-1.96284203980E-03
1.65189676617E-03
3.73134328358E-03
2.25435323383E-03
-9.71703980100E-04
-3.16775497512E-03
-2.74020522388E-03
-1.57416044776E-03
-1.65189676617E-03
-9.52269900498E-04
-7.77363184080E-04
-2.04057835821E-03
-3.16775497512E-03
-3.38152985075E-03
-2.60416666667E-03
-2.33208955224E-03
-2.95398009950E-03
-3.14832089552E-03
-2.64303482587E-03
-2.27378731343E-03
-2.50699626866E-03
-3.01228233831E-03
-3.12888681592E-03
-3.10945273632E-03
-3.09001865672E-03
-3.09001865672E-03
-3.12888681592E-03
-3.14832089552E-03
-3.12888681592E-03
