3.18045925832E-04
3.18045925832E-04
3.18045925832E-04
2.96842864110E-04
2.96842864110E-04
2.33233678943E-04
1.06015308611E-04
-2.12030617221E-05
-1.06015308611E-04
-2.12030617221E-05
2.12030617221E-04
5.30076543053E-04
7.63310221996E-04
6.78497975108E-04
4.45264296164E-04
2.54436740665E-04
8.48122468885E-05
-1.48421432055E-04
-1.27218370333E-04
1.48421432055E-04
3.39248987554E-04
6.36091851663E-04
3.81655110998E-04
-1.06015308611E-04
-8.48122468885E-04
-2.07790004877E-03
-3.22286538176E-03
-3.43489599898E-03
-2.37474291288E-03
-6.36091851663E-04
8.48122468885E-05
0.00000000000E+00
-1.69624493777E-04
-9.96543900939E-04
-2.84121027076E-03
-4.68587664059E-03
-4.45264296164E-03
-2.09910311049E-03
1.80226024638E-03
6.10648177597E-03
8.90528592329E-03
1.05803277993E-02
1.05167186142E-02
8.69325530607E-03
6.80618281280E-03
4.96151644297E-03
2.71399190043E-03
3.18045925832E-04
-2.22632148082E-03
-3.54091130759E-03
-1.12376227127E-03
3.77414498654E-03
7.10302567691E-03
6.91219812141E-03
4.96151644297E-03
2.31113372771E-03
-5.93685728219E-04
-9.75340839217E-04
0.00000000000E+00
-1.88707249327E-03
-5.91565422047E-03
-8.14197570129E-03
-1.10679982189E-02
-1.48633462672E-02
-1.42484574773E-02
-5.66121747980E-03
7.78152365202E-03
2.10122341666E-02
2.78396200411E-02
2.36414138202E-02
1.53934228103E-02
1.11952165893E-02
1.22129635519E-02
1.74077136739E-02
2.12242647838E-02
1.74077136739E-02
4.57986133198E-03
-1.03470941204E-02
-1.86586943155E-02
-1.66444034519E-02
-7.14543180035E-03
8.84167673812E-03
2.45743485359E-02
3.61088141128E-02
4.05614570744E-02
3.91408519390E-02
3.11685007315E-02
1.71744799949E-02
2.12030617221E-04
-1.66868095753E-02
-3.00659415220E-02
-3.64904692238E-02
-3.64692661620E-02
-2.83060873990E-02
-1.03470941204E-02
1.11316074041E-02
2.30265250302E-02
2.11818586604E-02
1.14284502682E-02
2.41714903632E-03
-1.78105718466E-03
-6.65776138074E-03
-1.29974768357E-02
-1.70684646863E-02
-1.70684646863E-02
-1.17889023175E-02
-4.74948582575E-03
2.69278883871E-03
7.95114814579E-03
4.28301846787E-03
-1.00290481946E-02
-2.87725547569E-02
-4.62650806776E-02
-5.82660136124E-02
-5.73966880818E-02
-4.06038631978E-02
-1.14920594534E-02
1.61779360940E-02
3.38612895702E-02
4.27665754935E-02
3.67661090261E-02
1.60931238471E-02
-5.95806034391E-03
-2.26660729809E-02
-3.43701630515E-02
-4.43568051227E-02
-4.77492949982E-02
-3.90348366304E-02
-2.20299811293E-02
-5.06753175158E-03
6.36091851663E-03
1.06015308611E-02
4.51625214681E-03
-9.81701757734E-03
-2.78820261646E-02
-4.23849203825E-02
-4.49292877892E-02
-3.40521171257E-02
-1.47573309586E-02
5.38557767742E-03
2.27084791044E-02
3.60027988041E-02
4.31482306045E-02
3.99465682845E-02
2.86665394483E-02
2.09910311049E-02
1.87435065623E-02
1.57538748595E-02
1.42272544155E-02
1.98460657719E-02
2.99175200899E-02
3.71689671989E-02
3.29707609779E-02
1.77257595997E-02
-4.11339397409E-03
-2.34081801412E-02
-3.22922630028E-02
-2.83908996459E-02
-1.92523800437E-02
-1.01350635032E-02
-3.81655110998E-04
8.29039713335E-03
1.31034921443E-02
1.12164196510E-02
6.72137056591E-03
4.02858172720E-03
2.75639802387E-04
-3.90136335687E-03
-4.32542459131E-03
3.58331743104E-03
2.08214066111E-02
4.35086826538E-02
6.39696372156E-02
7.54828997307E-02
7.67974895575E-02
7.03305557322E-02
6.08527871425E-02
4.89154633929E-02
3.50486610267E-02
1.72592922418E-02
-3.07444394971E-03
-2.60373597948E-02
-4.90850878867E-02
-6.57931005237E-02
-7.25568772131E-02
-6.69592689184E-02
-4.89366664546E-02
-2.84969149545E-02
-1.22765727371E-02
8.05716345440E-04
9.45656552806E-03
1.50965799461E-02
2.20935903144E-02
2.87513516952E-02
3.45397875453E-02
3.61936263596E-02
3.21226385090E-02
2.69914975722E-02
2.41714903632E-02
2.72459343129E-02
3.33736191506E-02
3.24194813731E-02
1.95068167843E-02
-1.33579288849E-03
-2.53800648814E-02
-4.06250662596E-02
-3.39461018171E-02
-1.90827555499E-03
4.56501918877E-02
9.38023450586E-02
1.32519135763E-01
1.49587600450E-01
1.45007739118E-01
1.18143459916E-01
6.31427178085E-02
-1.86586943155E-03
-6.27398596357E-02
-1.08814112758E-01
-1.24886033543E-01
-1.10679982189E-01
-6.83586709921E-02
-1.31458982677E-02
3.52818947056E-02
6.48813688697E-02
6.78497975108E-02
3.99465682845E-02
-1.13224349596E-02
-6.40120433391E-02
-9.77885206624E-02
-1.07478319869E-01
-9.50745287620E-02
-6.01318830439E-02
2.54436740665E-04
5.34317155397E-02
7.72003477302E-02
8.43033734071E-02
7.67126773106E-02
5.22231410216E-02
1.98884718953E-02
-4.74948582575E-03
-1.33579288849E-02
-1.36547717490E-02
-1.76833534762E-02
-2.83908996459E-02
-4.59258316901E-02
-7.17723639294E-02
-1.03280113648E-01
-1.29783940801E-01
-1.36462905244E-01
-1.16659245595E-01
-7.19843945466E-02
-2.17331382652E-02
1.78529779700E-02
4.24909356911E-02
6.26974535123E-02
8.10381019019E-02
9.26149736022E-02
9.49049042682E-02
7.91298263469E-02
4.16852193457E-02
-4.24061234442E-05
-2.81788690287E-02
-3.40733201874E-02
-1.74501197973E-02
6.42452770180E-03
1.73229014270E-02
9.73220533045E-03
-2.92602251765E-03
-4.41023683820E-03
1.34427411318E-02
4.22364989504E-02
6.45209168204E-02
6.19765494137E-02
3.60664079893E-02
-5.10993787503E-03
-5.08237389479E-02
-9.47564828361E-02
-1.33452070479E-01
-1.55164005682E-01
-1.58789729237E-01
-1.46937217734E-01
-1.14920594534E-01
-4.46536479868E-02
4.23849203825E-02
1.16086762929E-01
1.56266564892E-01
1.67164938617E-01
1.57496342472E-01
1.33261242923E-01
9.43960307868E-02
4.60530500604E-02
-1.29338676505E-03
-3.45185844836E-02
-4.65619235418E-02
-4.11763458643E-02
-1.88071157475E-02
1.20645421199E-02
3.66600937175E-02
5.03572715900E-02
5.20959226512E-02
4.73464368255E-02
4.11127366792E-02
3.12957191018E-02
1.62203422174E-02
-2.75639802387E-03
-1.87435065623E-02
-2.98327078430E-02
-3.88864151984E-02
-5.15022369230E-02
-6.97156669423E-02
-8.87772194305E-02
-1.00947776859E-01
-1.02283569747E-01
-9.38447511821E-02
-6.98428853126E-02
-3.02991752009E-02
1.31883043912E-02
4.48656786040E-02
5.86688717851E-02
5.51067574158E-02
3.86955876429E-02
1.82134300193E-02
-4.79189194920E-03
-2.96418802875E-02
-4.63710959863E-02
-4.60530500604E-02
-2.51256281407E-02
1.02834849352E-02
4.39115408265E-02
6.13404575621E-02
6.18069249200E-02
5.26259991943E-02
4.54593643322E-02
4.76856858130E-02
5.93473697602E-02
7.68186926192E-02
9.04734643683E-02
9.32934715773E-02
8.17590060005E-02
5.05905052690E-02
7.69671140513E-03
-2.77760108560E-02
-4.49504908509E-02
-4.17276254691E-02
-1.12376227127E-02
3.81019019146E-02
7.64158344465E-02
9.65587430825E-02
9.93151411064E-02
8.27555499014E-02
5.70362360325E-02
3.59815957424E-02
2.21147933762E-02
1.72592922418E-02
1.86586943155E-02
2.08002035494E-02
2.12878739690E-02
1.84890698217E-02
7.48468078791E-03
-1.41000360452E-02
-4.47172571719E-02
-7.79848610139E-02
-1.05209592265E-01
-1.25437313148E-01
-1.41127578822E-01
-1.52980090325E-01
-1.65744333482E-01
-1.81752645082E-01
-1.97082458707E-01
-2.04100672137E-01
-2.03316158853E-01
-1.97421707695E-01
-1.89682590166E-01
-1.85145134957E-01
-1.88707249327E-01
-2.02234802706E-01
-2.27212009414E-01
-2.56132985603E-01
-2.77675296313E-01
-2.82806437250E-01
-2.57956448911E-01
-1.91336428980E-01
-9.87426584399E-02
-2.70763098191E-02
9.43536246634E-03
2.38534444374E-02
2.12030617221E-02
5.36437461569E-03
-1.82558361427E-02
-3.81231049764E-02
-3.65328753472E-02
-1.04955155524E-02
2.45531454742E-02
5.09509573182E-02
6.87615291648E-02
8.45578101478E-02
9.73220533045E-02
1.08241630091E-01
1.26518669296E-01
1.62563874223E-01
2.21911243984E-01
2.95443462036E-01
3.46288404046E-01
3.40118313084E-01
2.25155312427E-01
-7.18783792380E-03
-1.74310370417E-01
-2.44089646545E-01
-2.79986430040E-01
-3.03267391811E-01
-3.03479422429E-01
-2.65271505205E-01
-2.08871361025E-01
-1.70027351950E-01
-1.65680724297E-01
-1.91908911647E-01
-2.33000445264E-01
-2.75024913598E-01
-3.02546487713E-01
-3.06214617391E-01
-2.68770010390E-01
-9.40355787376E-02
1.61970188495E-01
3.29644000594E-01
4.17594300617E-01
4.69690223268E-01
4.78489493883E-01
4.35341263278E-01
3.32548820050E-01
1.76706316392E-01
1.20009329347E-02
-6.73409240294E-02
-6.39272310922E-02
-2.79032292263E-02
9.52017471323E-03
1.42908636007E-02
-6.10012085745E-02
-2.00220511842E-01
-3.17325021733E-01
-3.84559930454E-01
-4.46027606386E-01
-5.07961749677E-01
-5.44346203592E-01
-5.53442317071E-01
-5.38854610606E-01
-5.15743273329E-01
-4.88136886966E-01
-4.50946716706E-01
-3.93571231686E-01
-3.22668193287E-01
-2.65419926637E-01
-2.50153722197E-01
-2.65886393995E-01
-2.81809893349E-01
-2.82636812756E-01
-2.58698556071E-01
-1.83173250217E-01
-4.13671734198E-02
1.07923584166E-01
2.27954116574E-01
3.28583847508E-01
4.14116998495E-01
4.82518075610E-01
5.34826028879E-01
5.82660136124E-01
6.26062803469E-01
6.65712528889E-01
7.20670864873E-01
7.98252867714E-01
8.55776774166E-01
8.51557364883E-01
7.83050272459E-01
6.98831711299E-01
6.49704217289E-01
6.12386828658E-01
5.26556834807E-01
4.05317727880E-01
2.90397133346E-01
1.91696881030E-01
1.33155227615E-01
1.13245552658E-01
1.12906303670E-01
1.28638975468E-01
1.56839047558E-01
1.85039119649E-01
2.14235735640E-01
2.42838665903E-01
2.58232088714E-01
2.66013612366E-01
2.72183703327E-01
2.77230032017E-01
2.81301019867E-01
2.84078620953E-01
2.85817272014E-01
2.79668384115E-01
2.45383033310E-01
1.42866229884E-01
-1.09386595424E-01
-4.00568242054E-01
-4.81415516401E-01
-4.07713673855E-01
-3.92765515340E-01
-4.51391981002E-01
-4.91211330916E-01
-4.60700125098E-01
-3.97069736870E-01
-3.31764306766E-01
-2.80240866781E-01
-2.55687721307E-01
-2.50577783432E-01
-2.73328668660E-01
-3.41030044738E-01
-4.20329495579E-01
-4.33963064266E-01
-3.23791955558E-01
-1.98757500583E-01
-1.05251998389E-01
-3.39461018171E-02
3.48578334712E-02
1.03195301402E-01
1.17655789496E-01
1.29381082628E-01
1.76981956194E-01
2.28462990056E-01
2.93195937493E-01
3.73873587346E-01
4.71238046774E-01
5.59824438649E-01
6.29031232110E-01
6.90053643746E-01
7.37633314251E-01
7.53959671777E-01
7.30106227339E-01
6.71479761678E-01
5.85183300469E-01
4.94667429977E-01
4.22958675233E-01
3.59646332930E-01
2.95931132456E-01
2.29077878846E-01
1.54315883214E-01
7.68398956809E-02
6.99701036830E-04
-6.63231770668E-02
-1.14411721053E-01
-1.65553505926E-01
-2.19621313318E-01
-2.37219854547E-01
-2.21169136823E-01
-1.81837457329E-01
-1.27600025444E-01
-7.92570447173E-02
-5.66121747980E-02
-7.38714670398E-02
-1.07690350487E-01
-1.50372113733E-01
-2.01153446558E-01
-2.55645315184E-01
-3.12935987957E-01
-3.68678837224E-01
-4.23170705850E-01
-4.73591586625E-01
-5.15912897822E-01
-5.47463053665E-01
-5.67012276573E-01
-5.57216462057E-01
-5.16973050909E-01
-4.59173504654E-01
-3.92574687785E-01
-3.25021733138E-01
-2.63935712317E-01
-2.16059198948E-01
-1.81540614465E-01
-1.51008205585E-01
-1.01838305451E-01
-1.67080126370E-02
8.71445836779E-02
1.85441977822E-01
2.64614210292E-01
3.28117380150E-01
3.66431312682E-01
3.72877043445E-01
3.49914127600E-01
2.92432627271E-01
1.87625893179E-01
4.73464368255E-02
-9.51381379471E-02
-2.08404893667E-01
-2.85117570977E-01
-3.43765239701E-01
-3.82800076331E-01
-3.80467739542E-01
-3.13402455315E-01
-2.16059198948E-01
-1.12906303670E-01
-4.70707970231E-03
8.05080253589E-02
1.41509233933E-01
1.90954773869E-01
2.20702669465E-01
2.19939359243E-01
1.73547060195E-01
5.80963891186E-02
-8.96465449611E-02
-2.03613001717E-01
-2.70678285944E-01
-3.27311663804E-01
-3.78644276233E-01
-4.17106630197E-01
-4.36380213303E-01
-4.30549371329E-01
-4.08392171830E-01
-3.79958866060E-01
-3.53667069525E-01
-3.30301295507E-01
-3.00256557047E-01
-2.59483069355E-01
-2.11521743740E-01
-1.58704916990E-01
-1.05379216759E-01
-6.56870852151E-02
-5.52975849713E-02
-7.29173292623E-02
-1.07626741301E-01
-1.46110298327E-01
-1.76176239849E-01
-1.99944872040E-01
-2.29226300278E-01
-2.67455420563E-01
-3.02376863219E-01
-3.36577401777E-01
-3.74700506753E-01
-4.09070669805E-01
-4.32033585650E-01
-4.49483705447E-01
-4.57625681148E-01
-4.43631660412E-01
-3.99910947141E-01
-3.16561711511E-01
-2.05478871149E-01
-9.34206899476E-02
7.86633589890E-03
9.74916777983E-02
1.81625426712E-01
2.68515573649E-01
3.37701164048E-01
3.80043678307E-01
4.09791573903E-01
4.35426075525E-01
4.70962406972E-01
5.19644636686E-01
5.74772597163E-01
6.10669380659E-01
6.25299493247E-01
6.29985369887E-01
6.21207302334E-01
5.96844984416E-01
5.53018255836E-01
5.13432139601E-01
4.93840510570E-01
4.85910565486E-01
4.72128575366E-01
4.39772703178E-01
3.89987914255E-01
3.42259822318E-01
3.02504081589E-01
2.70529864512E-01
2.49835676272E-01
2.40124674003E-01
2.38513241312E-01
2.36901808621E-01
2.25833810402E-01
2.02319614952E-01
1.43438712550E-01
6.53902423510E-02
-2.15635137714E-02
-1.16871276212E-01
-2.08722939592E-01
-2.63342026589E-01
-2.95167822234E-01
-3.35411233382E-01
-3.72643809766E-01
-3.88736933613E-01
-3.92362657168E-01
-3.86722642750E-01
-3.66516124928E-01
-3.32654835358E-01
-2.88806903717E-01
-2.49390411975E-01
-2.22950194008E-01
-2.02595254755E-01
-1.79059856243E-01
-1.40809532897E-01
-6.17645187965E-02
7.84937344953E-02
2.21529588873E-01
3.24852108644E-01
4.07480440176E-01
4.67591120158E-01
4.89705913534E-01
4.72446621292E-01
4.06632317707E-01
2.72947013549E-01
1.11358480165E-01
6.14888789941E-04
-4.76220766279E-02
-4.71132031465E-02
7.86633589890E-03
1.32519135763E-01
2.70105803278E-01
3.78750291542E-01
4.58601021988E-01
4.98377965778E-01
4.96278862668E-01
4.76602421390E-01
4.47172571719E-01
3.90178741810E-01
3.19106078918E-01
2.58677353010E-01
2.15571528529E-01
1.87519877870E-01
1.69518478468E-01
1.49884443314E-01
1.17676992558E-01
7.33837966202E-02
8.56603693573E-03
-8.20346458029E-02
-1.80713695058E-01
-2.70805504315E-01
-3.37807179357E-01
-3.81400674257E-01
-4.15834446494E-01
-4.40896465450E-01
-4.45476326782E-01
-4.35256451032E-01
-4.29361999873E-01
-4.41532557301E-01
-4.60170048555E-01
-4.73400759070E-01
-4.83938680746E-01
-4.96066832051E-01
-5.11375442614E-01
-5.24097279647E-01
-5.03742340394E-01
-4.61336216950E-01
-4.11572631088E-01
-2.87025846532E-01
-1.16532027225E-01
2.60797659182E-03
5.75239064521E-02
9.21061001209E-02
1.04064626932E-01
9.88274706868E-02
8.54907448636E-02
7.57797425948E-02
7.24296588427E-02
7.42531221508E-02
8.80563153319E-02
1.20051735471E-01
1.67970654963E-01
2.33212475882E-01
3.16519305388E-01
4.06165850349E-01
5.10060852787E-01
6.26529270827E-01
7.11532345271E-01
7.31017958993E-01
6.53541971461E-01
4.90384411509E-01
3.24385641287E-01
1.65405084494E-01
4.64559082331E-02
-1.18313084409E-02
-4.51201153447E-02
-7.13695057566E-02
-9.35903144414E-02
-1.15026609842E-01
-1.37014184848E-01
-1.53700994424E-01
-1.56966265929E-01
-1.40745923711E-01
-1.10701185251E-01
-7.51436507432E-02
-4.03494264572E-02
-1.02834849352E-02
6.80618281280E-03
9.05370735534E-03
1.67504187605E-03
-9.75340839217E-03
-2.19875750058E-02
-3.45185844836E-02
-5.08025358862E-02
-7.16451455590E-02
-9.41840001696E-02
-1.22129635519E-01
-1.54209867905E-01
-1.87138222759E-01
-2.23861925662E-01
-2.52295231431E-01
-2.67879481797E-01
-2.69427305303E-01
-2.50514174247E-01
-2.02722473125E-01
-1.39367724699E-01
-8.83743612578E-02
-5.96018065009E-02
-4.30422152959E-02
-3.61300171745E-02
-4.07098785065E-02
-5.32620910459E-02
-6.86979199796E-02
-8.30523927655E-02
-9.32934715773E-02
-9.39295634290E-02
-8.26707376545E-02
-6.18069249200E-02
-3.26103089286E-02
-5.27956236881E-03
1.39516146132E-02
2.02701270063E-02
1.34851472553E-02
2.75639802387E-04
-1.28702584653E-02
-2.26660729809E-02
-2.69914975722E-02
-2.97054894727E-02
-3.53030977673E-02
-4.46748510485E-02
-5.99198524267E-02
-8.17590060005E-02
-1.11952165893E-01
-1.42929839069E-01
-1.82579564489E-01
-2.23119818502E-01
-2.44026037360E-01
-2.45573860866E-01
-2.31558637067E-01
-2.02086381273E-01
-1.57687170027E-01
-1.25267688654E-01
-1.14984203719E-01
-1.22680915124E-01
-1.42717808452E-01
-1.68119076395E-01
-1.86820176834E-01
-1.92417785128E-01
-1.75094883701E-01
-1.31246952060E-01
-6.65564107457E-02
3.56211436931E-03
6.63655831902E-02
1.21514746729E-01
1.64111697729E-01
1.97124864830E-01
2.20299811293E-01
2.38301210695E-01
2.55051629455E-01
2.70296630833E-01
2.79329135127E-01
2.79413947374E-01
2.64380976613E-01
2.17076945911E-01
1.10807200560E-01
-3.16349680894E-02
-1.53616182177E-01
-2.30328859487E-01
-2.75979051375E-01
-3.00892648899E-01
-3.09691919513E-01
-3.01189491763E-01
-2.76191081992E-01
-2.28250959439E-01
-1.45346988105E-01
-3.53455038908E-02
6.49873841783E-02
1.34893878676E-01
1.88049954413E-01
2.33233678943E-01
2.68027903229E-01
2.82615609694E-01
2.73392277845E-01
2.29226300278E-01
1.30165595912E-01
1.35699595022E-03
-1.16850073151E-01
-1.92629815745E-01
-2.29311112525E-01
-2.42669041410E-01
-2.34272628968E-01
-1.89661387104E-01
-1.04615906537E-01
-1.90827555499E-02
2.74155588067E-02
3.93528825562E-02
2.31325403388E-02
-1.64959820198E-02
-6.60051311409E-02
-1.07351101499E-01
-1.31649810233E-01
-1.32964400059E-01
-1.10531560757E-01
-5.66969870449E-02
7.97235120751E-03
6.46481351907E-02
1.11167652609E-01
1.44074804402E-01
1.65638318173E-01
1.82537158366E-01
1.99584419990E-01
2.21635604181E-01
2.48012212964E-01
2.77696499375E-01
3.08674172551E-01
3.36959056888E-01
3.55130080784E-01
3.56974747153E-01
3.38464474270E-01
2.95825117147E-01
2.29014269661E-01
1.53997837288E-01
8.35824693086E-02
3.76778406802E-02
1.50541738227E-02
7.61189915824E-03
1.94220045375E-02
4.91486970719E-02
9.23605368615E-02
1.24101520260E-01
1.37311027712E-01
1.36632529737E-01
1.26709496851E-01
1.14284502682E-01
1.04191845302E-01
9.72160379959E-02
9.52229501940E-02
9.64951338973E-02
9.89334859954E-02
1.00099654390E-01
9.61134787863E-02
8.61692428387E-02
6.73833301529E-02
4.22577020122E-02
1.20433390582E-02
-1.79589932786E-02
-4.98908042321E-02
-8.59148060980E-02
-1.23995504951E-01
-1.62627483409E-01
-1.98736297521E-01
-2.22844178699E-01
-2.29226300278E-01
-2.20766278651E-01
-1.88474015648E-01
-1.32667557195E-01
-7.21328159786E-02
-1.98884718953E-02
5.40678073914E-03
8.69325530607E-03
5.19475012192E-03
2.39594597460E-03
7.82392977546E-03
2.07790004877E-02
3.48790365329E-02
4.42931959375E-02
4.65407204800E-02
3.98829590993E-02
2.93874435468E-02
1.73441044887E-02
6.95460424485E-03
1.31458982677E-03
-2.71399190043E-03
-1.29762737739E-02
-3.20166232004E-02
-5.98562432415E-02
-9.35691113797E-02
-1.21323919174E-01
-1.36653732799E-01
-1.39961410428E-01
-1.29677925492E-01
-1.04933952463E-01
-6.91219812141E-02
-3.28223395458E-02
-1.05167186142E-02
1.39940207366E-03
9.35055021945E-03
1.61779360940E-02
2.53588618196E-02
3.65328753472E-02
4.59894408753E-02
5.57004431440E-02
5.96230095626E-02
4.95091491211E-02
2.71399190043E-02
-2.77760108560E-03
-2.94934588555E-02
-4.66255327269E-02
-5.26047961326E-02
-4.88518542077E-02
-2.93450374234E-02
-3.09564701143E-03
1.54994381189E-02
1.98672688336E-02
6.17009096113E-03
-1.87859126858E-02
-4.30634183576E-02
-5.44282594407E-02
-5.37709645273E-02
-4.60106439370E-02
-3.09140639908E-02
-1.86586943155E-03
3.43489599898E-02
6.09163963276E-02
6.99701036830E-02
5.33469032928E-02
1.11104043424E-02
-4.16640162840E-02
-9.41627971079E-02
-1.43947586031E-01
-1.84297012489E-01
-2.07281131395E-01
-2.17204164281E-01
-2.17967474503E-01
-2.07726395692E-01
-1.82282721625E-01
-1.46788796302E-01
-1.12545851621E-01
-8.71869898013E-02
-7.74759875326E-02
-7.80272671374E-02
-8.19498335560E-02
-8.44305917775E-02
-8.39641244196E-02
-8.03171978034E-02
-7.37230456078E-02
-6.66200199309E-02
-5.67817992918E-02
-4.18548438395E-02
-1.55630473040E-02
2.33657740178E-02
6.45209168204E-02
1.01774696266E-01
1.36293280750E-01
1.69539681530E-01
1.99796450607E-01
2.23713504230E-01
2.40930390348E-01
2.48627101753E-01
2.46888450692E-01
2.39022114793E-01
2.27763289019E-01
2.14574984628E-01
1.93414329029E-01
1.50054067807E-01
9.30602378984E-02
3.75506223099E-02
-1.22765727371E-02
-4.31906367279E-02
-5.26047961326E-02
-5.52339757861E-02
-5.72270635880E-02
-6.05135381549E-02
-6.67048321778E-02
-7.39986854102E-02
-7.89177957297E-02
-7.54192905456E-02
-6.11284269449E-02
-3.85259631491E-02
-1.49481585141E-02
5.15234399847E-03
1.52662044399E-02
1.41000360452E-02
2.20511841910E-03
-2.17967474503E-02
-5.19899073426E-02
-8.34764540000E-02
-1.13754426139E-01
-1.35657188898E-01
-1.39749379810E-01
-1.19330831372E-01
-7.03093526705E-02
-8.90528592329E-03
4.70495939614E-02
9.30602378984E-02
1.14941797596E-01
1.12397430189E-01
9.58590420457E-02
6.86979199796E-02
3.91620550007E-02
2.05669698704E-02
1.72380891801E-02
2.70975128809E-02
4.94243368742E-02
7.88965926680E-02
1.04382672858E-01
1.24589190679E-01
1.43565930920E-01
1.57920403706E-01
1.70833068295E-01
1.80522867502E-01
1.87965142167E-01
1.97718550559E-01
2.09486249814E-01
2.16970930602E-01
2.17628225516E-01
2.04185484384E-01
1.69878930518E-01
1.17698195619E-01
6.52842270424E-02
2.95782711023E-02
1.21281513050E-02
5.44918686258E-03
7.08182261519E-03
1.78105718466E-02
3.27163242372E-02
4.32754489748E-02
4.19820622098E-02
2.61433751034E-02
-3.60452049276E-04
-2.54224710048E-02
-4.50141000360E-02
-5.83084197358E-02
-6.54962576596E-02
-6.49873841783E-02
-5.68242054153E-02
-4.61378623073E-02
-3.81655110998E-02
-3.39036956937E-02
-3.42005385578E-02
-3.87803998897E-02
-4.42507898140E-02
-4.62650806776E-02
-4.80885439858E-02
-5.31560757373E-02
-5.69302207239E-02
-6.13192545003E-02
-6.81890464983E-02
-7.85573436804E-02
-9.30178317749E-02
-1.10107499523E-01
-1.27324385641E-01
-1.38943663465E-01
-1.38392383860E-01
-1.15959544558E-01
-6.59415219558E-02
-4.60106439370E-03
4.91699001336E-02
8.23526917287E-02
8.93921082204E-02
7.56101181011E-02
4.48868816657E-02
6.14888789941E-03
-2.29841189068E-02
-3.12109068549E-02
-1.80438055255E-02
8.84167673812E-03
3.71053580137E-02
5.89869177109E-02
6.71925025974E-02
6.08527871425E-02
4.24273265059E-02
1.78317749083E-02
-1.10043890338E-02
-3.47094120391E-02
-5.31560757373E-02
-7.01821343002E-02
-8.65508979497E-02
-1.02792443229E-01
-1.17889023175E-01
-1.28914615270E-01
-1.29614316307E-01
-1.18927973199E-01
-1.03428535080E-01
-8.33492356296E-02
-5.98986493650E-02
-4.03282233955E-02
-2.78184169794E-02
-2.65250302144E-02
-3.35644467061E-02
-4.77280919365E-02
-6.46693382524E-02
-7.64794436317E-02
-8.26283315311E-02
-8.40065305430E-02
-7.95962937048E-02
-7.32353751882E-02
-6.72137056591E-02
-6.23370014630E-02
-5.80539829951E-02
-5.13750185527E-02
-4.09643152471E-02
-2.53800648814E-02
-3.96497254204E-03
1.84466636982E-02
3.76566376185E-02
5.12902063058E-02
5.98138371181E-02
6.13192545003E-02
5.33681063546E-02
3.88652121366E-02
2.29841189068E-02
7.69671140513E-03
-3.64692661620E-03
-6.12768483769E-03
9.75340839217E-04
1.49905646375E-02
3.10412823612E-02
4.52261306533E-02
5.55308186502E-02
6.10860208214E-02
6.21249708458E-02
5.65273625512E-02
4.46112418633E-02
3.06172211267E-02
1.69200432542E-02
6.93340118313E-03
3.54091130759E-03
2.05669698704E-03
-1.44180819710E-03
-3.47730212243E-03
-3.66812967793E-03
-3.66812967793E-03
-2.90481945593E-03
4.24061234442E-04
8.73566142951E-03
1.76833534762E-02
2.61857812268E-02
3.49638487798E-02
3.78686682357E-02
3.21862476942E-02
2.33445709560E-02
1.02198757501E-02
-1.07923584166E-02
-3.86955876429E-02
-6.58143035854E-02
-8.68901469372E-02
-1.03386128957E-01
-1.14369314929E-01
-1.19776095668E-01
-1.20899857939E-01
-1.20030532409E-01
-1.20242563026E-01
-1.19309628310E-01
-1.14560142485E-01
-1.03364925895E-01
-8.26919407162E-02
-5.27532175646E-02
-1.82134300193E-02
1.37183809342E-02
4.20880775184E-02
6.70440811653E-02
8.72930051099E-02
9.96119839705E-02
1.07117867820E-01
1.14348111867E-01
1.19161206878E-01
1.21133091618E-01
1.21111888557E-01
1.15026609842E-01
1.00820558489E-01
8.29463774569E-02
6.47117443759E-02
4.79613256154E-02
3.43913661133E-02
2.47863791531E-02
2.23692301168E-02
2.55920954986E-02
3.22498568793E-02
4.10279244323E-02
5.15658461082E-02
6.31003116850E-02
7.21328159786E-02
7.61613977058E-02
7.64370375082E-02
7.01185251150E-02
5.39405890211E-02
3.16561711511E-02
6.17009096113E-03
-2.01217055743E-02
-4.31482306045E-02
-6.25490320802E-02
-7.75607997795E-02
-8.83319551343E-02
-9.25937705405E-02
-8.78442847147E-02
-7.88541865445E-02
-7.05001802260E-02
-6.64079893137E-02
-6.45421198821E-02
-6.54326484744E-02
-6.68956597333E-02
-6.45633229438E-02
-5.98350401798E-02
-5.84780442296E-02
-6.29518902530E-02
-7.23024404724E-02
-8.27131437780E-02
-9.10671500965E-02
-9.82549880203E-02
-1.02135148315E-01
-9.90182982423E-02
-8.70385683693E-02
-6.89947628438E-02
-4.47384602337E-02
-1.54994381189E-02
7.95114814579E-03
1.93159892288E-02
2.06941882408E-02
1.97824565867E-02
1.98884718953E-02
2.17331382652E-02
2.84121027076E-02
3.90136335687E-02
5.34529186014E-02
6.84434832390E-02
7.91934355321E-02
8.49182621971E-02
8.45154040243E-02
7.94266692110E-02
7.48680109408E-02
6.85070924241E-02
5.96230095626E-02
4.74524521341E-02
3.34796344592E-02
2.01641116977E-02
1.02198757501E-02
3.41369293726E-03
-4.21940928270E-03
-1.69624493777E-02
-3.46670059157E-02
-5.05268960838E-02
-6.36515912898E-02
-7.53980874838E-02
-8.64236795793E-02
-9.38447511821E-02
-9.57106206136E-02
-9.52653563175E-02
-9.19364756271E-02
-8.29251743952E-02
-6.75317515849E-02
-4.96999766766E-02
-3.30131671013E-02
-1.83194453279E-02
-6.72137056591E-03
5.19475012192E-03
1.41424421686E-02
1.96976443398E-02
2.04185484384E-02
1.56690626126E-02
1.04955155524E-02
5.93685728219E-03
4.41023683820E-03
8.29039713335E-03
1.66444034519E-02
2.74367618684E-02
3.78050590505E-02
4.36359010241E-02
4.46748510485E-02
4.51201153447E-02
4.78553103068E-02
5.10993787503E-02
5.37073553421E-02
5.96442126243E-02
6.39696372156E-02
6.69380658567E-02
6.80830311897E-02
5.93897758836E-02
3.78686682357E-02
1.25734156012E-02
-6.80618281280E-03
-1.45877064648E-02
-8.12077263957E-03
6.76377668935E-03
2.38958505608E-02
4.07522846299E-02
5.47887114899E-02
6.63443801285E-02
7.11150690160E-02
6.89735597820E-02
6.15524881793E-02
5.39193859593E-02
4.46112418633E-02
3.18469987066E-02
1.85314759451E-02
9.28694103429E-03
6.33971545491E-03
8.58723999746E-03
1.38455993045E-02
1.91887708585E-02
2.03337361915E-02
1.61355299705E-02
8.84167673812E-03
-1.95068167843E-03
-1.59447024150E-02
-2.99387231516E-02
-4.39539469499E-02
-5.58488645760E-02
-6.06407565252E-02
-5.82024044272E-02
-4.96999766766E-02
-3.98617560376E-02
-3.30979793482E-02
-3.53030977673E-02
-4.64559082331E-02
-5.91777452664E-02
-6.93976210165E-02
-7.76032059029E-02
-8.22890825435E-02
-8.44093887157E-02
-8.08472743464E-02
-6.92279965227E-02
-4.64135021097E-02
-1.68988401925E-02
9.39295634290E-03
2.50620189555E-02
3.00023323368E-02
2.85605241397E-02
2.26236668575E-02
1.17889023175E-02
-8.90528592329E-04
-8.88408286157E-03
-8.05716345440E-03
3.18045925832E-04
1.29974768357E-02
2.61857812268E-02
3.61512202362E-02
3.95013039883E-02
3.73597947544E-02
2.88149608804E-02
1.33579288849E-02
-4.00737866548E-03
-2.08850157963E-02
-3.86743845811E-02
-5.40890104531E-02
-6.47541504993E-02
-6.82526556835E-02
-6.40968555859E-02
-5.30500604287E-02
-3.88864151984E-02
-2.23268239934E-02
-4.87670419609E-03
1.09619829103E-02
2.53588618196E-02
3.84835570256E-02
5.13538154910E-02
6.22097830927E-02
6.91643873375E-02
7.06061955346E-02
6.72561117825E-02
6.04923350932E-02
5.52339757861E-02
5.39193859593E-02
5.52975849713E-02
5.67181901067E-02
5.43010410703E-02
4.67527510973E-02
3.50698640884E-02
2.17543413269E-02
1.22765727371E-02
8.35400631851E-03
1.05167186142E-02
1.81498208341E-02
2.80304475966E-02
3.57483620635E-02
4.09643152471E-02
4.21092805801E-02
4.14095795433E-02
4.00525835931E-02
3.98829590993E-02
4.18972499629E-02
4.43356020609E-02
4.52473337150E-02
4.31482306045E-02
4.11127366792E-02
4.02222080868E-02
4.07522846299E-02
4.25333418146E-02
4.34026673452E-02
4.31906367279E-02
4.31906367279E-02
4.29149969256E-02
4.06462693213E-02
3.54727222611E-02
3.10412823612E-02
2.56769077455E-02
1.79377902169E-02
5.15234399847E-03
-8.52363081229E-03
-1.82134300193E-02
-2.16907321417E-02
-1.47997370820E-02
-2.33233678943E-03
9.15972266395E-03
1.52025952548E-02
1.68140279456E-02
1.75561351059E-02
1.61355299705E-02
1.57114687361E-02
1.78105718466E-02
2.06517821173E-02
1.87223035006E-02
1.32095074529E-02
4.89790725781E-03
-5.61881135636E-03
-1.35487564404E-02
-1.59447024150E-02
-1.61779360940E-02
-1.42696605390E-02
-1.30822890825E-02
-9.96543900939E-03
-4.49504908509E-03
-2.58677353010E-03
-2.56557046838E-03
-4.64347051714E-03
-1.22765727371E-02
-2.42775056718E-02
-3.69993427051E-02
-4.91062909484E-02
-5.84568411679E-02
-6.17857218582E-02
-5.82236074889E-02
-4.89790725781E-02
-3.93952886797E-02
-3.16561711511E-02
-2.65038271526E-02
-2.12878739690E-02
-1.59447024150E-02
-1.23401819223E-02
-1.40364268600E-02
-1.97188474016E-02
-2.35566015733E-02
-2.65886393995E-02
-3.14441405339E-02
-3.65328753472E-02
-3.92468672476E-02
-3.67024998410E-02
-3.18257956449E-02
-3.06384241885E-02
-3.06384241885E-02
-3.04263935712E-02
-3.48790365329E-02
-4.32330428514E-02
-5.10569726268E-02
-6.03227105994E-02
-6.85919046710E-02
-7.01609312385E-02
-6.52630239807E-02
-5.47675084282E-02
-3.82503233467E-02
-2.12454678456E-02
-1.01350635032E-02
-3.66812967793E-03
-1.25098064160E-03
-2.96842864110E-03
-1.02834849352E-02
-2.05881729322E-02
-3.08928609291E-02
-3.93952886797E-02
-4.41871806289E-02
-4.44204143078E-02
-3.72325763840E-02
-2.27084791044E-02
-4.87670419609E-03
1.43756758476E-02
3.07868456205E-02
4.25969509997E-02
4.91699001336E-02
4.84065899116E-02
4.29149969256E-02
3.60876110510E-02
2.91542098679E-02
2.41502873015E-02
1.91675677968E-02
1.33791319467E-02
4.51625214681E-03
-6.72137056591E-03
-1.73229014270E-02
-2.61433751034E-02
-3.08716578674E-02
-3.19530140152E-02
-3.04900027564E-02
-2.95782711023E-02
-3.02567690775E-02
-3.37764773233E-02
-3.58967834955E-02
-3.22710599411E-02
-2.67582638933E-02
-1.81286177724E-02
-7.99355426924E-03
4.66467357886E-04
5.25835930708E-03
3.45609906070E-03
-2.54436740665E-03
-9.22333184912E-03
-1.40576299218E-02
-1.86798973772E-02
-2.02489239446E-02
-1.84042575748E-02
-1.36971778725E-02
-1.06227339228E-02
-9.85942370078E-03
-1.24037911074E-02
-1.61355299705E-02
-1.92523800437E-02
-1.97188474016E-02
-1.67080126370E-02
-1.06651400462E-02
-2.98963170282E-03
2.92602251765E-03
7.44227466446E-03
1.00502512563E-02
1.36123656256E-02
1.91251616733E-02
2.33869770795E-02
2.90269914976E-02
3.54727222611E-02
3.93528825562E-02
3.90984458156E-02
3.72961855692E-02
3.33736191506E-02
2.96418802875E-02
2.73307465598E-02
2.44471301656E-02
2.58889383627E-02
3.27587303607E-02
4.07310815682E-02
4.82793715413E-02
5.62517227488E-02
6.17857218582E-02
6.53690392893E-02
6.76801730170E-02
6.33759514874E-02
5.29652481818E-02
4.21092805801E-02
3.48366304094E-02
3.03627843861E-02
3.03627843861E-02
3.75930284333E-02
4.92123062570E-02
5.95806034391E-02
6.49449780548E-02
6.15312851176E-02
4.67739541590E-02
2.21571994996E-02
-2.56557046838E-03
-2.09274219197E-02
-3.30343701631E-02
-4.11975489261E-02
-4.65831266035E-02
-4.79613256154E-02
-4.48232724805E-02
-3.68721243348E-02
-2.65250302144E-02
-1.85526790068E-02
-1.16192778237E-02
-8.18438182474E-03
-1.12800288362E-02
-1.83830545131E-02
-2.69914975722E-02
-3.61300171745E-02
-4.29574030490E-02
-4.71556092700E-02
-4.78129041834E-02
-4.48444755423E-02
-3.82079172232E-02
-2.88149608804E-02
-1.85950851303E-02
-9.79581451562E-03
-1.18737145644E-03
7.39986854102E-03
1.37819901194E-02
1.89555371796E-02
2.09698280432E-02
2.13302800924E-02
2.33021648326E-02
2.70551067574E-02
2.98751139665E-02
3.21226385090E-02
3.56635498166E-02
3.81867141615E-02
3.78686682357E-02
3.41793354960E-02
3.06808303119E-02
2.90057884359E-02
2.70551067574E-02
2.15635137714E-02
1.38668023663E-02
6.36091851663E-03
-7.20904098552E-04
-6.48813688697E-03
-8.84167673812E-03
-9.03250429362E-03
-8.26919407162E-03
-7.18783792380E-03
-4.91911031953E-03
-2.96842864110E-03
-4.13459703581E-03
-9.26573797256E-03
-1.81286177724E-02
-2.89209761890E-02
-4.06674723830E-02
-4.79825286771E-02
-4.90426817632E-02
-4.48444755423E-02
-3.30555732248E-02
-1.43756758476E-02
4.77068888748E-03
1.78105718466E-02
2.23904331786E-02
2.37050230053E-02
2.18815596972E-02
1.64111697729E-02
8.54483387401E-03
2.79880414732E-03
5.08873481331E-04
-6.14888789941E-04
-1.42060513538E-03
-3.75294192481E-03
-6.72137056591E-03
-7.95114814579E-03
-7.29385323241E-03
-7.14543180035E-03
-1.04743124907E-02
-1.81286177724E-02
-2.68430761402E-02
-3.52394885822E-02
-4.42931959375E-02
-5.40678073914E-02
-6.34607637343E-02
-7.01821343002E-02
-7.11574751394E-02
-6.71925025974E-02
-6.16160973645E-02
-5.49795390454E-02
-4.78341072451E-02
-4.26393571232E-02
-3.71689671989E-02
-3.02355660157E-02
-2.03125331298E-02
-7.84513283718E-03
7.76032059029E-03
2.23056209317E-02
3.61088141128E-02
4.60106439370E-02
5.03572715900E-02
4.91274940101E-02
4.31058244811E-02
3.32888069037E-02
2.26024637958E-02
1.30186798974E-02
6.08527871425E-03
4.68587664059E-03
1.12376227127E-02
2.35778046350E-02
3.85047600874E-02
5.34105124780E-02
6.58991158323E-02
7.47619956322E-02
8.10805080254E-02
8.52575111846E-02
8.80563153319E-02
8.81835337023E-02
8.39429213578E-02
7.73699722240E-02
6.99913067447E-02
6.17645187965E-02
5.25835930708E-02
4.58198163815E-02
4.16428132222E-02
4.05826601361E-02
4.13883764816E-02
4.52473337150E-02
4.99332103556E-02
5.03784746517E-02
4.50565061595E-02
4.10491274940E-02
4.10067213706E-02
4.15580009753E-02
4.14307826050E-02
4.13671734198E-02
4.27665754935E-02
4.48656786040E-02
4.31906367279E-02
3.74234039395E-02
3.04900027564E-02
2.34293832029E-02
1.54358289337E-02
8.20558488646E-03
1.75985412294E-03
-3.94376948031E-03
-6.46693382524E-03
-6.74257362763E-03
-8.92648898501E-03
-1.31246952060E-02
-1.63687636495E-02
-1.88495218710E-02
-2.26660729809E-02
-2.54224710048E-02
-2.58041261158E-02
-2.79668384115E-02
-3.38400865085E-02
-4.27453724318E-02
-5.03360685283E-02
-5.88384962789E-02
-6.53902423510E-02
-6.93340118313E-02
-7.38926701016E-02
-7.65218497551E-02
-7.67550834340E-02
-7.73911752857E-02
-7.75183936560E-02
-7.63310221996E-02
-7.45923711384E-02
-7.14755210652E-02
-6.70440811653E-02
-6.37152004749E-02
-5.84992472913E-02
-5.29864512436E-02
-4.68163602824E-02
-3.95013039883E-02
-3.31191824099E-02
-2.65462332761E-02
-1.88495218710E-02
-1.32943196998E-02
-8.90528592329E-03
-7.52708691135E-03
-1.00926573797E-02
-1.56902656744E-02
-2.15847168331E-02
-2.66522485847E-02
-2.98327078430E-02
-3.09352670526E-02
-3.06384241885E-02
-2.85393210780E-02
-2.44683332273E-02
-1.97188474016E-02
-1.49905646375E-02
-1.13860441448E-02
-1.15980747620E-02
-1.38455993045E-02
-1.57962809830E-02
-1.67504187605E-02
-1.64323728346E-02
-1.66656065136E-02
-1.64111697729E-02
-1.33155227615E-02
-8.46002162712E-03
-6.63655831902E-03
-7.59069609652E-03
-1.19373237495E-02
-1.76409473528E-02
-2.09486249814E-02
-2.14150923393E-02
-1.93159892288E-02
-1.27854462184E-02
-2.73519496215E-03
7.95114814579E-03
1.65171850815E-02
2.36414138202E-02
2.93026313000E-02
3.09988762377E-02
3.16561711511E-02
3.32251977186E-02
3.27799334224E-02
3.03415813243E-02
2.83696965842E-02
2.70127006340E-02
2.26660729809E-02
1.88283188092E-02
1.77893687849E-02
1.75137289825E-02
1.89555371796E-02
2.19663719441E-02
2.48499883383E-02
2.59949536713E-02
2.79456353497E-02
3.02779721392E-02
2.99175200899E-02
2.86029302631E-02
2.75215741153E-02
2.46167546594E-02
1.95280198461E-02
1.41424421686E-02
9.22333184912E-03
6.14888789941E-03
5.23715624536E-03
5.08873481331E-03
5.89445115875E-03
5.49159298603E-03
4.17700315926E-03
1.73865106121E-03
2.75639802387E-04
-4.45264296164E-04
-8.90528592329E-04
1.63263575260E-03
6.82738587452E-03
1.03046879969E-02
1.20857451816E-02
1.34003350084E-02
1.34639441935E-02
1.08983737252E-02
7.12422873863E-03
5.70362360325E-03
5.76723278841E-03
7.01821343002E-03
9.88062676250E-03
1.23825880457E-02
1.31458982677E-02
1.27006339715E-02
1.11952165893E-02
9.28694103429E-03
7.52708691135E-03
4.79189194920E-03
1.84466636982E-03
-8.05716345440E-04
-3.20166232004E-03
-6.33971545491E-03
-9.75340839217E-03
-1.18101053792E-02
-1.27854462184E-02
-1.34003350084E-02
-1.31034921443E-02
-1.25946186629E-02
-1.28914615270E-02
-1.32943196998E-02
-1.33367258232E-02
-1.35275533787E-02
-1.39728176749E-02
-1.44180819710E-02
-1.42272544155E-02
-1.31458982677E-02
-1.15344655768E-02
-9.68979920701E-03
-8.46002162712E-03
-7.31505629413E-03
-5.78843585014E-03
-4.89790725781E-03
-4.11339397409E-03
-2.84121027076E-03
-1.80226024638E-03
-9.54137777495E-04
-5.51279604775E-04
-5.08873481331E-04
-7.20904098552E-04
-9.11731654051E-04
-8.05716345440E-04
-4.02858172720E-04
1.90827555499E-04
4.66467357886E-04
6.99701036830E-04
1.01774696266E-03
1.22977757988E-03
1.27218370333E-03
1.25098064160E-03
1.25098064160E-03
1.27218370333E-03
1.25098064160E-03
1.22977757988E-03
1.16616839472E-03
1.06015308611E-03
9.75340839217E-04
9.96543900939E-04
1.08135614783E-03
1.18737145644E-03
1.29338676505E-03
1.39940207366E-03
1.44180819710E-03
1.35699595022E-03
1.25098064160E-03
1.16616839472E-03
1.12376227127E-03
1.10255920955E-03
1.12376227127E-03
1.18737145644E-03
1.22977757988E-03
1.25098064160E-03
1.27218370333E-03
1.27218370333E-03
1.27218370333E-03
1.25098064160E-03
1.25098064160E-03
1.22977757988E-03
1.22977757988E-03
1.20857451816E-03
1.20857451816E-03
1.18737145644E-03
1.18737145644E-03
1.16616839472E-03
1.14496533299E-03
1.14496533299E-03
1.12376227127E-03
1.12376227127E-03
1.12376227127E-03
1.10255920955E-03
1.10255920955E-03
1.08135614783E-03
1.08135614783E-03
1.06015308611E-03
1.03895002438E-03
1.03895002438E-03
