-1.31458982677E-03
-1.27218370333E-03
-1.25098064160E-03
-1.25098064160E-03
-1.22977757988E-03
-1.18737145644E-03
-1.12376227127E-03
-1.10255920955E-03
-1.10255920955E-03
-1.12376227127E-03
-1.12376227127E-03
-1.14496533299E-03
-1.16616839472E-03
-1.10255920955E-03
-9.32934715773E-04
-6.36091851663E-04
-4.87670419609E-04
-4.87670419609E-04
-6.36091851663E-04
-8.26919407162E-04
-8.48122468885E-04
-7.63310221996E-04
-2.96842864110E-04
4.02858172720E-04
1.27218370333E-03
1.71744799949E-03
1.08135614783E-03
6.57294913385E-04
9.54137777495E-04
1.18737145644E-03
1.03895002438E-03
8.26919407162E-04
9.75340839217E-04
1.27218370333E-03
1.20857451816E-03
5.93685728219E-04
-3.60452049276E-04
-1.90827555499E-04
5.93685728219E-04
8.05716345440E-04
1.06015308611E-04
-6.36091851663E-04
-8.69325530607E-04
-7.84513283718E-04
-7.42107160274E-04
-7.20904098552E-04
-4.45264296164E-04
1.78105718466E-03
4.96151644297E-03
7.65430528168E-03
9.73220533045E-03
1.18101053792E-02
1.24461972309E-02
1.10892012807E-02
1.04319063673E-02
7.84513283718E-03
5.36437461569E-03
4.36783071476E-03
4.19820622098E-03
3.28647456693E-03
9.96543900939E-04
-1.27218370333E-03
-2.98963170282E-03
-3.43489599898E-03
-3.35008375209E-03
-3.73173886309E-03
-3.01083476454E-03
1.56902656744E-03
7.39986854102E-03
9.43536246634E-03
7.88753896063E-03
4.72828276403E-03
5.30076543053E-04
-4.83429807264E-03
-9.18092572567E-03
-1.25734156012E-02
-1.32307105146E-02
-9.09611347879E-03
-1.67504187605E-03
2.18391535738E-03
3.05324088798E-03
4.68587664059E-03
7.35746241757E-03
1.00714543180E-02
1.10043890338E-02
1.09195767869E-02
1.06863431079E-02
8.65084918262E-03
5.40678073914E-03
-1.33579288849E-03
-1.03682971821E-02
-1.71320738715E-02
-1.91039586116E-02
-1.96764412781E-02
-2.16483260183E-02
-2.42775056718E-02
-2.29629158450E-02
-1.96764412781E-02
-1.75773381676E-02
-1.59447024150E-02
-1.11952165893E-02
-2.52316434493E-03
6.86979199796E-03
1.29126645888E-02
1.73653075504E-02
2.46803638445E-02
3.11472976698E-02
2.92602251765E-02
2.14787015245E-02
1.05379216759E-02
-1.75985412294E-03
-1.05379216759E-02
-1.11528104658E-02
-5.40678073914E-03
2.86241333249E-03
1.16192778237E-02
2.10334372283E-02
2.69066853254E-02
2.62069842885E-02
2.19663719441E-02
1.81922269576E-02
1.61143269088E-02
1.43544727859E-02
1.01350635032E-02
3.68933273965E-03
-4.89790725781E-03
-1.38031931811E-02
-2.01853147595E-02
-2.35566015733E-02
-2.19027627589E-02
-1.47785340203E-02
-9.26573797256E-03
-5.06753175158E-03
2.35353985115E-03
1.10255920955E-02
1.63899667112E-02
1.61355299705E-02
1.11316074041E-02
5.61881135636E-03
2.20511841910E-03
-1.48421432055E-04
-4.02858172720E-04
3.96497254204E-03
1.10255920955E-02
1.57750779213E-02
1.64959820198E-02
1.57962809830E-02
1.26794309098E-02
7.03941649174E-03
1.25098064160E-03
-2.65038271526E-03
-3.22286538176E-03
-2.48075822149E-03
-6.78497975108E-04
8.48122468885E-04
-6.36091851663E-05
-2.22632148082E-03
-1.14496533299E-03
5.06753175158E-03
6.46693382524E-03
-2.33233678943E-03
-1.19797298730E-02
-1.52450013782E-02
-1.68352310074E-02
-2.13514831542E-02
-2.74367618684E-02
-3.05960180650E-02
-2.30053219685E-02
-5.25835930708E-03
1.27430400950E-02
2.75639802387E-02
4.09643152471E-02
5.03360685283E-02
5.17778767254E-02
4.75160613193E-02
4.12611581112E-02
3.57907681869E-02
3.14017344104E-02
3.03627843861E-02
3.49638487798E-02
4.20668744567E-02
4.48020694188E-02
3.93740856180E-02
2.54224710048E-02
8.20558488646E-03
-5.38557767742E-03
-1.00078451328E-02
-1.19797298730E-02
-2.06517821173E-02
-3.30555732248E-02
-4.43780081844E-02
-5.64849564277E-02
-7.06910077815E-02
-8.08472743464E-02
-7.97659181986E-02
-6.44149015118E-02
-3.65540784089E-02
-6.31851239319E-03
1.37395839959E-02
2.09486249814E-02
1.77681657231E-02
9.43536246634E-03
1.71744799949E-03
-3.68933273965E-03
-4.47384602337E-03
-3.81655110998E-04
5.02512562814E-03
1.02622818735E-02
1.17464961941E-02
8.77806755295E-03
4.21940928270E-03
-3.98617560376E-03
-1.61779360940E-02
-3.09564701143E-02
-4.57774102580E-02
-5.97078218095E-02
-7.37230456078E-02
-8.75898479740E-02
-9.88274706868E-02
-1.05527638191E-01
-1.03258910587E-01
-9.23393337998E-02
-7.70731293599E-02
-6.24006106482E-02
-4.69647817145E-02
-2.76699955474E-02
-7.95114814579E-03
4.19820622098E-03
7.61189915824E-03
2.24752454254E-03
-7.27265017068E-03
-1.53298136251E-02
-1.59234993533E-02
-5.66121747980E-03
1.33579288849E-02
4.12399550495E-02
7.01185251150E-02
8.85015796281E-02
9.34842991328E-02
8.63388673324E-02
7.29809384475E-02
5.98350401798E-02
4.84914021585E-02
3.81443080381E-02
3.29919640396E-02
3.92892733711E-02
4.33602612217E-02
3.00447384602E-02
7.44227466446E-03
-1.13860441448E-02
-2.56345016220E-02
-2.69490914488E-02
-1.39728176749E-02
1.69624493777E-03
1.29550707122E-02
9.62619002184E-03
8.94769204673E-03
2.31961495240E-02
3.50274579649E-02
3.16349680894E-02
1.87435065623E-02
5.27956236881E-03
2.56557046838E-03
1.35063503170E-02
2.45955515977E-02
2.45107393508E-02
1.27218370333E-02
-6.57294913385E-04
-1.98460657719E-02
-4.32754489748E-02
-5.63153319339E-02
-4.92759154422E-02
-2.59737506096E-02
4.96151644297E-03
2.90481945593E-02
4.23001081356E-02
4.95939613680E-02
5.09085511948E-02
3.90560396921E-02
5.59760829464E-03
-3.56847528783E-02
-6.40120433391E-02
-6.41392617094E-02
-3.82079172232E-02
-9.43536246634E-03
1.52662044399E-02
3.60240018659E-02
4.19184530246E-02
3.17621864597E-02
2.16695290800E-02
2.52104403876E-02
4.12823611730E-02
5.88172932171E-02
6.92279965227E-02
6.92916057079E-02
5.62305196870E-02
3.63632508534E-02
2.21996056231E-02
9.09611347879E-03
2.54436740665E-04
-6.78497975108E-04
6.29730933147E-03
2.34293832029E-02
4.46112418633E-02
5.91141360813E-02
6.24430167716E-02
5.71634544028E-02
5.03784746517E-02
4.15155948519E-02
2.63129995971E-02
8.52363081229E-03
-9.90182982423E-03
-2.61221720416E-02
-3.86955876429E-02
-4.80037317389E-02
-4.89154633929E-02
-3.55151283845E-02
-9.20212878740E-03
2.08426096728E-02
4.54805673939E-02
6.81678434366E-02
8.84591735047E-02
1.00672137057E-01
1.00841761550E-01
8.67417255052E-02
6.17433157348E-02
2.89421792507E-02
-4.32542459131E-03
-3.57271590018E-02
-6.15312851176E-02
-6.59839280792E-02
-4.87882450226E-02
-3.54939253228E-02
-4.46960541102E-02
-6.76801730170E-02
-8.62752581473E-02
-9.54985899964E-02
-9.57318236753E-02
-8.64448826411E-02
-6.88887475351E-02
-4.75584674427E-02
-2.53376587579E-02
-5.23715624536E-03
8.82047367640E-03
1.07711553548E-02
-2.03549392532E-03
-2.40866781163E-02
-4.87458388991E-02
-6.67896444247E-02
-7.14543180035E-02
-6.90371689672E-02
-6.37364035367E-02
-5.95594003774E-02
-5.61881135636E-02
-5.01028348494E-02
-4.15367979136E-02
-3.18894048301E-02
-1.94220045375E-02
4.45264296164E-04
2.29205097216E-02
4.07946907533E-02
5.12478001823E-02
5.37285584038E-02
5.18626889723E-02
5.09085511948E-02
5.26472022560E-02
6.02803044760E-02
7.60341793355E-02
9.74704747366E-02
1.20772639569E-01
1.46216313636E-01
1.66571252889E-01
1.79674745033E-01
1.89364544240E-01
1.93414329029E-01
1.85569196192E-01
1.40173441045E-01
5.02300532197E-02
-4.26605601849E-02
-1.11379683226E-01
-1.57687170027E-01
-1.87350253377E-01
-2.04545936433E-01
-2.08998579395E-01
-2.02171193520E-01
-1.84721073723E-01
-1.37056590972E-01
-6.16160973645E-02
-1.10255920955E-03
2.56981108072E-02
2.58253291775E-02
1.84466636982E-03
-4.96787736149E-02
-1.07817568857E-01
-1.61397705829E-01
-2.05203231347E-01
-2.33042851388E-01
-2.45489048619E-01
-2.42223777113E-01
-2.04355108878E-01
-8.51302928143E-02
8.13561478277E-02
2.36944214745E-01
3.30428513877E-01
3.46309607107E-01
3.26187901533E-01
2.64041727625E-01
1.50838581091E-01
1.53086105634E-02
-1.16828870089E-01
-1.93795984140E-01
-2.00305324089E-01
-1.63708839556E-01
-8.86075949367E-02
6.27610626975E-03
9.77885206624E-02
1.81158959354E-01
2.13642049912E-01
1.48824290228E-01
2.01429086360E-02
-1.06524182092E-01
-2.06136166062E-01
-2.78629434090E-01
-3.39015753875E-01
-3.86298581515E-01
-4.03197421708E-01
-3.68700040286E-01
-2.38555647435E-01
-4.93607276891E-02
9.02826368128E-02
1.67907045777E-01
1.95195386214E-01
1.91124398363E-01
1.65553505926E-01
1.49417975956E-01
1.60782817039E-01
1.81052944045E-01
1.92078536141E-01
1.96997646460E-01
2.01153446558E-01
2.02892097619E-01
1.96340351547E-01
1.80819710366E-01
1.54994381189E-01
1.15175031275E-01
6.93128087696E-02
4.63286898628E-02
5.54884125268E-02
8.51939019994E-02
1.26243029493E-01
1.71617581579E-01
2.28590208426E-01
2.74982507474E-01
2.87619532260E-01
2.73901151326E-01
2.53864257999E-01
2.47672963976E-01
2.61624578589E-01
2.82445985200E-01
3.01041070331E-01
3.14526217586E-01
3.15586370672E-01
2.99980917244E-01
2.66331658291E-01
2.19790937811E-01
1.63581621186E-01
1.03004473846E-01
5.12265971206E-02
1.56054534275E-02
-1.59871085385E-02
-3.96921315438E-02
-3.74022008778E-02
-3.36280558913E-02
-5.87324809703E-02
-1.03895002438E-01
-1.65659521235E-01
-2.36944214745E-01
-3.07953268452E-01
-3.65137925917E-01
-4.16703772025E-01
-4.70686767169E-01
-5.19771855056E-01
-5.76362826792E-01
-6.36007039416E-01
-6.77861883256E-01
-7.15327693319E-01
-7.60723448466E-01
-8.06840107712E-01
-8.42355236096E-01
-8.68583423446E-01
-8.94663189365E-01
-9.35669910735E-01
-9.79645060747E-01
-1.00000000000E+00
-9.72648050378E-01
-7.87948179717E-01
-2.92623454827E-01
2.21190339885E-01
5.06201895554E-01
6.75105485232E-01
7.96090155418E-01
8.57981892585E-01
8.82874287047E-01
9.13427898989E-01
9.41288722091E-01
9.38723151623E-01
9.07745478447E-01
8.30163475606E-01
6.59415219558E-01
4.36952695969E-01
1.73737887751E-01
-6.98216822509E-02
-2.07832411000E-01
-2.78608231029E-01
-2.86983440409E-01
-2.28823442105E-01
-4.64135021097E-02
2.23077412378E-01
4.20774759875E-01
5.26599240930E-01
5.91904671034E-01
6.17263532854E-01
6.02803044760E-01
5.52021711935E-01
4.71195640651E-01
3.74297648580E-01
2.64274961304E-01
1.38095540996E-01
2.16271229566E-03
-1.37332230774E-01
-2.70317833895E-01
-3.75315395543E-01
-4.59258316901E-01
-5.18605686661E-01
-5.45279138308E-01
-5.53845175243E-01
-5.46657337320E-01
-5.22401034709E-01
-4.96872548396E-01
-4.71004813095E-01
-4.50183406484E-01
-4.37419163327E-01
-4.19926637406E-01
-4.11699849458E-01
-4.20626338443E-01
-4.11530224964E-01
-3.76587579246E-01
-2.91033225198E-01
-1.62161016051E-01
-6.44997137587E-02
7.78152365202E-03
5.46614931196E-02
7.02457434854E-02
7.19631914849E-02
7.24084557810E-02
7.05849924729E-02
5.81387952420E-02
3.19954201387E-02
-4.11339397409E-03
-4.16004070988E-02
-7.94054661493E-02
-1.32455526578E-01
-1.89025295253E-01
-2.25388546106E-01
-2.36032483091E-01
-2.17416194899E-01
-1.59765070076E-01
-7.74123783474E-02
2.54436740665E-04
7.51224476814E-02
1.41042766575E-01
1.87159425821E-01
2.11436931493E-01
2.24837266501E-01
2.27763289019E-01
2.18306723491E-01
2.17288976528E-01
2.30350062549E-01
2.29904798253E-01
2.11373322308E-01
1.84403027797E-01
1.54549116892E-01
1.25564531518E-01
9.28694103429E-02
6.24430167716E-02
4.63074868011E-02
5.19262981575E-02
6.18281279817E-02
5.51279604775E-02
3.83351355936E-02
2.43835209804E-02
1.67716218222E-02
1.92947861671E-02
3.43489599898E-02
4.27665754935E-02
3.71265610754E-02
3.05112058181E-02
2.99599262133E-02
4.06886754447E-02
6.29730933147E-02
7.35322180523E-02
5.92625575133E-02
3.97769437907E-02
3.08292517440E-02
3.34372283358E-02
2.94298496703E-02
1.18737145644E-02
-1.50541738227E-02
-5.34105124780E-02
-1.06290948413E-01
-1.56096940398E-01
-1.97824565867E-01
-2.28462990056E-01
-2.41714903632E-01
-2.40718359731E-01
-2.18433941861E-01
-1.67525390666E-01
-1.02368381994E-01
-5.30288573670E-02
-3.47518181625E-02
-4.41659775672E-02
-7.43379343977E-02
-1.15471874139E-01
-1.55948518966E-01
-1.82028284884E-01
-2.03506986409E-01
-2.22759366453E-01
-2.28547802303E-01
-2.21253949070E-01
-2.02849691495E-01
-1.71002692789E-01
-1.19394440557E-01
-4.32966520366E-02
4.83429807264E-02
1.32455526578E-01
1.98100205670E-01
2.47354918050E-01
2.88488857791E-01
3.28562644446E-01
3.71986514853E-01
4.16279710790E-01
4.52727773891E-01
4.76305578526E-01
4.84977630770E-01
4.76941670377E-01
4.58346585247E-01
4.47511820707E-01
4.52939804508E-01
4.69393380404E-01
4.87055530819E-01
5.01706846469E-01
5.13474545724E-01
5.22697877574E-01
5.25475478659E-01
5.10018446664E-01
4.64050208850E-01
4.06123444225E-01
3.24682484151E-01
2.12624302949E-01
9.81913788351E-02
1.82346330810E-03
-8.85651888133E-02
-1.69052011110E-01
-2.35778046350E-01
-2.98348281492E-01
-3.53391429722E-01
-4.04533214596E-01
-4.52473337150E-01
-4.88666963510E-01
-5.13347327354E-01
-5.25793524585E-01
-5.21044038759E-01
-4.91041706422E-01
-4.40090749104E-01
-3.84687148824E-01
-3.33206114963E-01
-2.80474100460E-01
-2.27254415538E-01
-1.86650552340E-01
-1.78953840935E-01
-1.89300935055E-01
-1.98333439349E-01
-2.06284587494E-01
-2.15507919344E-01
-2.32025104425E-01
-2.61094502046E-01
-2.95931132456E-01
-3.28244598520E-01
-3.64480631003E-01
-4.01501176770E-01
-4.18675656765E-01
-3.97175752179E-01
-3.52246464389E-01
-3.09988762377E-01
-2.77442062634E-01
-2.39128130102E-01
-1.96319148485E-01
-1.43756758476E-01
-7.76032059029E-02
-2.34081801412E-02
-7.71791446685E-03
-1.75985412294E-02
-3.28223395458E-02
-6.05983504018E-02
-1.02410788118E-01
-1.37904713441E-01
-1.46979623858E-01
-1.34533426627E-01
-1.07435913746E-01
-5.88809024023E-02
8.05716345440E-04
5.45978839344E-02
1.07859974980E-01
1.62139812989E-01
2.16970930602E-01
2.57108326442E-01
2.83039670928E-01
3.11409367513E-01
3.51122702118E-01
3.98553951191E-01
4.42444288955E-01
4.85931768547E-01
5.29610075695E-01
5.69789877658E-01
5.99240930390E-01
6.16691050188E-01
6.27865063715E-01
6.41604647711E-01
6.57612959311E-01
6.74639017874E-01
6.87085215105E-01
6.92661620338E-01
6.90838157030E-01
6.75423531158E-01
6.34946886330E-01
5.79628098297E-01
5.25963149079E-01
4.73527977440E-01
4.16767381210E-01
3.59582723745E-01
3.14356593092E-01
2.63766087823E-01
2.04630748680E-01
1.53552572992E-01
7.35746241757E-02
-2.33021648326E-02
-1.05336810635E-01
-1.72635328541E-01
-2.21911243984E-01
-2.53800648814E-01
-2.67603841995E-01
-2.68006700168E-01
-2.61285329602E-01
-2.53991476369E-01
-2.57659606047E-01
-2.75279350338E-01
-2.96736848801E-01
-3.11642601192E-01
-3.20844729979E-01
-3.23579924941E-01
-3.17961113585E-01
-3.01931598923E-01
-2.53843054937E-01
-1.43565930920E-01
-5.55520217119E-03
1.15111422089E-01
1.87138222759E-01
2.18391535738E-01
2.27296821661E-01
2.27381633908E-01
2.23692301168E-01
2.14553781566E-01
2.02828488434E-01
1.90891164684E-01
1.80353243008E-01
1.67525390666E-01
1.46767593240E-01
1.15153828213E-01
6.96732608189E-02
1.52662044399E-02
-3.74234039395E-02
-9.03886521214E-02
-1.34575832750E-01
-1.66613659012E-01
-1.89831011598E-01
-2.08638127346E-01
-2.24476814452E-01
-2.38004367831E-01
-2.48054619087E-01
-2.57002311134E-01
-2.69618132858E-01
-2.84629900558E-01
-2.98645124356E-01
-3.12087865488E-01
-3.27248054619E-01
-3.45249454021E-01
-3.65201535102E-01
-3.85895723342E-01
-3.90221147934E-01
-3.39100566122E-01
-2.48054619087E-01
-1.58959353731E-01
-7.90874202235E-02
7.42107160274E-03
8.02535886182E-02
1.26115811123E-01
1.49460382079E-01
1.67843436592E-01
1.89385747302E-01
2.09380234506E-01
2.24731251193E-01
2.32343150351E-01
2.23925534847E-01
2.04524733371E-01
1.89173716685E-01
1.88622437080E-01
2.03591798656E-01
2.05606089519E-01
1.73483451010E-01
1.18164662977E-01
2.59313444861E-02
-7.35746241757E-02
-1.68861183555E-01
-2.46337171088E-01
-3.01231897886E-01
-3.40754404936E-01
-3.75315395543E-01
-3.90390772428E-01
-3.82439624282E-01
-3.51525560291E-01
-3.04942433687E-01
-2.56853889702E-01
-2.14023705023E-01
-1.88155969722E-01
-1.89216122808E-01
-2.13875283591E-01
-2.57808027479E-01
-2.99472043763E-01
-3.20484277930E-01
-3.21226385090E-01
-3.00065729491E-01
-2.58232088714E-01
-1.81498208341E-01
-9.44172338486E-02
-2.55072832517E-02
1.96340351547E-02
4.35510887772E-02
5.43858533172E-02
5.71634544028E-02
5.86688717851E-02
6.32487331171E-02
7.11998812629E-02
8.24163009139E-02
9.76188961686E-02
1.18482708903E-01
1.47806543265E-01
1.86629349278E-01
2.28569005364E-01
2.61900218392E-01
2.75533787079E-01
2.62154655132E-01
2.41078811780E-01
2.26300277760E-01
2.21487182749E-01
2.28399380871E-01
2.42499416916E-01
2.55094035579E-01
2.45573860866E-01
1.87138222759E-01
1.05421622882E-01
2.13090770307E-02
-6.74893454615E-02
-1.43989992155E-01
-2.10970464135E-01
-2.66522485847E-01
-3.05875368403E-01
-3.30237686322E-01
-3.37467930369E-01
-3.22689396349E-01
-2.59589084664E-01
-1.54845959757E-01
-6.70016750419E-02
-1.60083116002E-02
1.64959820198E-02
4.77068888748E-02
7.66066620020E-02
9.75976931069E-02
1.08305239277E-01
1.12885100609E-01
1.16765260904E-01
1.14963000657E-01
1.00163263575E-01
7.61401946441E-02
5.52975849713E-02
5.31136696139E-02
6.88675444734E-02
9.50109195768E-02
1.24483175371E-01
1.39664567564E-01
1.33218836800E-01
1.09535016856E-01
7.10090537074E-02
2.73943557450E-02
-1.53934228103E-02
-5.46190869962E-02
-7.88965926680E-02
-8.84591735047E-02
-8.99857939486E-02
-8.52151050612E-02
-7.78364395819E-02
-6.91431842758E-02
-5.44918686258E-02
-2.62493904120E-02
1.46937217734E-02
5.60396921315E-02
9.67919767614E-02
1.30335220406E-01
1.52343998473E-01
1.63793651803E-01
1.68988401925E-01
1.66338019210E-01
1.55566863855E-01
1.33706507220E-01
8.80987214554E-02
2.94086466086E-02
-2.66734516464E-02
-8.01475733096E-02
-1.30186798974E-01
-1.55778894472E-01
-1.56817844497E-01
-1.39452536946E-01
-9.76188961686E-02
-4.52685367767E-02
2.54436740665E-03
4.78977164303E-02
7.65642558785E-02
8.74202234803E-02
9.07915102941E-02
9.04098551831E-02
8.68265377521E-02
7.88541865445E-02
7.02881496088E-02
6.46269321290E-02
6.55598668448E-02
7.17935669911E-02
8.21830672349E-02
9.89334859954E-02
1.17634586434E-01
1.38434789984E-01
1.56690626126E-01
1.70196976443E-01
1.81413396094E-01
1.89661387104E-01
1.93414329029E-01
1.92226957573E-01
1.83130844094E-01
1.61991391557E-01
1.28787396900E-01
8.86075949367E-02
4.99756164790E-02
2.37898352522E-02
1.36759748108E-02
1.29550707122E-02
2.33233678943E-02
4.24485295677E-02
6.43724953883E-02
9.02190276276E-02
1.14793376164E-01
1.29275067320E-01
1.34045756207E-01
1.28999427517E-01
1.08602082141E-01
7.09242414605E-02
2.82000720904E-02
-1.20221359964E-02
-5.17566736637E-02
-8.59148060980E-02
-1.04615906537E-01
-1.10022687276E-01
-1.09365392363E-01
-1.02495600365E-01
-9.07279011089E-02
-7.93842630876E-02
-6.69168627950E-02
-5.75027033904E-02
-5.78207493162E-02
-6.83586709921E-02
-8.49182621971E-02
-1.04891546339E-01
-1.25776562136E-01
-1.42675402328E-01
-1.52131967856E-01
-1.59447024150E-01
-1.67101329432E-01
-1.72974577529E-01
-1.78911434811E-01
-1.82664376736E-01
-1.80544070564E-01
-1.71278332591E-01
-1.43311494180E-01
-9.46504675275E-02
-4.52897398384E-02
7.20904098552E-04
3.54727222611E-02
4.91062909484E-02
5.15234399847E-02
4.78553103068E-02
4.22789050739E-02
4.04766448275E-02
4.32754489748E-02
4.98483981087E-02
5.76299217607E-02
6.76589699553E-02
8.55331509870E-02
1.06630197401E-01
1.21960011026E-01
1.25755359074E-01
1.11867353646E-01
7.73487691623E-02
3.54091130759E-02
-2.12030617221E-04
-2.00368933274E-02
-3.19742170769E-02
-4.68587664059E-02
-6.77013760787E-02
-9.63255094036E-02
-1.29571910184E-01
-1.62818310964E-01
-1.91527256536E-01
-2.12793927443E-01
-2.29183894154E-01
-2.42054152620E-01
-2.48372665013E-01
-2.48309055828E-01
-2.41651294447E-01
-2.24879672625E-01
-2.00962619002E-01
-1.75964209232E-01
-1.56096940398E-01
-1.41424421686E-01
-1.30610860208E-01
-1.24907236605E-01
-1.20666624261E-01
-1.14560142485E-01
-1.04764327969E-01
-9.02190276276E-02
-6.96308546954E-02
-4.68587664059E-02
-2.69914975722E-02
-7.18783792380E-03
2.05881729322E-02
5.65697686746E-02
8.87136102453E-02
1.14178487374E-01
1.40639908403E-01
1.64154103853E-01
1.81625426712E-01
1.91866505523E-01
1.95577041325E-01
1.91272819795E-01
1.75349320442E-01
1.44456459513E-01
1.01626274834E-01
5.68878146004E-02
1.37607870577E-02
-2.91754129296E-02
-7.08182261519E-02
-1.02813646291E-01
-1.23931895766E-01
-1.36759748108E-01
-1.42272544155E-01
-1.40385471662E-01
-1.28829803024E-01
-1.05570044314E-01
-6.93976210165E-02
-3.13169221636E-02
-4.21940928270E-03
6.55174607213E-03
6.89099505969E-03
5.51279604775E-04
-7.61189915824E-03
-1.54358289337E-02
-2.39170536225E-02
-3.28223395458E-02
-3.88864151984E-02
-3.87167907046E-02
-2.95570680406E-02
-1.03470941204E-02
1.49057523906E-02
3.51970824587E-02
4.46324449250E-02
4.84701990967E-02
5.07813328245E-02
5.00816317876E-02
4.41659775672E-02
3.12321099167E-02
1.34003350084E-02
-6.29730933147E-03
-2.55072832517E-02
-4.09431121854E-02
-4.85338082819E-02
-4.47172571719E-02
-2.13514831542E-02
2.48923944618E-02
7.40198884719E-02
1.07753959672E-01
1.26115811123E-01
1.37798698132E-01
1.42463371711E-01
1.37862307317E-01
1.23931895766E-01
9.90819074274E-02
7.09242414605E-02
5.08237389479E-02
4.45052265547E-02
4.58622225049E-02
4.89578695164E-02
5.51067574158E-02
6.29518902530E-02
6.92916057079E-02
7.24932680279E-02
6.96944638806E-02
6.31003116850E-02
5.64213472425E-02
5.09297542565E-02
4.53745520853E-02
4.15155948519E-02
4.28089816169E-02
4.68375633441E-02
4.95939613680E-02
4.61378623073E-02
3.73809978161E-02
2.56345016220E-02
1.51601891313E-02
7.39986854102E-03
7.84513283718E-04
-5.30076543053E-03
-1.14496533299E-02
-1.82346330810E-02
-2.51044250790E-02
-2.87089455717E-02
-2.96418802875E-02
-3.04687996947E-02
-3.06596272502E-02
-3.03203782626E-02
-2.80092445349E-02
-2.54860801900E-02
-2.56557046838E-02
-2.88361639421E-02
-3.62996416683E-02
-4.90850878867E-02
-6.39908402773E-02
-7.56525242245E-02
-8.07836651612E-02
-8.12077263957E-02
-7.75607997795E-02
-7.18147700528E-02
-6.55810699065E-02
-6.08103810190E-02
-5.83932319827E-02
-5.60820982550E-02
-5.12690032441E-02
-4.18124377160E-02
-2.52316434493E-02
-3.30767762865E-03
2.10758433518E-02
4.69647817145E-02
7.04789771643E-02
8.83531581960E-02
9.92303288595E-02
1.03513347327E-01
1.00799355427E-01
9.21909123677E-02
8.12077263957E-02
7.02033373619E-02
5.66969870449E-02
4.25333418146E-02
3.30979793482E-02
3.19530140152E-02
4.13459703581E-02
5.79055615631E-02
7.45499650149E-02
8.60420244683E-02
9.24877552319E-02
9.42688124165E-02
9.09823378496E-02
8.52575111846E-02
7.85785467421E-02
7.00337128681E-02
6.07467718339E-02
5.24139685771E-02
4.37843224562E-02
3.41369293726E-02
2.20723872527E-02
8.73566142951E-03
-2.05669698704E-03
-6.63655831902E-03
-7.59069609652E-03
-9.28694103429E-03
-1.10679982189E-02
-1.51813921930E-02
-2.12878739690E-02
-2.70339036957E-02
-3.44761783602E-02
-4.35934949007E-02
-5.63789411191E-02
-7.27477047686E-02
-8.66993193817E-02
-9.80429574030E-02
-1.06799821894E-01
-1.09322986239E-01
-1.07287492314E-01
-9.88486737485E-02
-8.59360091597E-02
-7.16451455590E-02
-6.08527871425E-02
-5.33469032928E-02
-4.77492949982E-02
-4.41871806289E-02
-4.45688357399E-02
-4.64135021097E-02
-4.65407204800E-02
-4.59894408753E-02
-4.49928969743E-02
-4.39963530734E-02
-4.51625214681E-02
-4.78977164303E-02
-4.96999766766E-02
-5.08873481331E-02
-5.10145665034E-02
-5.01240379111E-02
-4.94031338125E-02
-4.75584674427E-02
-4.51413184064E-02
-4.28089816169E-02
-4.25121387528E-02
-4.16004070988E-02
-3.82291202850E-02
-3.52394885822E-02
-3.18682017683E-02
-2.81364629052E-02
-2.44047240422E-02
-1.90191463647E-02
-1.10679982189E-02
-3.77414498654E-03
1.95068167843E-03
7.12422873863E-03
9.01130123190E-03
8.62964612090E-03
7.23024404724E-03
2.58677353010E-03
-5.51279604775E-03
-1.75137289825E-02
-2.84121027076E-02
-3.48790365329E-02
-3.65116722855E-02
-3.07868456205E-02
-1.66019973284E-02
1.92947861671E-03
2.04821576236E-02
3.32251977186E-02
3.85895723342E-02
3.86107753960E-02
3.49214426563E-02
2.86029302631E-02
2.05033606853E-02
1.37819901194E-02
9.77461145389E-03
7.10302567691E-03
4.91911031953E-03
1.73865106121E-03
-1.48421432055E-03
-4.17700315926E-03
-6.57294913385E-03
-1.00926573797E-02
-1.57750779213E-02
-2.05245637470E-02
-2.10122341666E-02
-1.53934228103E-02
-5.06753175158E-03
1.03470941204E-02
2.61221720416E-02
4.03070203337E-02
5.28168267498E-02
6.53266331658E-02
7.43591374594E-02
7.74335814092E-02
7.79636579522E-02
7.62886160762E-02
7.22812374107E-02
6.61747556347E-02
6.17433157348E-02
5.91141360813E-02
6.19129402286E-02
7.05849924729E-02
8.20134427411E-02
9.78733329093E-02
1.15281046583E-01
1.26730699913E-01
1.30632063270E-01
1.27260776456E-01
1.17295337447E-01
1.01541462587E-01
7.99567457541E-02
5.53187880330E-02
3.26527150521E-02
7.25144710896E-03
-2.25600576723E-02
-4.84489960350E-02
-6.79770158811E-02
-8.23102856052E-02
-9.01766215041E-02
-9.19364756271E-02
-8.86075949367E-02
-8.14833661981E-02
-7.30021415092E-02
-6.46481351907E-02
-5.29228420584E-02
-4.20880775184E-02
-3.51122702118E-02
-2.96418802875E-02
-2.55708924369E-02
-2.21784025613E-02
-1.70684646863E-02
-1.17040900706E-02
-9.64739308356E-03
-7.03941649174E-03
-2.35353985115E-03
2.20511841910E-03
8.90528592329E-03
1.69200432542E-02
2.31749464623E-02
2.89633823124E-02
3.19742170769E-02
2.61857812268E-02
1.06863431079E-02
-1.07075461697E-02
-3.63632508534E-02
-5.74390942052E-02
-7.03093526705E-02
-7.31929690647E-02
-6.59203188940E-02
-4.95303521829E-02
-2.63978118440E-02
-4.81309501092E-03
9.32934715773E-03
1.57538748595E-02
1.25522125395E-02
1.27218370333E-04
-1.61567330322E-02
-3.17833895214E-02
-4.57138010729E-02
-5.59548798847E-02
-6.19129402286E-02
-6.50297903017E-02
-6.65564107457E-02
-6.72985179060E-02
-6.86131077328E-02
-6.94400271399E-02
-6.93976210165E-02
-6.77437822022E-02
-6.26126412654E-02
-5.15658461082E-02
-3.68509212730E-02
-2.01853147595E-02
-5.19475012192E-03
6.72137056591E-03
1.44180819710E-02
1.81922269576E-02
1.92311769820E-02
2.07365943642E-02
2.39806628077E-02
2.61433751034E-02
2.90057884359E-02
3.12745160401E-02
2.96842864110E-02
2.47439730297E-02
1.86162881920E-02
1.38243962428E-02
7.99355426924E-03
4.17700315926E-03
3.71053580137E-03
3.85895723342E-03
2.37474291288E-03
0.00000000000E+00
-3.30767762865E-03
-5.27956236881E-03
-4.96151644297E-03
-5.13114093675E-03
-8.46002162712E-03
-1.25098064160E-02
-1.74289167356E-02
-2.19451688824E-02
-2.55496893751E-02
-2.74367618684E-02
-2.72671373746E-02
-2.56345016220E-02
-2.00792994508E-02
-1.40576299218E-02
-1.01986726883E-02
-8.07836651612E-03
-8.37520938023E-03
-9.49897165151E-03
-1.26158217247E-02
-1.67928248839E-02
-2.03973453767E-02
-2.16907321417E-02
-1.86374912537E-02
-1.07075461697E-02
-3.39248987554E-04
9.94423594767E-03
1.72804953035E-02
1.98460657719E-02
1.99096749571E-02
1.71320738715E-02
1.14920594534E-02
6.80618281280E-03
5.08873481331E-03
5.38557767742E-03
7.73911752857E-03
1.20645421199E-02
1.67928248839E-02
2.31537434005E-02
3.25466997434E-02
4.55653796408E-02
5.96018065009E-02
7.18571761762E-02
8.23950978521E-02
9.04734643683E-02
9.23393337998E-02
8.66357101966E-02
7.32989843733E-02
5.42162288234E-02
3.67449059644E-02
2.41290842398E-02
1.71744799949E-02
1.28914615270E-02
8.09956957785E-03
1.39940207366E-03
-6.82738587452E-03
-1.36547717490E-02
-1.63687636495E-02
-1.50753768844E-02
-7.80272671374E-03
5.10993787503E-03
1.74077136739E-02
2.69914975722E-02
3.35220405827E-02
3.55787375697E-02
3.25254966817E-02
3.02143629540E-02
3.05960180650E-02
3.13805313487E-02
3.41793354960E-02
3.67237029027E-02
3.73385916926E-02
3.50062549032E-02
2.68006700168E-02
1.47997370820E-02
1.92947861671E-03
-1.12376227127E-02
-2.17755443886E-02
-3.03839874478E-02
-3.77414498654E-02
-4.33602612217E-02
-4.72828276403E-02
-4.96999766766E-02
-4.80249348006E-02
-4.40175561351E-02
-3.97557407290E-02
-3.66176875941E-02
-3.51970824587E-02
-3.74870131247E-02
-4.28089816169E-02
-5.06329113924E-02
-6.00046646736E-02
-7.14755210652E-02
-8.33916417531E-02
-9.39507664907E-02
-1.02156351377E-01
-1.07987193351E-01
-1.10743591375E-01
-1.07351101499E-01
-9.61982910332E-02
-7.68823018044E-02
-5.01452409728E-02
-2.38534444374E-02
-2.39594597460E-03
1.13860441448E-02
1.74501197973E-02
1.85950851303E-02
1.63899667112E-02
9.98664207112E-03
1.69624493777E-04
-1.14708563917E-02
-2.40230689312E-02
-3.46882089774E-02
-4.18336407777E-02
-4.30846214193E-02
-4.21728897653E-02
-4.03070203337E-02
-3.63632508534E-02
-3.01719568306E-02
-2.27508852278E-02
-1.49269554524E-02
-6.25490320802E-03
4.13459703581E-03
1.43968789093E-02
2.15635137714E-02
2.44895362890E-02
2.38958505608E-02
2.11182494752E-02
1.97400504633E-02
1.95492229078E-02
1.95916290312E-02
1.74077136739E-02
1.25522125395E-02
5.27956236881E-03
-1.99308780188E-03
-7.20904098552E-03
-9.79581451562E-03
-7.54828997307E-03
-3.09564701143E-03
2.79880414732E-03
1.06015308611E-02
1.75137289825E-02
2.25812607341E-02
2.72459343129E-02
3.06808303119E-02
3.10836884846E-02
3.06384241885E-02
3.08292517440E-02
3.32676038420E-02
3.98617560376E-02
4.90426817632E-02
5.88596993406E-02
6.74681423998E-02
7.45287619532E-02
8.07624620995E-02
8.35612662468E-02
8.33704386913E-02
8.13137417043E-02
7.53344782987E-02
6.44997137587E-02
5.12478001823E-02
3.47094120391E-02
1.90827555499E-02
6.95460424485E-03
8.48122468885E-04
3.83775417170E-03
1.32943196998E-02
2.61221720416E-02
3.92256641859E-02
4.98483981087E-02
5.73754850200E-02
6.11284269449E-02
6.13616606238E-02
5.82660136124E-02
5.07177236393E-02
4.11763458643E-02
3.12321099167E-02
2.12666709073E-02
1.26582278481E-02
5.42798380086E-03
1.39940207366E-03
-1.48421432055E-04
-2.90481945593E-03
-4.26181540614E-03
-5.02512562814E-03
-6.46693382524E-03
-8.12077263957E-03
-8.60844305918E-03
-1.08347645400E-02
-1.26794309098E-02
-1.26370247864E-02
-1.23613849840E-02
-1.24886033543E-02
-1.01986726883E-02
-7.67550834340E-03
-7.35746241757E-03
-6.46693382524E-03
-4.51625214681E-03
-3.20166232004E-03
-4.66467357886E-03
-9.03250429362E-03
-1.52237983165E-02
-2.44259271039E-02
-3.35644467061E-02
-4.24485295677E-02
-4.80461378623E-02
-4.81309501092E-02
-4.20456713949E-02
-2.91118037445E-02
-1.29974768357E-02
1.80226024638E-03
1.36123656256E-02
2.51680342641E-02
3.66812967793E-02
4.76856858130E-02
5.73330788966E-02
6.44997137587E-02
6.65564107457E-02
6.38000127218E-02
5.62093166253E-02
4.30210122342E-02
2.97478955961E-02
1.89343341178E-02
9.88062676250E-03
3.35008375209E-03
-8.26919407162E-04
-3.37128681382E-03
-6.31851239319E-03
-7.80272671374E-03
-1.08771706634E-02
-1.61779360940E-02
-2.23692301168E-02
-3.03203782626E-02
-3.93104764328E-02
-4.92335093187E-02
-5.88172932171E-02
-6.37788096601E-02
-6.50721964252E-02
-6.35879821046E-02
-5.76087186990E-02
-4.68375633441E-02
-3.56635498166E-02
-2.20299811293E-02
-6.65776138074E-03
8.75686449123E-03
2.35566015733E-02
3.65752814706E-02
4.40811653203E-02
4.64983143566E-02
4.42719928758E-02
3.53243008290E-02
2.34505862647E-02
1.29974768357E-02
5.68242054153E-03
1.27218370333E-04
1.06015308611E-04
8.26919407162E-03
2.21784025613E-02
3.96497254204E-02
5.55732247737E-02
6.54962576596E-02
6.96520577571E-02
6.82526556835E-02
6.17433157348E-02
5.17566736637E-02
4.10279244323E-02
3.19742170769E-02
2.52952526345E-02
2.11606555987E-02
1.98672688336E-02
2.33869770795E-02
2.99811292751E-02
3.74234039395E-02
4.46324449250E-02
5.15658461082E-02
5.77783431928E-02
6.33547484257E-02
6.36303882281E-02
5.80963891186E-02
4.74736551958E-02
3.04263935712E-02
8.05716345440E-03
-1.37607870577E-02
-2.98327078430E-02
-4.03494264572E-02
-4.71556092700E-02
-4.84489960350E-02
-4.39115408265E-02
-3.77626529271E-02
-3.05536119416E-02
-2.28993066599E-02
-1.58598901681E-02
-9.68979920701E-03
-3.37128681382E-03
1.14496533299E-03
-1.22977757988E-03
-1.00714543180E-02
-2.31113372771E-02
-3.81443080381E-02
-5.16930644785E-02
-6.13404575621E-02
-6.64928015605E-02
-6.78922036342E-02
-6.68320505481E-02
-6.08315840807E-02
-5.02936624049E-02
-3.99677713462E-02
-3.15713589042E-02
-2.84333057694E-02
-3.03203782626E-02
-3.38612895702E-02
-3.65540784089E-02
-3.98193499141E-02
-3.98617560376E-02
-3.49850518415E-02
-2.87513516952E-02
-2.09062188580E-02
-1.05803277993E-02
1.90827555499E-04
9.30814409601E-03
1.68140279456E-02
2.23268239934E-02
2.43199117953E-02
2.10546402901E-02
1.41848482921E-02
7.44227466446E-03
1.08135614783E-03
-4.49504908509E-03
-8.07836651612E-03
-8.84167673812E-03
-1.13436380213E-02
-1.54570319954E-02
-1.67292156987E-02
-1.40152237983E-02
-6.86979199796E-03
9.75340839217E-04
6.86979199796E-03
1.06015308611E-02
1.34851472553E-02
1.56902656744E-02
1.67080126370E-02
1.63899667112E-02
1.45028942179E-02
1.20857451816E-02
1.00926573797E-02
9.88062676250E-03
1.15344655768E-02
1.70684646863E-02
2.35353985115E-02
3.00235353985E-02
3.61512202362E-02
4.06462693213E-02
4.11763458643E-02
3.89712274452E-02
3.39248987554E-02
2.49135975235E-02
1.15344655768E-02
-2.69278883871E-03
-1.59871085385E-02
-2.76699955474E-02
-3.68085151496E-02
-4.39539469499E-02
-4.78553103068E-02
-4.99968195407E-02
-4.84065899116E-02
-4.44416173695E-02
-4.11551428026E-02
-4.03282233955E-02
-3.79534804826E-02
-3.74234039395E-02
-4.10067213706E-02
-4.31058244811E-02
-4.46324449250E-02
-4.43143989992E-02
-3.96709284821E-02
-3.30343701631E-02
-2.30265250302E-02
-9.49897165151E-03
4.87670419609E-03
1.82770392045E-02
2.74579649301E-02
3.15077497191E-02
3.14441405339E-02
3.03627843861E-02
3.05536119416E-02
3.14653435956E-02
3.19954201387E-02
3.33312130272E-02
3.46033967305E-02
3.54939253228E-02
3.45185844836E-02
3.14017344104E-02
3.02355660157E-02
3.23770752497E-02
3.61724232979E-02
3.90984458156E-02
4.03070203337E-02
3.90984458156E-02
3.68085151496E-02
3.39248987554E-02
2.98327078430E-02
2.42563026101E-02
1.82982422662E-02
1.27430400950E-02
7.90874202235E-03
3.41369293726E-03
-2.05669698704E-03
-3.66812967793E-03
-7.63310221996E-04
2.84121027076E-03
6.40332464008E-03
1.12376227127E-02
1.63687636495E-02
1.89767402413E-02
2.10334372283E-02
2.22208086848E-02
2.16907321417E-02
1.64959820198E-02
9.94423594767E-03
3.83775417170E-03
-2.45955515977E-03
-8.67205224434E-03
-1.32095074529E-02
-1.57538748595E-02
-1.60507177236E-02
-1.69624493777E-02
-2.13938892776E-02
-2.80092445349E-02
-3.39461018171E-02
-3.92892733711E-02
-4.24485295677E-02
-4.39963530734E-02
-4.39115408265E-02
-4.08370968768E-02
-3.57907681869E-02
-3.00447384602E-02
-2.41078811780E-02
-1.97400504633E-02
-1.75985412294E-02
-1.54570319954E-02
-1.44816911562E-02
-1.52237983165E-02
-1.39516146132E-02
-1.07499522931E-02
-5.59760829464E-03
2.98963170282E-03
1.25098064160E-02
2.26872760427E-02
3.30131671013E-02
4.10703305557E-02
4.70707970231E-02
5.10993787503E-02
5.26259991943E-02
5.12265971206E-02
4.80249348006E-02
4.16852193457E-02
3.21014354473E-02
2.30901342154E-02
1.32731166380E-02
4.13459703581E-03
-8.05716345440E-04
-2.37474291288E-03
-2.09910311049E-03
-2.33233678943E-04
2.18391535738E-03
1.84466636982E-03
2.54436740665E-04
-1.97188474016E-03
-4.30422152959E-03
-6.17009096113E-03
-7.20904098552E-03
-7.39986854102E-03
-7.52708691135E-03
-8.29039713335E-03
-9.22333184912E-03
-1.09195767869E-02
-1.36759748108E-02
-1.66444034519E-02
-1.87859126858E-02
-1.74289167356E-02
-1.27854462184E-02
-7.95114814579E-03
-3.22286538176E-03
1.88707249327E-03
5.23715624536E-03
6.06407565252E-03
5.27956236881E-03
3.79534804826E-03
2.54436740665E-04
-3.54091130759E-03
-7.33625935585E-03
-1.31246952060E-02
-2.00792994508E-02
-2.51680342641E-02
-2.89845853741E-02
-3.25042936200E-02
-3.62996416683E-02
-3.86955876429E-02
-3.97345376672E-02
-3.93104764328E-02
-3.67661090261E-02
-3.37976803850E-02
-3.05536119416E-02
-2.70763098191E-02
-2.40866781163E-02
-2.09698280432E-02
-1.66656065136E-02
-1.27854462184E-02
-1.21069482433E-02
-1.39304115514E-02
-1.67716218222E-02
-2.19239658207E-02
-2.88149608804E-02
-3.38400865085E-02
-3.58331743104E-02
-3.57907681869E-02
-3.49850518415E-02
-3.21862476942E-02
-2.77760108560E-02
-2.21996056231E-02
-1.58598901681E-02
-8.52363081229E-03
-8.48122468885E-04
4.55865827025E-03
7.67550834340E-03
9.09611347879E-03
8.52363081229E-03
7.63310221996E-03
7.56949303479E-03
7.69671140513E-03
6.84858893624E-03
4.64347051714E-03
2.35353985115E-03
6.57294913385E-04
-2.54436740665E-04
-1.69624493777E-04
5.93685728219E-04
1.33579288849E-03
1.61143269088E-03
1.63263575260E-03
4.45264296164E-04
-1.52662044399E-03
-3.47730212243E-03
-4.83429807264E-03
-5.68242054153E-03
-5.87324809703E-03
-5.55520217119E-03
-4.60106439370E-03
-2.94722557937E-03
-1.22977757988E-03
5.08873481331E-04
2.07790004877E-03
3.28647456693E-03
4.30422152959E-03
5.13114093675E-03
5.59760829464E-03
5.76723278841E-03
5.57640523292E-03
5.27956236881E-03
5.06753175158E-03
4.94031338125E-03
5.21595318364E-03
5.87324809703E-03
6.55174607213E-03
7.20904098552E-03
7.71791446685E-03
8.07836651612E-03
8.33280325679E-03
8.56603693573E-03
8.67205224434E-03
8.71445836779E-03
8.75686449123E-03
8.75686449123E-03
8.65084918262E-03
8.46002162712E-03
8.26919407162E-03
8.12077263957E-03
7.97235120751E-03
7.82392977546E-03
7.69671140513E-03
7.52708691135E-03
7.33625935585E-03
7.16663486207E-03
7.01821343002E-03
6.89099505969E-03
6.78497975108E-03
6.70016750419E-03
6.59415219558E-03
6.46693382524E-03
6.33971545491E-03
6.19129402286E-03
6.04287259080E-03
5.89445115875E-03
5.72482666497E-03
5.57640523292E-03
5.42798380086E-03
5.25835930708E-03
5.08873481331E-03
4.94031338125E-03
4.77068888748E-03
4.62226745542E-03
4.45264296164E-03
4.28301846787E-03
4.11339397409E-03
3.94376948031E-03
3.77414498654E-03
3.60452049276E-03
3.41369293726E-03
3.24406844348E-03
3.05324088798E-03
2.86241333249E-03
2.67158577699E-03
2.48075822149E-03
2.26872760427E-03
2.07790004877E-03
