4.71598804160E-03
4.69493452356E-03
4.67388100552E-03
4.63177396943E-03
4.61072045139E-03
4.58966693334E-03
4.54755989726E-03
4.52650637922E-03
4.48439934313E-03
4.46334582509E-03
4.44229230704E-03
4.40018527096E-03
4.37913175292E-03
4.35807823487E-03
4.33702471683E-03
4.31597119879E-03
4.29491768074E-03
4.27386416270E-03
4.25281064466E-03
4.23175712662E-03
4.21070360857E-03
4.18965009053E-03
4.18965009053E-03
4.14754305444E-03
4.10543601836E-03
4.04227546423E-03
4.00016842814E-03
3.95806139206E-03
3.91595435597E-03
3.85279380184E-03
3.81068676576E-03
3.74752621163E-03
3.68436565750E-03
3.64225862142E-03
3.51593751316E-03
3.34750936882E-03
3.97911491010E-03
5.30548654680E-03
5.05284433029E-03
4.54755989726E-03
4.14754305444E-03
3.38961640490E-03
3.55804454924E-03
5.11600488442E-03
7.57926649543E-03
8.33719314497E-03
2.86327845383E-03
-1.45269274496E-03
8.42140721715E-05
1.95797717799E-03
3.66331213946E-03
2.86327845383E-03
2.10535180429E-03
2.82117141774E-03
4.12648953640E-03
4.40018527096E-03
-2.23167291254E-03
-1.49479978104E-03
9.81093940798E-03
1.25689502716E-02
-1.89481662386E-04
-1.25057897175E-02
-7.32662427892E-03
1.68428144343E-04
8.71615646975E-03
1.64427975915E-02
2.10535180429E-05
2.56852920123E-03
1.00846351425E-02
1.30742347046E-02
2.26746389322E-02
2.74958945640E-02
8.48456777127E-03
4.88441618594E-03
1.34531980294E-02
2.37904753884E-03
-8.12665796455E-03
-9.01090572235E-03
2.52642216514E-03
1.34321445113E-02
9.68461829972E-03
-7.34767779696E-03
-2.32851909554E-02
-9.64251126363E-03
2.63168975536E-02
2.74958945640E-02
-2.30746557750E-02
-5.56233946692E-02
2.12640532233E-03
6.10762558424E-02
2.88012126826E-02
-3.96227209567E-02
-6.19394500821E-02
-2.37904753884E-03
4.43387089983E-02
-2.17693376563E-02
-3.68226030570E-02
1.62533159291E-02
6.35816244895E-02
4.73493620784E-02
-2.06535012001E-02
-9.54987578424E-02
-7.89506926607E-02
4.27386416270E-02
1.23857846646E-01
3.47383047707E-02
-7.63400564234E-02
-8.74984209861E-02
4.69703987536E-02
6.04235967830E-02
-7.03819108173E-02
-7.95191376479E-02
-3.78121184050E-02
-1.57901385321E-03
4.07385574129E-02
3.53699103120E-03
-9.89094277654E-02
-1.14994315550E-01
-3.66331213946E-02
4.41071202998E-02
4.89915364857E-02
-1.38742683902E-02
-2.74116804918E-02
1.57269779780E-02
-1.69691355425E-02
-1.76639016380E-02
1.13267927071E-02
2.85064634300E-02
4.60650974778E-02
9.60040422755E-03
-3.54962314203E-02
-7.60242536528E-02
-4.13491094362E-02
1.77481157101E-02
6.84870941934E-02
5.33706682387E-02
3.45277695903E-03
-3.94963998484E-02
-2.63379510716E-02
2.23798896796E-02
2.30325487389E-02
-1.81691860710E-02
-3.12013137395E-02
8.84247757800E-03
4.07385574129E-02
-2.71590382753E-03
-5.00442123879E-02
-3.69699776833E-02
-2.09271969346E-02
-2.02113773212E-03
1.41269106068E-02
-1.67586003621E-02
-5.41075413702E-02
-1.30321276685E-02
4.19596614594E-02
3.92437576319E-02
-1.18741841762E-02
-3.62331045518E-02
-1.96429323340E-02
-4.80020211377E-03
1.20847193566E-02
2.03376984294E-02
5.47391469114E-04
-1.74954734936E-02
9.47408311929E-04
2.87169986105E-02
3.90542759695E-02
-9.26354793886E-03
4.35807823487E-03
2.21061939450E-02
-7.12451050571E-02
-7.58347719904E-02
-1.99376815866E-02
2.56431849762E-02
3.68857636111E-02
-1.01056886606E-02
-6.71817760748E-02
-6.32026611647E-02
-9.28460145690E-03
4.43387089983E-02
5.37496315634E-02
1.41690176428E-02
-6.88450040002E-03
7.85296222999E-03
8.88458461409E-03
1.74744199756E-03
5.05284433029E-04
-3.64225862142E-03
-2.98959956209E-03
-4.56861341530E-03
-4.33702471683E-03
1.76849551560E-03
1.53269611352E-02
1.87165775401E-02
3.11592067034E-03
-8.94774516822E-03
1.23373615731E-02
-1.45058739315E-02
-3.03170659817E-03
2.59800412649E-02
3.45488231083E-02
2.05271800918E-02
4.21070360857E-04
-1.70322960967E-02
-3.01696913554E-02
-1.83797212514E-02
-6.77923280980E-03
-1.98955745505E-02
-3.65910143585E-02
-1.37268937639E-02
6.90555391806E-03
-8.10560444650E-03
8.21087203672E-03
3.68226030570E-02
5.53496989347E-02
3.37698429408E-02
3.41066992294E-03
1.76428481199E-02
3.60646764074E-02
5.04652827487E-02
3.09486715230E-02
-2.36852077982E-02
-7.08661417323E-02
-3.47593582888E-02
3.18960798349E-02
-5.68866057518E-02
-1.82534001432E-02
5.98130447598E-02
2.23798896796E-02
-2.46957766643E-02
2.06535012001E-02
6.98976799023E-02
3.25066318582E-02
1.87376310581E-03
-3.07170828245E-02
-3.84226704282E-02
-1.68007073982E-02
7.68453408565E-03
-1.61059413028E-02
-4.02964335340E-02
-1.24215756453E-02
3.95806139206E-03
1.28426460061E-03
2.80853930692E-02
5.17706008674E-02
1.62743694471E-02
-3.97911491010E-03
5.50338961640E-02
3.17908122447E-02
-1.52638005811E-02
-4.92231251842E-02
-4.36860499389E-02
-2.39378500147E-02
9.89515348015E-04
2.48010442545E-02
-1.02320097688E-02
-5.65286959451E-02
-3.26750600025E-02
-9.05301275843E-03
1.15794349236E-02
3.84858309824E-02
5.24864204809E-02
1.56848709419E-02
2.22746220894E-02
5.14758516148E-02
2.56431849762E-02
-4.54755989726E-03
-1.43374457872E-02
-1.18741841762E-02
-6.00025264222E-03
-2.12640532233E-03
6.31605541286E-04
-2.24851572698E-02
-6.47606214999E-02
-2.86327845383E-03
1.48679944419E-01
9.40460650975E-02
1.12846856710E-02
-4.72440944882E-02
-9.35407806644E-02
-6.14552191671E-02
-2.42957598215E-02
9.11617331256E-03
3.66752284307E-02
3.48646258790E-02
-3.26329529664E-02
-1.03878058023E-01
-5.72866225946E-02
3.35593077603E-02
1.18299717883E-01
1.21184049855E-01
2.80853930692E-02
-9.69093435513E-02
-2.05756031833E-01
-5.69076592699E-02
1.42427049560E-01
7.80874984210E-02
2.71590382753E-03
-4.14543770264E-02
-5.27180091793E-02
-1.20384016169E-01
-1.96808286665E-01
-3.44435555181E-02
1.47648322035E-01
7.06766600699E-02
-5.85708871953E-02
-1.50995831403E-01
-3.08644574508E-02
5.05705503390E-02
4.23386247842E-02
-1.55164427976E-02
-9.79409659354E-02
-9.57514000589E-02
-2.52010610973E-02
1.37479472820E-02
-3.87805802350E-02
-9.20249273654E-02
-1.45732451893E-01
-1.65206956082E-01
-1.26363215293E-01
-7.94349235757E-02
-1.32510842562E-01
-2.93296559855E-01
-2.59716198577E-01
-1.60596235631E-01
-9.92252305360E-02
-1.02741168049E-01
-1.35626763232E-01
-1.04088593204E-01
-7.36873131500E-02
-5.24443134448E-02
-1.11394163965E-01
-1.73123078866E-01
-1.08888795318E-01
3.05697081982E-02
1.41774390501E-01
-4.65282748747E-03
-2.00808455093E-01
-8.16665964883E-02
5.82761379427E-02
1.28194871363E-01
6.19394500821E-02
-2.42747063034E-02
-3.75594761885E-02
1.84849888416E-02
8.51193734473E-02
1.64049012590E-01
2.23356772917E-01
8.05297065140E-02
-9.02564318498E-02
-1.16278580151E-01
-2.17061771022E-02
3.98543096551E-02
-1.70112425786E-02
-2.39378500147E-02
-5.64234283549E-03
-3.13697418839E-03
4.98968377616E-03
1.28636995242E-02
2.33062444735E-02
2.87169986105E-02
3.73910480441E-02
6.46553539096E-02
1.09036169944E-01
1.43227083246E-01
1.81144469241E-01
2.40936460483E-01
2.88748999958E-01
6.97292517580E-02
-1.90913301613E-01
-2.77464314287E-01
-1.67164933260E-01
-2.32220304013E-02
1.01351635858E-01
9.51619015537E-02
2.67169143964E-02
-1.48006231841E-02
4.64440608026E-02
1.66849130490E-01
2.17019663986E-01
2.31609751990E-01
2.34830940250E-01
2.48010442545E-01
2.49589456398E-01
2.66242789170E-01
2.71421954609E-01
2.59905680239E-01
2.17356520275E-01
1.86534169860E-01
2.11082571898E-01
2.89633247716E-01
2.82453998063E-01
2.42557581372E-01
1.99292601794E-01
1.61543643943E-01
1.04257021348E-01
6.15394332393E-02
5.10968882900E-02
7.21714598509E-02
1.03267506000E-01
7.36873131500E-02
-2.36915238536E-01
-2.64369026064E-01
-1.26321108257E-01
-5.06547644111E-02
-1.59859362499E-01
-2.80748663102E-01
-1.65649079961E-01
-5.17495473494E-02
-5.46338793212E-02
-9.35197271464E-02
-7.26135837298E-02
-8.00033685629E-04
5.54128594888E-02
2.40010105689E-02
-6.42132300307E-03
5.21706177102E-02
-6.52027453788E-02
-2.17798644153E-01
-3.12202619058E-01
-3.37382626637E-01
-3.18729209651E-01
-3.43803949640E-01
-3.89026906396E-01
-2.87443681839E-01
-1.28994905049E-01
2.29904417028E-02
1.83607730852E-01
2.66263842688E-01
2.96623015706E-01
2.86538380563E-01
3.03107499263E-01
4.95810349909E-01
4.48250452651E-01
3.38372141985E-01
2.73337824751E-01
2.05019158701E-01
2.52410627816E-01
2.12366836498E-01
2.72853593836E-02
-1.68259716199E-01
-2.13272137774E-01
-1.22363046865E-01
-2.19167122826E-02
7.01082150827E-02
1.91397532528E-01
3.10792033349E-01
2.96391427007E-01
1.26742178618E-01
3.96648279928E-02
8.38351088467E-02
1.35689923786E-01
5.05705503390E-02
-1.82133984589E-01
-4.35092003874E-01
-4.52440102741E-01
-2.11061518380E-01
-1.22110404649E-03
-8.01086361531E-02
-1.88976377953E-01
-2.20472440945E-01
-8.00875826351E-02
7.93507095036E-02
1.11583645627E-02
-1.35900458967E-01
-2.72874647354E-01
-2.21419849257E-01
-4.48861004674E-02
2.80853930692E-02
-1.09415133269E-01
-2.24367341783E-01
-6.89081645543E-02
1.24594719778E-01
2.50557918228E-01
1.18341824919E-01
-6.94766095415E-03
2.06408690892E-01
4.38018442882E-01
5.44928207503E-01
4.52924333656E-01
3.39340603815E-01
2.35167796539E-01
1.11625752663E-01
-6.14762726852E-03
-1.42742852331E-01
-2.44768200766E-01
-1.72891490168E-01
-7.20872457788E-02
6.10552023243E-04
9.53934902522E-02
2.11840498547E-01
3.16834393027E-01
1.21647227252E-01
-9.83409827782E-02
-8.52667480736E-03
8.73089393238E-02
2.69906101310E-02
-1.90955408649E-02
-4.15175375805E-02
-4.70125057897E-02
-5.49496820919E-02
-5.66550170533E-02
-6.28447513580E-02
-7.41504905470E-02
-6.40658554044E-02
4.43597625163E-02
1.74933681418E-01
2.88117394417E-01
2.50810560445E-01
1.88028969641E-01
1.42806012885E-01
7.89927996968E-02
1.85692029138E-02
-4.62335256221E-02
-8.93300770559E-02
-1.08299296812E-01
-1.23815739610E-01
-1.41900711609E-01
-1.48469409238E-01
-1.53985430966E-01
-1.58617204935E-01
-1.83586677334E-01
-2.26956924502E-01
-2.71864078488E-01
-3.24139963788E-01
-3.73068339720E-01
-3.48983115079E-01
-2.81611857341E-01
-2.19125015790E-01
-1.51732704535E-01
-7.80243378669E-02
-8.23192555476E-03
2.43168133395E-02
5.53286454166E-02
8.85300433702E-02
7.34557244516E-02
3.36435218325E-02
-5.93709208809E-03
-4.98336772075E-02
-7.39189018485E-02
-6.39816413323E-02
-5.20021895659E-02
-5.67181776075E-02
-4.99599983157E-02
-9.70567181776E-03
7.70558760369E-03
-4.85073055708E-02
-1.27015874353E-01
-1.85586761548E-01
-5.27601162154E-02
6.31816076466E-02
4.21070360857E-05
-6.08657206619E-02
-1.21352477999E-01
-1.65985936250E-01
-1.23205187587E-01
-1.19478714893E-01
-1.71754600194E-01
-2.15082740326E-01
-2.19146069308E-01
-1.80512863700E-01
-2.23188344772E-01
-3.14160596236E-01
-3.08476146364E-01
-1.56806602383E-01
-5.77919070277E-02
-1.12299465241E-01
-1.56827655901E-01
-6.52869594509E-02
3.13065813297E-02
2.12851067413E-02
6.02762221567E-02
5.94972419891E-02
-4.89494294497E-02
-8.17297570424E-02
-4.63177396943E-03
3.01275843193E-02
8.42140721715E-03
-4.08438250032E-03
-2.12429997053E-02
-1.26110573077E-02
2.91801760074E-02
7.74769463977E-02
8.56457113984E-02
3.96648279928E-02
-1.44216598594E-02
-6.28026443219E-02
-1.10930986568E-01
-1.50680028633E-01
-1.96324055750E-01
-2.35146743021E-01
-2.75401069519E-01
-3.23024127332E-01
-3.75152638006E-01
-3.13571097730E-01
-2.12935281486E-01
-2.86180470757E-01
-4.92504947577E-01
-3.77089561666E-01
-2.25841088046E-01
-2.57989810097E-01
-2.90159585667E-01
-3.25024211546E-01
-3.26771653543E-01
-2.26914817466E-01
-1.17710219378E-01
-1.43921849341E-01
-2.17924965262E-01
-2.92770221904E-01
-2.84011958398E-01
-1.52427470630E-01
-3.33698260979E-02
-1.02699061013E-01
-1.36363636364E-01
5.20021895659E-02
2.52768537623E-01
4.39386921555E-01
5.34738304771E-01
5.53349614721E-01
6.41437534212E-01
7.28662259464E-01
7.97907280307E-01
8.99911575224E-01
1.00000000000E+00
8.62646848288E-01
5.55812876332E-01
4.59093014443E-01
4.07217145985E-01
3.25824245231E-01
2.51442165986E-01
1.74491557539E-01
9.50145269274E-02
1.16847025138E-02
-1.40848035707E-02
-1.17268095499E-02
-3.91805970778E-02
-7.62137353152E-02
-1.04362288938E-01
-9.93515516443E-02
-8.38772158828E-02
-6.41290159586E-02
-7.38557412944E-02
-1.95145058739E-01
-2.65611183629E-01
-2.32072929387E-01
-2.02113773212E-01
-1.74070487178E-01
-1.34910943619E-01
-9.81304475978E-02
-8.82352941176E-02
-6.62975283170E-02
1.72428312771E-02
9.93515516443E-02
1.20468230241E-01
1.42237567898E-01
1.57985599394E-01
1.20531390795E-01
8.18981851867E-02
9.70567181776E-02
1.30889721672E-01
1.64680618131E-01
1.96829340183E-01
1.97039875363E-01
2.23104130700E-01
2.59337235252E-01
2.83232978231E-01
3.12981599225E-01
3.46161943661E-01
3.77658006653E-01
3.51467430208E-01
2.88391090151E-01
2.27504315971E-01
1.79186492063E-01
1.53669628195E-01
1.32047665165E-01
1.04362288938E-01
9.58145606131E-02
1.23268348141E-01
1.53774895785E-01
1.27436944713E-01
7.79190702766E-02
-1.07372942019E-03
-8.59194071329E-02
-1.71691439640E-01
-2.56810813087E-01
-3.42077561160E-01
-4.34249863152E-01
-5.24885258327E-01
-5.29348604152E-01
-4.97284096172E-01
-4.98547307255E-01
-6.39079540191E-01
-7.18703945429E-01
-5.93056549749E-01
-4.51766390164E-01
-3.28898058866E-01
-3.13634258285E-01
-3.33908796160E-01
-2.30936039412E-01
-9.86988925850E-02
2.01692702851E-02
-3.49488399512E-03
-5.77287464735E-02
-6.45711398375E-02
3.33277190619E-02
1.47543054444E-01
2.50157901385E-01
3.71763021601E-01
4.82883489831E-01
5.68466040675E-01
6.40300644238E-01
7.10282538212E-01
7.85317276517E-01
8.68057602425E-01
8.54457029770E-01
6.70912459472E-01
4.71577750642E-01
3.71889342709E-01
3.60352014822E-01
3.14518506042E-01
2.14177439050E-01
1.47100930565E-01
1.54701250579E-01
1.68596572487E-01
1.72491473325E-01
1.95608236136E-01
2.11061518380E-01
1.52638005811E-01
6.28026443219E-02
4.21491431218E-02
1.38321613542E-02
-1.17878647522E-01
-2.70874563140E-01
-4.18333403512E-01
-5.15348014653E-01
-4.47366204893E-01
-3.91848077814E-01
-4.55387595267E-01
-5.23053602257E-01
-4.44629247547E-01
-2.73337824751E-01
-1.98913638469E-01
-1.86218367089E-01
-1.44890311171E-01
-5.97077771696E-02
3.06328687524E-02
7.69506084467E-02
1.12867910228E-01
1.48258874058E-01
1.78344351341E-01
1.54785464651E-01
1.25268432355E-01
6.16025937934E-02
-1.37900543181E-02
-9.79409659354E-02
-1.83460356226E-01
-1.63375300013E-01
-9.04038064761E-02
-1.66491220683E-01
-2.83822476736E-01
-2.34030906564E-01
-1.26257947703E-01
-2.78748578888E-02
8.61720493494E-02
1.32995073477E-01
1.25457914017E-01
1.39142700745E-01
1.97271464062E-01
2.58853004337E-01
3.21171417744E-01
3.05044422923E-01
2.31567644953E-01
2.33525622131E-01
2.43968167081E-01
1.51122152512E-01
5.94130279170E-02
-2.72432523475E-02
-1.25100004211E-01
-2.09440397490E-01
-2.22219882942E-01
-2.08114025854E-01
-1.96681965556E-01
-1.84134068803E-01
-1.01709545665E-01
4.98126236894E-02
1.99882100299E-01
2.13103709630E-01
1.44553454882E-01
8.44035538338E-02
5.90761716283E-02
1.58111920502E-02
-4.98336772075E-02
-1.04530717083E-01
-1.30531811866E-01
-1.53101183208E-01
-1.83439302707E-01
-1.96239841678E-01
-1.66785969936E-01
-1.28068550255E-01
-8.85300433702E-02
-6.67607057139E-02
-1.22194618721E-01
-1.21205103373E-01
-5.64023748368E-02
-1.92850225273E-02
-5.72866225946E-02
-1.06741336477E-01
-1.48069392395E-01
-1.45016632279E-01
-9.18564992210E-02
-7.38978483305E-02
-7.66137521580E-02
-6.02762221567E-02
-5.60865720662E-02
-8.77089561666E-02
-1.16278580151E-01
-1.16489115331E-01
-7.19609246705E-02
-1.10762558424E-01
-1.65459598299E-01
-2.05945513495E-01
-1.98850477915E-01
-1.78302244305E-01
-1.66891237526E-01
-1.22405153901E-01
-2.35167796539E-02
3.78963324772E-03
-5.03810686766E-02
-9.22775695819E-02
-3.36014147964E-02
6.98345193482E-02
1.78849635774E-01
2.76264263758E-01
2.25314750095E-01
1.59396185103E-01
1.33247715693E-01
6.54132805592E-02
-1.86113099499E-02
-8.95827192724E-02
-4.23807318203E-02
2.40431176050E-02
8.99406290791E-02
1.63733209819E-01
1.20889300602E-01
4.17491262790E-02
3.77910648869E-02
8.63194239757E-03
-4.65072213567E-02
-9.14354288602E-02
-9.97936755232E-02
-8.14139542718E-02
-1.01435849931E-01
-1.54785464651E-01
-1.24952629584E-01
1.52006400269E-02
1.60933091920E-01
2.71274579982E-01
2.99991578593E-01
3.20224009432E-01
3.51404269653E-01
3.21234578298E-01
2.25504231757E-01
1.25836877342E-01
2.83380352857E-02
-7.70137690008E-02
-1.60280432860E-01
-2.42999705251E-01
-3.36793128132E-01
-4.19596614594E-01
-3.76626384269E-01
-3.12602635900E-01
-2.58389826940E-01
-1.87881595015E-01
-1.56953977010E-01
-1.74912627900E-01
-1.60469914523E-01
-4.47808328772E-02
6.51395848246E-02
8.78352772748E-02
4.91810181481E-02
4.86336266790E-03
-4.29491768074E-03
4.34755147585E-02
9.96673544149E-02
1.47206198156E-01
2.04913891111E-01
2.74643142869E-01
3.23887321571E-01
2.32367678639E-01
2.27925386332E-01
2.51105309697E-01
1.98050444229E-01
1.38111078361E-01
7.43189186913E-02
1.05057055034E-02
-4.28860162533E-02
-6.46343003916E-02
-8.94142911280E-02
-1.10846772496E-01
-1.10594130279E-01
-1.17352309571E-01
-1.57838224767E-01
-1.98913638469E-01
-2.11187839488E-01
-1.81649753674E-01
-1.53606467641E-01
-1.76702176934E-01
-2.05966567013E-01
-1.58996168260E-01
-9.91410164639E-02
-4.33070866142E-02
-7.85296222999E-03
-2.23167291254E-02
2.77064297444E-02
8.81089730094E-02
1.37921596699E-01
2.03713840583E-01
2.28957008716E-01
1.49564192177E-01
5.72445155585E-02
1.20005052844E-03
-4.33281401322E-02
-7.78138026864E-02
-4.38334245652E-02
3.19802939071E-02
9.58356141311E-02
8.03823318877E-02
-5.20021895659E-03
4.67177565371E-02
1.25078950693E-01
1.93629205440E-01
1.88492147038E-01
7.37504737042E-02
-1.04635984673E-02
-3.57909806729E-04
-2.12429997053E-02
-8.17508105604E-02
-1.39311128890E-01
-2.03355930776E-01
-2.27020085056E-01
-1.28658048760E-01
-1.43795528233E-02
9.26354793886E-02
1.64659564613E-01
1.89439555350E-01
2.19209229862E-01
2.51652701166E-01
2.23693629205E-01
1.11436271001E-01
3.60015158533E-03
1.44637668954E-02
4.75177902227E-02
6.64659564613E-02
6.55817087035E-02
5.12442629163E-02
7.83822476736E-02
1.03983325614E-01
1.09162491052E-01
8.80879194913E-02
3.52646427218E-02
-2.63800581077E-02
-9.02774853678E-02
-1.52785380437E-01
-1.14299549455E-01
-5.25074739989E-02
-5.49496820919E-03
-8.89932207672E-02
-2.03882268727E-01
-2.28641205946E-01
-1.65059581456E-01
-9.22565160638E-02
-6.51185313066E-02
-7.17293359720E-02
-6.20447176723E-02
-8.52035875195E-02
-1.26721125100E-01
-1.58806686597E-01
-1.74133647733E-01
-1.42279674934E-01
-1.10173059918E-01
-6.04657038191E-02
-4.81704492821E-02
-1.91608067708E-01
-2.93191292265E-01
-1.89250073687E-01
-8.29087540528E-02
-4.14754305444E-02
-8.29087540528E-02
-1.21289317445E-01
-2.61063623732E-03
1.67943913428E-01
1.24468398669E-01
3.97911491010E-02
-2.07798223083E-02
1.78954903364E-03
9.11196260895E-02
1.06383426671E-01
9.36249947366E-02
7.70348225188E-02
5.41707019243E-02
2.60853088551E-02
7.66348056760E-03
3.53067497579E-02
6.93713419512E-02
9.55619183966E-02
1.25878984378E-01
1.72891490168E-01
2.07503473830E-01
7.70769295549E-02
-4.25491599646E-02
2.02113773212E-02
4.29491768074E-03
-1.45269274496E-01
-1.63922691482E-01
-1.33521411428E-01
-2.29041222788E-01
-2.57379258074E-01
-2.17503894901E-01
-1.85881510800E-01
-1.71059834098E-01
-2.15166954398E-01
-2.68706050781E-01
-2.83211924713E-01
-2.42620741926E-01
-2.04934944629E-01
-1.61606804497E-01
-2.57695060845E-02
6.91608067708E-02
4.83809844625E-02
3.02117983915E-02
7.60032001347E-02
1.37816329109E-01
2.05377068508E-01
2.89696408270E-01
2.78032759274E-01
1.11352056929E-01
-1.59585666765E-02
9.09301444271E-02
2.06829761253E-01
1.48069392395E-01
5.79603351720E-02
-4.35807823487E-03
-6.40026948503E-03
3.92858646680E-02
1.01141100678E-01
1.58722472525E-01
9.22986230999E-02
-1.90323803107E-02
-3.83384563561E-02
-1.76639016380E-02
-7.05292854436E-03
-3.62120510337E-03
4.91599646301E-02
1.98745210325E-02
-6.60659396185E-02
-1.37563686892E-01
-1.08973009390E-01
-6.06341319635E-02
-3.06328687524E-02
1.36637332098E-02
9.63408985642E-02
1.87565792244E-01
2.89717461788E-01
3.61088887953E-01
2.35483599309E-01
1.11225735820E-01
2.08366668070E-01
2.39631142364E-01
1.52785380437E-01
9.15617499684E-02
1.05772874647E-01
1.31416059624E-01
1.54617036507E-01
1.85334119331E-01
1.28258031917E-01
4.22544107120E-02
-3.76436902606E-02
-1.20847193566E-01
-2.16409111963E-01
-3.10960461493E-01
-2.79422291465E-01
-1.47922017769E-01
-1.40005894985E-02
1.65480651817E-02
-8.75194745042E-02
-9.18564992210E-02
-1.29479135964E-02
6.55185481494E-02
1.16615436439E-01
2.01271632490E-02
-3.57909806729E-02
3.99806307634E-02
1.25984251969E-01
1.99439976420E-01
1.28005389701E-01
2.66748073603E-02
8.96248263085E-02
1.82786643648E-01
2.39736409954E-01
7.87401574803E-02
-5.54339130069E-02
6.56869762937E-03
5.81919238705E-02
6.60027790644E-02
-1.00214745884E-02
-9.59829887574E-02
-1.33795107162E-01
-5.98972588320E-02
2.09482504527E-02
-1.81060255169E-02
-1.29121226157E-01
-1.09962524738E-01
4.98968377616E-03
8.62562634216E-02
3.48225188429E-02
-2.68011284686E-02
-7.89085856247E-02
-1.33205608657E-01
-1.57901385321E-01
-1.84449871574E-01
-2.14009010906E-01
-1.98260979410E-01
-1.14446924081E-01
-2.02534843572E-02
5.41075413702E-03
-5.66760705714E-02
-9.04669670302E-02
9.89515348015E-04
1.12278411723E-01
2.09482504527E-01
1.17478630679E-01
-3.15802770643E-02
-6.38553202240E-02
4.81704492821E-02
3.32224514716E-02
-5.59181439218E-02
-1.21457745589E-01
-1.39753252769E-01
1.00004210704E-02
1.51290580656E-01
1.09541454377E-01
2.32009768832E-02
-3.90753294876E-02
-7.16240683818E-02
-2.71590382753E-02
1.54743357615E-02
1.27584319340E-02
-1.32531896080E-01
-2.92917596530E-01
-3.48983115079E-01
-1.73080971830E-01
1.58111920502E-02
5.44233441408E-02
-5.25916880711E-02
-1.78618047076E-01
-2.67821803023E-01
-1.04909680408E-01
1.19668196556E-01
3.00202113773E-01
1.77565371174E-01
-1.35374121016E-02
-1.06804497031E-01
-7.03608572993E-02
-3.35382542423E-02
-1.58364562718E-01
-6.12867910228E-02
5.84656196050E-02
-2.77906438166E-03
-6.34342498632E-02
1.07583477199E-02
1.53627521159E-01
2.87591056466E-01
2.28851741126E-01
7.51400058950E-02
7.97717798644E-02
1.89376394796E-01
3.09823571519E-01
4.00058949851E-01
2.89464819571E-01
1.35668870268E-01
6.67396521959E-03
-2.53484357236E-02
3.68857636111E-02
-6.69712408944E-02
-2.36494168176E-01
-3.80205482336E-01
-3.20371384058E-01
-2.34451976925E-01
-1.66280685503E-01
-1.11815234326E-01
-1.13225820035E-01
-8.77089561666E-02
-1.65691186997E-02
6.16447008295E-02
1.31121310371E-01
1.28742262832E-01
1.49206282370E-01
2.14851151627E-01
2.57168722894E-01
1.66280685503E-01
9.27407469788E-02
1.48132552950E-01
2.01229525454E-01
2.57631900291E-01
2.87570002947E-01
2.14766937555E-01
1.84786727862E-01
2.13335298328E-01
2.32093982905E-01
2.23209398290E-01
1.48090445914E-01
7.01713756369E-02
-1.41058570887E-02
-9.72251463220E-02
-1.07562423681E-01
-9.98778895954E-02
-9.67198618889E-02
-7.42768116552E-02
-1.13331087625E-01
-2.59674091541E-01
-3.10644658722E-01
-1.76786391006E-01
-2.32641374374E-02
8.56036043623E-02
-6.27394837677E-02
-2.44241862815E-01
-2.53884374079E-01
-1.71944081856E-01
-8.11402585372E-02
-6.48658890901E-02
-1.07057139248E-01
-6.02130616026E-02
3.36856288686E-02
-8.25508442461E-02
-1.99376815866E-01
-1.58911954188E-01
-1.17626005305E-01
-8.49298917849E-02
-7.98138869005E-02
-1.53290664870E-01
-2.39357446629E-01
-2.70074529454E-01
-1.76133731947E-01
-6.56238157396E-02
-5.94551349531E-02
-1.75417912333E-01
-2.86306791865E-01
-1.77796959872E-01
-1.43795528233E-02
-8.50562128932E-02
-1.57332940334E-01
-1.05899195756E-01
-1.07562423681E-01
-1.52827487473E-01
-1.19036591014E-01
-6.89081645543E-02
-2.74958945640E-02
1.69691355425E-02
5.61918396564E-02
9.36039412186E-02
1.38890058529E-01
1.79270706135E-01
1.49711566803E-01
9.60672028296E-02
1.09099330498E-01
1.27584319340E-01
1.51922186197E-01
1.76575855826E-01
1.23142027033E-01
3.57488736368E-02
8.46772495684E-02
2.14303760158E-01
3.08055076003E-01
1.76996926186E-01
1.52006400269E-02
-6.05920249274E-02
8.04244389237E-03
1.13688997431E-01
1.31205524443E-01
-4.45492441787E-02
-8.62983704577E-02
3.97069350288E-02
1.27900122110E-01
1.13857425576E-01
5.13495305065E-02
2.31588698472E-04
-6.65291170155E-02
-6.31605541286E-02
-5.75813718472E-02
-5.19600825298E-02
-4.51597962019E-02
-2.91591224894E-02
-3.43382879279E-02
-7.31820287170E-02
-6.11183628784E-02
2.52010610973E-02
1.03730683397E-01
1.93123921007E-01
2.80453913849E-01
3.21781969767E-01
3.09149858941E-01
3.02433786686E-01
2.93296559855E-01
3.27992757590E-01
3.84079329656E-01
4.22438839530E-01
2.48999957893E-01
1.08109815150E-01
1.47395679818E-01
1.92829171755E-01
2.18451303213E-01
1.16510168849E-01
5.03810686766E-02
1.10741504905E-01
1.68786054150E-01
2.26409533033E-01
2.24135753084E-01
1.68722893596E-01
1.10278327509E-01
6.08867741800E-02
1.67164933260E-02
-5.01073729420E-02
-1.55248642048E-01
-2.63484778306E-01
-3.76857972967E-01
-4.52187460525E-01
-4.21975662133E-01
-3.79826519011E-01
-3.58394037644E-01
-3.32056086572E-01
-2.76559013011E-01
-1.71586172049E-01
-1.32595056634E-01
-1.66407006611E-01
-2.02282201356E-01
-2.34388816371E-01
-2.66621752495E-01
-2.89822729378E-01
-3.12918438671E-01
-3.50056844499E-01
-3.89047959914E-01
-2.43610257274E-01
-6.04235967830E-03
5.09495136637E-02
-1.30531811866E-03
-3.90332224515E-02
1.65270116636E-02
1.51837972125E-01
1.86871026148E-01
1.44427133774E-01
1.05814981683E-01
1.32195039791E-01
1.91713335298E-01
2.60579392817E-01
2.88917428102E-01
2.08345614552E-01
1.11183628784E-01
9.77514842730E-02
1.29121226157E-01
1.38679523348E-01
-2.15798559939E-02
-6.15604867573E-02
-9.89515348015E-04
-6.73712577372E-02
-1.71207208725E-01
-1.41942818645E-01
-1.00151585330E-01
-7.54979157017E-02
-3.53488567940E-02
-2.17903911744E-02
-2.48431512906E-02
-4.19386079414E-02
-8.44456608699E-02
-1.32237146827E-01
-1.77460103583E-01
-2.25588445829E-01
-2.71969346078E-01
-3.21950397911E-01
-3.72141984926E-01
-3.69152385364E-01
-3.31677123247E-01
-2.98749421028E-01
-2.60832035033E-01
-2.21335635185E-01
-1.79544401870E-01
-1.39521664070E-01
-6.47395679818E-02
4.35176217946E-02
1.51606383427E-01
2.12387890016E-01
2.45441913344E-01
3.05612867910E-01
3.56120257695E-01
3.54562297360E-01
3.48793633416E-01
3.48414670091E-01
3.41551223209E-01
3.36435218325E-01
3.33824582088E-01
3.36919449240E-01
3.41109099330E-01
3.44309234073E-01
3.23045180850E-01
2.95380858141E-01
2.64832203461E-01
2.34199334709E-01
2.57821381953E-01
2.98833635100E-01
3.14202703272E-01
2.46726177944E-01
1.72112510000E-01
1.53606467641E-01
1.48553623310E-01
9.78356983452E-02
-4.00858983536E-02
-1.78723314666E-01
-2.26093730262E-01
-2.21861973136E-01
-2.41989136385E-01
-2.83085603604E-01
-3.02560107794E-01
-2.63147922018E-01
-2.29251757969E-01
-2.70327171670E-01
-3.23424144174E-01
-3.60920459809E-01
-4.12648953640E-01
-4.73725209483E-01
-5.21916712283E-01
-4.36123626258E-01
-3.35782559266E-01
-2.31125521075E-01
-6.41921765127E-02
4.86336266790E-03
1.82534001432E-02
1.10846772496E-01
2.00387384732E-01
2.93086024675E-01
3.93742894438E-01
3.90226956925E-01
2.58474041012E-01
2.13145816666E-01
2.28451724283E-01
2.25756873974E-01
1.67207040296E-01
9.85094109226E-02
6.90555391806E-02
8.31824497874E-02
5.98340982778E-02
1.53059076172E-02
-1.62533159291E-02
-3.91595435597E-03
1.73059918312E-02
-6.44237652112E-03
-4.76020042949E-02
-8.95406122363E-02
-1.32258200345E-01
-1.77923280980E-01
-2.17840751190E-01
-2.59505663396E-01
-3.16350162112E-01
-3.71552486420E-01
-3.83068760790E-01
-3.50688450040E-01
-3.17550212641E-01
-3.14223756790E-01
-3.24897890437E-01
-2.78159080382E-01
-2.14093224978E-01
-1.70575603183E-01
-1.90744873468E-01
-1.76470588235E-01
-1.15225904249E-01
-6.45079792833E-02
-3.64225862142E-03
5.52444313445E-02
5.98340982778E-02
4.05280222325E-02
5.84656196050E-02
7.41504905470E-02
5.61707861384E-02
1.25689502716E-02
-2.90538548992E-02
-7.93507095036E-02
-1.26510589920E-01
-1.04278074866E-01
-4.71388268980E-02
1.45479809676E-02
7.15609078277E-02
1.60638342667E-02
-4.29491768074E-02
2.33483515095E-02
1.16236473115E-01
2.10366752284E-01
3.11928923323E-01
2.88117394417E-01
1.95376647438E-01
1.09246705124E-01
1.32847698850E-01
2.25862141564E-01
1.67964966946E-01
1.29037012085E-01
2.10703608573E-01
1.95397700956E-01
1.67564950103E-01
2.05440229062E-01
2.51063202661E-01
2.80601288475E-01
1.83586677334E-01
7.50557918228E-02
8.53509621458E-02
1.38616362794E-01
1.87923702051E-01
1.85397279885E-01
1.44679775991E-01
1.64112173144E-01
1.92787064719E-01
2.18661838393E-01
2.46894606089E-01
2.07061349952E-01
1.34742515474E-01
5.57707692955E-02
-1.73270453493E-02
-9.55829719146E-03
-4.46334582509E-02
-1.60385700451E-01
-2.78053812792E-01
-3.16181733968E-01
-1.95860878353E-01
-7.00871615647E-02
-5.32654006484E-02
-7.92875489494E-02
-8.07191881763E-02
-1.60217272306E-02
1.89902732747E-02
-4.14543770264E-02
-6.60659396185E-02
-7.28030653922E-02
-1.00151585330E-01
-1.00214745884E-01
-4.45702976967E-02
1.45690344857E-02
4.26333740368E-02
3.86332056087E-02
3.40645921934E-02
2.88643732368E-02
6.58975114742E-03
-2.02745378753E-02
-4.88652153775E-02
-8.36035201482E-02
-7.72243041812E-02
5.62128931744E-03
8.52667480736E-02
1.18089182702E-01
1.56806602383E-01
2.05461282580E-01
2.11672070403E-01
1.14846940924E-01
4.54124384185E-02
5.77076929555E-02
2.18324982105E-02
-2.49273653628E-02
-6.36447850436E-02
-1.02046401954E-01
-7.95191376479E-02
-5.11811023622E-02
-2.84854099120E-02
6.77923280980E-03
5.70550338962E-02
1.07941387006E-01
1.65038527938E-01
2.21609330919E-01
1.97608320350E-01
1.43879742305E-01
1.59059328814E-01
1.75775822140E-01
1.20341909133E-01
3.93490252221E-02
1.67796538802E-02
6.00025264222E-02
1.05730767611E-01
1.52111667860E-01
2.03461198366E-01
2.22493578677E-01
2.34536190998E-01
2.15819613457E-01
1.75502126405E-01
1.39732199250E-01
1.16299633669E-01
8.20034527770E-02
1.77481157101E-02
-5.00231588698E-02
-9.56250789507E-02
-8.12455261274E-02
-6.09920417702E-02
-5.11179418081E-02
-3.77700113689E-02
-1.97481999242E-02
1.57269779780E-02
4.10543601836E-02
1.97271464062E-02
-6.63185818350E-03
-2.81696071414E-02
-5.59602509579E-02
-8.06139205861E-02
-1.05857088720E-01
-1.30468651312E-01
-1.42174407343E-01
-1.35289906943E-01
-1.49543138658E-01
-2.04598088341E-01
-2.58158238242E-01
-2.55042317571E-01
-2.44010274117E-01
-2.33778264348E-01
-2.21125100004E-01
-2.35715188008E-01
-2.58642469157E-01
-2.77759063540E-01
-3.09949892627E-01
-3.36456271843E-01
-2.78832792960E-01
-1.84281443429E-01
-1.46637753169E-01
-1.18383931955E-01
-8.63615310118E-02
-5.63602678007E-02
-3.28013811108E-02
-2.30536022569E-02
-2.90959619352E-02
-7.86138363721E-02
-1.38995326119E-01
-1.99418922902E-01
-2.63674259969E-01
-2.35125689503E-01
-1.93313402670E-01
-1.59859362499E-01
-1.03120131374E-01
1.25057897175E-02
1.39521664070E-01
2.41315423807E-01
2.58958271927E-01
3.02665375384E-01
3.67299675776E-01
4.21744073435E-01
3.93532359257E-01
2.30009684618E-01
9.48039917470E-02
4.82125563182E-02
6.94766095415E-04
-5.08021390374E-02
-9.75830561287E-02
-1.45964040591E-01
-1.42027032717E-01
-8.60457282412E-02
-3.12644742937E-02
2.42747063034E-02
9.26144258706E-02
1.53859109857E-01
1.11983662470E-01
4.66335424649E-02
-7.95822982020E-03
-7.23819950314E-02
-1.37984757253E-01
-2.08829845467E-01
-2.38873215714E-01
-1.95439807992E-01
-1.44237652112E-01
-9.56040254326E-02
-4.43597625163E-02
-2.97907280307E-02
-1.83376142153E-02
2.49063118447E-02
8.41930186534E-02
1.23415722767E-01
7.50768453409E-02
1.91165943829E-02
2.57063455303E-02
2.93275506337E-02
-1.93692365994E-03
-4.14964840625E-02
-7.16240683818E-02
-3.13907954019E-02
3.94542928123E-02
9.97515684871E-02
1.69354499137E-01
2.44936628911E-01
3.16539643774E-01
3.05149690513E-01
2.96096677755E-01
3.33824582088E-01
3.58309823572E-01
3.23045180850E-01
2.83001389532E-01
2.44052381153E-01
2.18682891911E-01
2.30388647943E-01
2.41694387132E-01
1.82765590130E-01
9.53092761800E-02
1.17689165860E-02
-2.75169480820E-02
-1.78533833003E-02
-3.76436902606E-02
-8.60667817592E-02
-1.31773969430E-01
-1.72891490168E-01
-2.16114362710E-01
-2.58895111373E-01
-3.03949639985E-01
-3.50477914860E-01
-3.61783654049E-01
-3.10855193903E-01
-2.56242368100E-01
-2.05040212219E-01
-1.85544654512E-01
-1.76891658596E-01
-1.44469240810E-01
-8.80247589372E-02
-2.48431512906E-02
3.60225693713E-02
5.58760368858E-02
4.21912501579E-02
3.45277695903E-02
1.03583308771E-02
-5.47391469114E-02
-8.90563813213E-02
-4.10543601836E-02
4.90546970399E-03
-9.55829719146E-03
-3.20013474252E-02
-2.63379510716E-02
-5.09495136637E-03
1.90744873468E-02
4.26123205188E-02
5.80656027622E-02
5.28232767695E-02
4.77914859573E-02
5.50549496821E-02
7.41715440650E-02
9.39197439892E-02
9.60040422755E-02
5.70760874142E-02
1.58743526043E-02
-2.37694218704E-02
-6.66975451598E-02
-1.10636237315E-01
-1.52448524148E-01
-1.83081392901E-01
-1.99566297528E-01
-1.61417322835E-01
-7.74558928797E-02
1.08846688282E-02
8.84037222620E-02
9.93515516443E-02
1.05625500021E-01
1.09225651606E-01
6.23394669249E-02
1.27163248979E-02
-3.25487388943E-02
-8.93511305739E-02
-1.40974356815E-01
-1.18741841762E-01
-6.59185649922E-02
-2.31588698472E-02
2.82327676955E-02
8.81300265274E-02
1.41395427176E-01
7.79190702766E-02
-9.05301275843E-04
-7.08450882142E-02
-1.35037264727E-01
-1.59333024548E-01
-1.83502463262E-01
-2.09861467851E-01
-2.07419259758E-01
-1.67775485284E-01
-1.25163164765E-01
-8.18981851867E-02
-4.49282075035E-02
-4.03385405701E-02
-3.99595772454E-02
-3.76857972967E-02
-3.41277527475E-02
-3.32013979536E-02
-7.93928165396E-02
-1.41311213104E-01
-1.99903153817E-01
-2.26051623226E-01
-1.94429239126E-01
-1.62364731147E-01
-1.24973683102E-01
-7.20661922607E-02
-1.72638847951E-02
4.29912838435E-02
1.00235799402E-01
6.79607562424E-02
2.47589372184E-02
2.74537875279E-02
4.94336603646E-02
5.64865889090E-02
4.69282917175E-02
5.21706177102E-02
8.14139542718E-02
1.14089014274E-01
1.44763990063E-01
1.57417154407E-01
1.58680365489E-01
1.74491557539E-01
1.95692450208E-01
2.15988041602E-01
2.35378331719E-01
2.57105562339E-01
2.73211503642E-01
2.82096088256E-01
2.81527643269E-01
2.58621415639E-01
2.31251842183E-01
2.08240346962E-01
1.76070571392E-01
1.31963451093E-01
8.93511305739E-02
8.55404438082E-02
9.57303465409E-02
1.03078024338E-01
1.14699566298E-01
1.24257863489E-01
1.28847530422E-01
1.30952882227E-01
1.35289906943E-01
1.40890142743E-01
1.35458335088E-01
9.01932712956E-02
4.13912164723E-02
-5.36864710093E-03
-5.61707861384E-02
-9.89515348015E-02
-1.28321192471E-01
-1.56932923492E-01
-1.87818434460E-01
-2.16851235842E-01
-2.23651522169E-01
-2.22851488484E-01
-2.23967324940E-01
-2.13503726473E-01
-1.91460693082E-01
-1.69080803402E-01
-1.48700997937E-01
-1.26005305487E-01
-8.04665459598E-02
-3.02960124637E-02
1.90113267927E-02
7.49084171965E-02
1.12952124300E-01
9.26144258706E-02
6.52448524148E-02
4.33491936503E-02
1.42532317150E-02
-1.18320771401E-02
-4.08859320392E-02
-6.97503052760E-02
-7.98349404185E-02
-5.64865889090E-02
-3.21697755695E-02
-1.05899195756E-02
9.72672533580E-03
2.99170491389E-02
5.26337951072E-02
7.53505410754E-02
7.92875489494E-02
7.90349067329E-02
7.98770474546E-02
7.98138869005E-02
8.10139374289E-02
6.71817760748E-02
3.23803107499E-02
-3.64225862142E-03
-4.29702303255E-02
-8.24034696198E-02
-7.26767442840E-02
-4.01911659438E-02
-1.08004547560E-02
-3.49488399512E-03
-2.20009263548E-02
-1.44216598594E-02
2.80011789970E-03
1.64638511095E-02
3.26540064845E-02
5.01073729420E-02
6.04867573372E-02
5.99183123500E-02
5.98130447598E-02
5.99183123500E-02
4.22754642301E-02
1.54111752074E-02
-1.09267758642E-02
-3.83805633921E-02
-6.61922607268E-02
-9.34776201103E-02
-1.21731441324E-01
-1.51248473620E-01
-1.66596488273E-01
-1.60112004716E-01
-1.59017221778E-01
-1.69943997642E-01
-1.79186492063E-01
-1.87818434460E-01
-2.00597919912E-01
-2.12345782980E-01
-1.89755358120E-01
-1.46827234831E-01
-1.05772874647E-01
-6.24447345151E-02
-1.77691692282E-02
2.77906438166E-02
6.14552191671E-02
7.38136342583E-02
6.14973262032E-02
3.20434544612E-02
-2.46326161102E-03
-3.75173691524E-02
-4.13912164723E-02
-5.78971746179E-03
3.28855951830E-02
6.80660238326E-02
7.72032506632E-02
8.23192555476E-02
9.53092761800E-02
1.18404985473E-01
1.46300896880E-01
1.72491473325E-01
1.68533411933E-01
1.44321866184E-01
1.23520990357E-01
9.96463008969E-02
6.50553707525E-02
2.42325992673E-02
-1.46532485578E-02
-4.50334750937E-02
-6.29500189482E-02
-8.19823992589E-02
-9.29091751232E-02
-9.66145942987E-02
-1.01688492147E-01
-1.06109730936E-01
-7.72874647354E-02
-4.18965009053E-02
-1.06741336477E-02
2.16851235842E-03
8.02139037433E-03
2.10956250790E-02
3.85700450545E-02
5.80445492442E-02
7.83611941555E-02
9.35828877005E-02
9.02353783317E-02
1.13604783359E-01
1.42974441029E-01
1.49627352731E-01
1.38953219083E-01
1.24742094404E-01
1.19099751568E-01
1.30342330203E-01
1.42427049560E-01
1.19731357110E-01
9.46987241568E-02
7.19819781886E-02
4.44229230704E-02
2.01271632490E-02
1.80639184808E-02
1.86955240221E-02
1.79375973725E-02
1.93692365994E-02
1.02530632869E-02
-7.45294538717E-03
-2.51800075793E-02
-4.28018021811E-02
-6.25710556234E-02
-8.19402922228E-02
-8.28877005348E-02
-7.25293696577E-02
-6.29289654301E-02
-5.19390290117E-02
-4.07175038949E-02
-2.98538885848E-02
-1.75165270117E-02
-5.47391469114E-03
-1.04635984673E-02
-3.05486546802E-02
-5.23390458546E-02
-7.35609920418E-02
-7.41504905470E-02
-6.85292012295E-02
-6.46974609457E-02
-5.86551012674E-02
-5.17495473494E-02
-4.43387089983E-02
-3.79805465493E-02
-3.15171165102E-02
-2.16219630300E-02
-1.59585666765E-02
-4.42755484441E-02
-7.45505073898E-02
-6.06130784454E-02
-3.74963156343E-02
-1.75165270117E-02
-2.54747568319E-03
9.45302960125E-03
2.13903743316E-02
3.25697924123E-02
4.46334582509E-02
5.61497326203E-02
5.34969893469E-02
4.48439934313E-02
3.72015663817E-02
2.52852751695E-02
3.51593751316E-03
-2.17693376563E-02
-4.20228220136E-02
-3.57909806729E-02
-2.37904753884E-02
-4.90546970399E-03
1.91165943829E-02
4.16228051707E-02
6.24868415512E-02
6.89923786265E-02
7.48663101604E-02
8.05928670681E-02
8.61299423134E-02
9.04248599941E-02
9.53513832161E-02
1.03120131374E-01
1.13331087625E-01
1.22531475009E-01
1.31900290539E-01
1.42511263632E-01
1.52932755063E-01
1.43816581751E-01
1.18489199545E-01
9.27407469788E-02
6.73080971830E-02
4.09069855573E-02
1.40848035707E-02
-1.16004884416E-02
-2.63168975536E-02
-3.88226872710E-02
-5.19600825298E-02
-6.46764074277E-02
-7.72874647354E-02
-7.82138195292E-02
-6.98766263843E-02
-6.14341656491E-02
-5.06758179292E-02
-4.28018021811E-02
-6.25289485873E-02
-8.49088382669E-02
-1.04593877637E-01
-1.29058065603E-01
-1.44763990063E-01
-1.31689755358E-01
-1.14489031117E-01
-1.01141100678E-01
-8.38772158828E-02
-6.85081477115E-02
-5.52865383806E-02
-4.63809002484E-02
-3.65699608405E-02
-2.80643395511E-02
-1.89692197566E-02
-1.10741504905E-02
-2.50536864710E-03
5.43180765506E-03
1.35795191376E-02
1.70322960967E-02
2.08219293444E-02
2.38115289065E-02
2.69695566129E-02
2.93275506337E-02
3.25908459304E-02
3.58330877090E-02
3.97069350288E-02
4.26754810729E-02
4.65914354289E-02
4.78335929934E-02
4.63177396943E-02
4.37071034570E-02
4.22333571940E-02
3.96648279928E-02
3.80226535854E-02
3.31382373995E-02
2.85485704661E-02
2.30746557750E-02
1.90113267927E-02
1.44637668954E-02
5.51602172723E-03
-1.40637500526E-02
-3.26329529664E-02
-5.14126910607E-02
-6.77502210619E-02
-8.52035875195E-02
-1.05057055034E-01
-1.18341824919E-01
-8.34350920039E-02
-7.63400564234E-02
-7.89717461788E-02
-7.24241020675E-02
-7.09714093225E-02
-6.77502210619E-02
-6.59606720283E-02
-6.49079961262E-02
-6.62764747989E-02
-6.68238662681E-02
-6.89923786265E-02
-6.88028969641E-02
-5.78761210998E-02
-4.55387595267E-02
-3.52014821677E-02
-2.35799402080E-02
-1.34110909933E-02
-3.01065308013E-03
6.21078782265E-03
1.53269611352E-02
2.39167964967E-02
3.21487220515E-02
3.50120005053E-02
3.38119499768E-02
3.23171501958E-02
3.09697250411E-02
2.91380689713E-02
2.76853762264E-02
2.75590551181E-02
2.78748578888E-02
2.75801086362E-02
2.77695902985E-02
2.76853762264E-02
2.50747399891E-02
2.00218956588E-02
1.55796033517E-02
1.12636321529E-02
7.66348056760E-03
5.78971746179E-03
4.48439934313E-03
3.07381363426E-03
2.10535180429E-03
1.70533496147E-03
2.44220809297E-03
3.13697418839E-03
4.27386416270E-03
5.47391469114E-03
6.52659059329E-03
7.49505242326E-03
9.05301275843E-03
1.08215082740E-02
1.23584150912E-02
1.36847867279E-02
1.48006231841E-02
1.56638174239E-02
1.65901722178E-02
1.69901890606E-02
1.44006063413E-02
1.17689165860E-02
9.87409996210E-03
7.95822982020E-03
6.54764411133E-03
5.38970061897E-03
4.50545286117E-03
3.76857972967E-03
4.40018527096E-03
6.25289485873E-03
7.93717630216E-03
9.26354793886E-03
1.04846519853E-02
1.13899532612E-02
1.21268263927E-02
1.26110573077E-02
1.29058065603E-02
1.29479135964E-02
1.28847530422E-02
1.22952545370E-02
1.14952208514E-02
1.08425617921E-02
1.07162406838E-02
1.06320266116E-02
1.01688492147E-02
9.72672533580E-03
9.30565497495E-03
8.84247757800E-03
8.40035369910E-03
8.00033685629E-03
7.60032001347E-03
7.20030317066E-03
6.80028632785E-03
6.37921596699E-03
5.95814560613E-03
5.53707524527E-03
5.13705840246E-03
4.71598804160E-03
4.31597119879E-03
3.89490083793E-03
3.51593751316E-03
3.11592067034E-03
2.73695734557E-03
2.35799402080E-03
1.97903069603E-03
1.60006737126E-03
1.24215756453E-03
8.84247757800E-04
5.47391469114E-04
2.10535180429E-04
-1.26321108257E-04
-4.42123878900E-04
-7.57926649543E-04
-1.07372942019E-03
-1.38953219083E-03
-1.68428144343E-03
-2.00008421407E-03
-2.27377994863E-03
-2.56852920123E-03
-2.86327845383E-03
-3.13697418839E-03
-3.41066992294E-03
-3.68436565750E-03
-3.93700787402E-03
-4.21070360857E-03
-4.46334582509E-03
-4.71598804160E-03
-4.94757674007E-03
-5.20021895659E-03
-5.43180765506E-03
-5.64234283549E-03
