2.04219125016E-03
2.02113773212E-03
2.00008421407E-03
1.97903069603E-03
1.97903069603E-03
1.95797717799E-03
1.93692365994E-03
1.91587014190E-03
1.89481662386E-03
1.87376310581E-03
1.85270958777E-03
1.83165606973E-03
1.81060255169E-03
1.78954903364E-03
1.76849551560E-03
1.74744199756E-03
1.70533496147E-03
1.68428144343E-03
1.66322792539E-03
1.66322792539E-03
1.66322792539E-03
1.62112088930E-03
1.55796033517E-03
1.45269274496E-03
1.34742515474E-03
1.24215756453E-03
1.17899701040E-03
1.15794349236E-03
1.13688997431E-03
1.13688997431E-03
1.15794349236E-03
1.17899701040E-03
1.17899701040E-03
1.20005052844E-03
1.22110404649E-03
1.22110404649E-03
1.05267590214E-03
8.21087203672E-04
5.26337951072E-04
1.89481662386E-04
-1.05267590214E-04
-2.52642216514E-04
-3.15802770643E-04
-4.00016842814E-04
-4.63177396943E-04
-5.68444987157E-04
-5.47391469114E-04
-2.94749252600E-04
2.10535180429E-05
-6.10552023243E-04
-1.49479978104E-03
-1.43163922691E-03
-8.63194239757E-04
-9.47408311929E-04
-1.47374626300E-03
-1.76849551560E-03
-1.15794349236E-03
-2.52642216514E-04
-6.10552023243E-04
-2.75801086362E-03
-2.46326161102E-03
2.29483346667E-03
6.92660743610E-03
5.09495136637E-03
-1.93692365994E-03
-9.93726051623E-03
-1.22952545370E-02
-8.25297907280E-03
-3.34750936882E-03
-2.12640532233E-03
-5.24232599267E-03
-6.54764411133E-03
-5.87393153396E-03
-6.52659059329E-03
-9.76883237189E-03
-1.29900206324E-02
-5.36864710093E-03
1.17689165860E-02
1.23584150912E-02
-2.37483683524E-02
-2.91801760074E-02
-5.32654006484E-03
1.45058739315E-02
8.90563813213E-03
-2.48010442545E-02
-4.16438586888E-02
-1.13899532612E-02
2.28009600404E-02
1.00425281064E-02
-1.59375131584E-02
-1.89692197566E-02
1.18531306581E-02
3.14960629921E-02
-3.51593751316E-03
-4.31807655059E-02
-2.64642721799E-02
1.36847867279E-02
2.13693208135E-02
-1.89902732747E-02
-7.16872289360E-02
-8.48667312308E-02
-1.30531811866E-02
5.54339130069E-02
2.81485536233E-02
-2.70958777212E-02
-2.90328013811E-02
1.95797717799E-03
2.73064129016E-02
1.72849383132E-02
-1.00846351425E-02
-2.84643563940E-02
-1.57901385321E-02
1.10741504905E-02
2.50536864710E-03
-2.26325318961E-02
-1.64427975915E-02
-5.83182449787E-03
-1.27584319340E-02
-2.46957766643E-02
-3.06539222704E-02
-2.58326666386E-02
3.91595435597E-03
3.37277359047E-02
6.46343003916E-03
-5.14126910607E-02
-4.61493115500E-02
3.91595435597E-03
4.24649458925E-02
2.13903743316E-02
-2.96222998863E-02
-6.18552360099E-02
-3.85279380184E-02
1.53690681713E-03
1.20215588025E-02
-9.01090572235E-03
-2.88643732368E-02
-1.55796033517E-02
5.07389784833E-03
-4.92652322203E-03
-2.26325318961E-02
-1.27584319340E-02
8.44246073519E-03
2.18746052465E-02
2.25904248600E-02
-2.61063623732E-03
-3.88437407891E-02
-5.13495305065E-02
-1.79797044086E-02
-7.17924965262E-03
-3.93911322582E-02
-4.48439934313E-02
-3.08223504148E-02
-1.40216430165E-02
4.86336266790E-03
1.89481662386E-02
1.37479472820E-02
-6.54764411133E-03
-5.05284433029E-04
1.94323971536E-02
1.83165606973E-02
-9.89515348015E-03
-2.76853762264E-02
-1.47374626300E-04
3.12855278117E-02
2.65484862521E-02
2.31588698472E-03
-2.54537033138E-02
-3.65489073224E-02
4.33702471683E-03
1.83376142153E-02
-2.07798223083E-02
-9.22144090277E-03
5.19811360478E-02
7.75401069519E-02
4.59808834056E-02
-2.82117141774E-03
-2.78116973346E-02
4.04227546423E-03
3.51172680955E-02
1.64217440734E-03
-3.13486883658E-02
-1.58322455682E-02
-3.81068676576E-03
-2.61063623732E-03
-8.42140721715E-04
-1.47374626300E-04
2.73695734557E-04
-2.37904753884E-03
-2.73695734557E-04
9.72672533580E-03
1.18320771401E-02
3.72647269359E-03
1.46743020759E-02
2.94959787781E-02
1.82112931071E-02
-5.07389784833E-03
-1.57901385321E-03
-5.81077097983E-03
-1.64849046276E-02
2.75801086362E-03
1.04425449493E-02
2.33904585456E-02
3.85489915365E-02
2.90328013811E-02
8.94774516822E-03
-7.72664112173E-03
-2.84222493579E-03
1.62322624110E-02
3.61278369616E-02
3.84226704282E-02
1.29268600783E-02
-7.81085519390E-03
5.72655690766E-03
1.56006568698E-02
2.10535180429E-03
-2.16851235842E-03
-3.36856288686E-04
-1.31584487768E-02
-1.90955408649E-02
4.06332898227E-03
2.09061434166E-02
1.43584993052E-02
-5.89498505200E-04
-1.18531306581E-02
-1.04635984673E-02
-6.54764411133E-03
-2.90538548992E-03
-3.57909806729E-04
3.81068676576E-03
6.44237652112E-03
3.03170659817E-03
-6.56869762937E-03
-3.30540233273E-03
2.24009431976E-02
4.00437913175E-02
1.58111920502E-02
-5.11600488442E-03
-1.45690344857E-02
-1.62954229652E-02
-1.22742010190E-02
-7.41083835109E-03
8.42140721715E-04
1.09688829003E-02
1.49690513285E-02
1.58954061224E-02
1.78112762643E-02
2.08850898985E-02
2.10324645248E-02
1.00635816245E-02
-6.02130616026E-03
-1.65691186997E-02
-1.74112594214E-02
-1.11373110447E-02
3.01065308013E-03
2.20219798728E-02
2.83590888037E-02
1.56427639058E-02
1.43584993052E-02
4.03385405701E-02
1.07162406838E-02
4.77914859573E-03
4.52650637922E-03
-4.08648785212E-02
-4.81704492821E-02
-1.05267590214E-04
5.20442966020E-02
4.82336098362E-02
-1.52427470630E-02
-1.98745210325E-02
1.25689502716E-02
3.62120510337E-02
4.99178912796E-02
2.21272474631E-02
-1.86323634679E-02
-1.37900543181E-02
2.09693039707E-02
3.09486715230E-03
-3.59804623353E-02
-3.48856793970E-02
1.55164427976E-02
7.42557581372E-02
1.01477956967E-01
5.64865889090E-02
3.40645921934E-02
5.57918228136E-02
4.10964672197E-02
-2.65905932881E-02
-2.84433028759E-02
5.51602172723E-03
8.63194239757E-03
-3.34540401701E-02
-8.46351425323E-02
-8.36877342204E-02
-2.39589035328E-02
2.62747905175E-02
-7.45294538717E-03
-7.52452734852E-02
-1.45121899869E-01
-2.02429575982E-01
-2.04345446124E-01
-1.67943913428E-01
-1.53669628195E-01
-1.53627521159E-01
-1.32826645332E-01
-1.94366078572E-01
-2.75274748410E-01
-2.41820708240E-01
-1.26889553244E-01
-3.97490420649E-02
7.11608909849E-03
1.54743357615E-02
-2.80222325151E-02
-5.17916543854E-02
-1.60006737126E-03
3.21908290875E-02
1.29479135964E-02
1.00846351425E-02
-3.32856120258E-02
-6.11183628784E-02
-7.88664785886E-02
-1.21710387806E-01
-6.71396690387E-02
4.62545791402E-02
1.44848204135E-01
1.78870689292E-01
1.67922859910E-01
1.28973851531E-01
1.06446587225E-01
7.07187671060E-02
-4.84651985347E-02
-1.26447429365E-01
-5.28864373237E-02
3.49067329151E-02
1.06320266116E-02
-2.61484694092E-02
-7.11608909849E-02
-1.02109562508E-01
-1.49479978104E-03
1.49332603478E-01
2.82032927702E-01
3.87132089772E-01
3.44940839614E-01
1.30384437239E-01
-3.62120510337E-02
6.92450208430E-02
2.18556570803E-01
1.87502631690E-01
7.49084171965E-02
-5.50549496821E-02
-1.98724156807E-01
-2.78327508527E-01
-1.60975198956E-01
2.50536864710E-02
6.59817255463E-02
1.83376142153E-02
-6.05709714093E-02
-1.22110404649E-01
-9.75620026106E-02
-1.12425786349E-02
4.85073055708E-02
6.38553202240E-02
2.27588530043E-02
-2.74537875279E-02
-1.86955240221E-02
6.49922101983E-02
1.81060255169E-01
2.96875657922E-01
3.54793886058E-01
2.88622678850E-01
1.72049349446E-01
9.69935576235E-02
1.51816918607E-01
2.78643311297E-01
3.68162870016E-01
3.96669333446E-01
3.00749505242E-01
1.83628784370E-01
1.15499599983E-01
9.25512653164E-02
6.74344182913E-02
-2.87591056466E-02
-1.40026948503E-01
-1.88386879448E-01
-1.78575940040E-01
-1.58132974020E-01
-2.04492820750E-01
-2.37378415933E-01
-1.46616699651E-01
-1.53901216893E-02
-3.07802433787E-02
-1.04193860794E-01
-1.39669038696E-01
-1.57796117731E-01
-1.93776580067E-01
-2.35630973936E-01
-2.47378837004E-01
-2.86222577793E-01
-3.50730557076E-01
-3.66268053392E-01
-2.75632658217E-01
-1.43058655101E-01
-2.06324476820E-03
1.23310455177E-01
1.48890479599E-01
5.99604193861E-02
-7.10766769127E-02
-1.64133226662E-01
-1.25921091414E-01
-4.63177396943E-03
2.37694218704E-02
5.66550170533E-02
1.66280685503E-01
2.86433112973E-01
3.76457956124E-01
4.42081771864E-01
5.08695102952E-01
5.42717588109E-01
4.85746768285E-01
3.67910227799E-01
2.09314076382E-01
8.46140890143E-02
1.03625415807E-01
1.52511684703E-01
1.11078361194E-01
5.13705840246E-02
6.53711735231E-02
1.33268769211E-01
1.72133563518E-01
1.00909511979E-01
7.55821297739E-03
2.04219125016E-02
8.40035369910E-02
1.12699482083E-01
2.31167628111E-02
-1.22005137058E-01
-1.46764074277E-01
3.46119836625E-02
2.00324224178E-01
1.73186239421E-01
1.31900290539E-01
1.17836540486E-01
5.47602004295E-02
-1.72849383132E-02
-3.28434881469E-03
6.32237146827E-02
5.30338119500E-02
-5.93709208809E-03
-6.22552528528E-02
-8.07191881763E-02
6.73712577372E-03
1.25015790139E-01
1.92197566213E-01
1.61101520064E-01
1.10699397869E-01
1.13141605962E-01
1.53669628195E-01
1.60343593414E-01
8.71405111794E-02
-4.87178407512E-02
-1.49964209019E-01
-1.69249231547E-01
-1.42342835488E-01
-1.18362878437E-01
-1.25836877342E-01
-1.49416817550E-01
-1.50069476610E-01
-1.27373784159E-01
-1.12425786349E-01
-1.32089772201E-01
-1.65038527938E-01
-1.84786727862E-01
-1.55353909638E-01
-1.01477956967E-01
-8.06349741042E-02
-7.57926649543E-02
-1.36637332098E-02
9.97726220051E-02
2.17861804708E-01
2.58010863615E-01
1.79354920207E-01
4.11175207377E-02
2.24430502337E-02
6.10341488063E-02
9.56250789507E-02
1.39058486673E-01
1.70575603183E-01
1.48216767022E-01
7.02555897090E-02
1.98955745505E-02
9.20670344014E-02
2.22535685713E-01
2.88559518296E-01
2.72158827740E-01
1.65964882732E-01
4.61282580319E-02
3.36645753505E-02
1.18847109352E-01
1.90050107373E-01
1.58933007706E-01
9.72040928039E-02
6.14552191671E-02
8.14771148259E-02
1.37942650217E-01
1.48300981094E-01
7.91612278412E-02
-1.80849719988E-02
-7.69927154828E-02
-7.93928165396E-02
-1.21373531517E-01
-2.83611941555E-01
-3.70015579603E-01
-3.63573203082E-01
-3.54351762179E-01
-3.63531096046E-01
-3.79194913470E-01
-3.89279548613E-01
-3.94353446461E-01
-3.99532611899E-01
-4.03616994400E-01
-3.96206156049E-01
-3.71405111794E-01
-3.47888332140E-01
-3.48477830646E-01
-3.64120594551E-01
-3.56141311213E-01
-3.17529159122E-01
-2.76895869300E-01
-2.33420354541E-01
-2.04871784075E-01
-1.94323971536E-01
-1.17626005305E-01
-7.34767779696E-03
8.03191713335E-02
1.40763821635E-01
1.60933091920E-01
1.42448103078E-01
1.10573076761E-01
7.52031664491E-02
5.13916375426E-02
6.02551686387E-02
7.30978146448E-02
2.37273148343E-02
-1.35163585835E-02
2.79169649248E-02
7.73085182534E-02
6.70344014485E-02
1.93271295634E-02
-2.43799738936E-02
-4.12648953640E-02
-4.42123878900E-02
-5.48023074656E-02
-9.51197945177E-02
-1.60659396185E-01
-2.03482251884E-01
-1.67101772706E-01
-9.91199629458E-02
-9.77935913091E-02
-1.30405490758E-01
-1.69712408944E-01
-2.23630468651E-01
-2.81801339004E-01
-3.02770642974E-01
-2.46178786475E-01
-2.34746726178E-01
-2.66832287675E-01
-2.65337487894E-01
-2.72748326245E-01
-2.95486125732E-01
-2.96349319971E-01
-2.63021600910E-01
-2.29020169270E-01
-2.24493662891E-01
-2.41462798434E-01
-2.33483515095E-01
-1.85228851741E-01
-1.20720872458E-01
-6.85502547476E-02
-5.24022064087E-02
-5.58128763316E-02
-2.73906269738E-02
5.85287801592E-03
1.05899195756E-02
-1.13688997431E-03
-1.27794854520E-02
-2.36009937261E-02
-1.13688997431E-02
3.75384226704E-02
9.25723188345E-02
1.20194534507E-01
1.27373784159E-01
1.28005389701E-01
1.39563771106E-01
1.72175670555E-01
1.97334624616E-01
1.60764663775E-01
7.70558760369E-02
5.89498505200E-04
-4.68651311634E-02
-5.90551181102E-02
-1.35163585835E-02
1.29479135964E-02
-4.96441955451E-02
-1.00214745884E-01
-4.77914859573E-02
3.41066992294E-02
8.25297907280E-02
6.75396858815E-02
1.55164427976E-02
-2.40010105689E-03
1.13246873553E-01
2.70474546297E-01
3.69783990905E-01
3.89974314708E-01
4.01595856668E-01
4.39429028591E-01
4.52376942187E-01
3.93827108510E-01
2.76495852457E-01
1.63585835193E-01
1.18320771401E-01
6.81081308687E-02
-9.30565497495E-03
-4.16438586888E-02
4.14754305444E-03
5.71181944503E-02
4.06543433408E-02
-8.02139037433E-03
4.00016842814E-04
4.56861341530E-02
9.01301107415E-02
1.10615183797E-01
6.87818434460E-02
3.51593751316E-02
3.91384900417E-02
2.92643900796E-02
-5.41075413702E-03
-4.51597962019E-02
-7.54979157017E-02
-7.98770474546E-02
-8.62352099036E-02
-1.20720872458E-01
-1.62469998737E-01
-1.87060507811E-01
-2.20282959282E-01
-2.50642132300E-01
-2.27651690597E-01
-2.13356351846E-01
-2.49463135290E-01
-2.24135753084E-01
-1.34574087330E-01
-3.74331550802E-02
5.17916543854E-02
1.23099919997E-01
1.67017558634E-01
2.18535517285E-01
2.61884710935E-01
2.43610257274E-01
2.03145395596E-01
1.78744368184E-01
1.61796286159E-01
1.22552528528E-01
7.29293865005E-02
2.91591224894E-02
2.48431512906E-03
7.15819613457E-04
-5.05284433029E-03
-4.25912670007E-02
-9.00037896332E-02
-1.42953387511E-01
-2.01861130995E-01
-2.35504652827E-01
-1.83839319550E-01
-8.93511305739E-02
8.69510295170E-03
1.09667775485E-01
2.03103288560E-01
2.72474630511E-01
3.22666217525E-01
3.59299338920E-01
3.51446376690E-01
2.97212514211E-01
2.59463556360E-01
2.45357699272E-01
2.36515221694E-01
2.38599519980E-01
2.46136679439E-01
2.60600446335E-01
2.80432860331E-01
3.01928502253E-01
3.11655227589E-01
2.82601372689E-01
2.38641627016E-01
2.02934860415E-01
1.67480736031E-01
1.43311297318E-01
1.39795359805E-01
1.21605120216E-01
6.59396185103E-02
2.24851572698E-02
2.03798054655E-02
2.68221819866E-02
1.97903069603E-03
-6.80870773506E-02
-1.49437871068E-01
-2.09671986189E-01
-2.47063034233E-01
-2.67484946735E-01
-2.77674849467E-01
-2.68348140974E-01
-2.54642300728E-01
-2.38052128511E-01
-2.07250831614E-01
-1.55290749084E-01
-9.29302286412E-02
-4.39597456735E-02
-5.26969556613E-02
-9.97094614510E-02
-1.26279001221E-01
-6.93502884332E-02
3.39382710851E-02
1.34953050655E-01
2.07335045686E-01
2.31188681629E-01
2.41673333614E-01
2.51400058950E-01
2.58958271927E-01
2.63779527559E-01
2.73295717714E-01
2.90412227883E-01
3.01507431892E-01
2.48810476231E-01
1.06572908333E-01
-7.02555897090E-02
-2.33609836204E-01
-3.32835066740E-01
-3.52983283507E-01
-3.81573961009E-01
-4.29807570845E-01
-4.86462587898E-01
-5.45749294707E-01
-5.68508147711E-01
-4.93241820708E-01
-3.79700197903E-01
-2.78706471851E-01
-2.11251000042E-01
-1.63375300013E-01
-1.16531222367E-01
-9.71830392859E-02
-1.29205440229E-01
-1.22320939829E-01
-1.66743862899E-02
9.29933891953E-02
1.10783611942E-01
7.46136679439E-02
5.82761379427E-02
9.76251631648E-02
1.25500021054E-01
1.56364478504E-01
2.26262158407E-01
2.94012379469E-01
3.30498126237E-01
3.37698429408E-01
3.02370626132E-01
2.36325740031E-01
1.68154448608E-01
9.86146785128E-02
4.33913006863E-02
6.31605541286E-03
-1.72638847951E-03
-1.70533496147E-02
-4.68019706093E-02
-6.61922607268E-02
-3.30329698093E-02
4.57282411891E-02
1.35626763232E-01
1.98155711819E-01
1.86913133185E-01
1.46764074277E-01
1.23205187587E-01
1.35289906943E-01
1.48448355720E-01
1.00256852920E-01
4.31597119879E-03
-9.84041433324E-02
-1.60364646933E-01
-1.61248894690E-01
-1.53711735231E-01
-1.88323718893E-01
-2.37167880753E-01
-2.65295380858E-01
-2.39062697377E-01
-1.94871363005E-01
-1.58027706430E-01
-1.32300307381E-01
-1.17899701040E-01
-1.25289485873E-01
-1.41816497537E-01
-1.57417154407E-01
-1.75270537707E-01
-1.92534422502E-01
-1.95566129100E-01
-1.55396016674E-01
-9.70988252137E-02
-3.79594930313E-02
2.38536359426E-02
7.70558760369E-02
1.07330834983E-01
1.30447597794E-01
1.68491304897E-01
2.09061434166E-01
2.41189102699E-01
2.63084761464E-01
2.69863994273E-01
2.42978651733E-01
2.11693123921E-01
2.21272474631E-01
2.48136763653E-01
2.81590803823E-01
3.38687944756E-01
4.00585287802E-01
4.56208682471E-01
5.08295086109E-01
5.31896079835E-01
4.57935070950E-01
3.34119331340E-01
2.08640363805E-01
8.33719314497E-02
-4.36018358668E-02
-1.78218030233E-01
-3.09444608194E-01
-4.03974904206E-01
-4.44313444777E-01
-4.85957303465E-01
-5.06126573750E-01
-4.26586382585E-01
-2.94749252600E-01
-1.56196050360E-01
-6.56659227757E-02
-1.01372689376E-01
-1.46385110952E-01
-1.44953471725E-01
-1.75312644743E-01
-2.28199082067E-01
-2.75990568024E-01
-3.10118320771E-01
-3.22876752705E-01
-2.89212177355E-01
-2.34325655817E-01
-1.64575350541E-01
-8.32245568234E-02
-9.05301275843E-04
7.30557076087E-02
1.23668364984E-01
1.70133479304E-01
2.17630216009E-01
2.43526043202E-01
2.25104214914E-01
1.91313318456E-01
1.64912206830E-01
1.47964124805E-01
1.36026780075E-01
1.31542380732E-01
1.35247799907E-01
1.30089687987E-01
1.08341403849E-01
1.06678175923E-01
1.49753673839E-01
1.83712998442E-01
1.54995999832E-01
1.06362373153E-01
7.51400058950E-02
3.40645921934E-02
-2.37062613163E-02
-9.14564823782E-02
-1.60806770811E-01
-2.12093140764E-01
-2.14745884037E-01
-2.14177439050E-01
-2.26072676744E-01
-2.31378163291E-01
-1.93334456188E-01
-8.89721672491E-02
3.69699776833E-02
1.45100846351E-01
1.99503136974E-01
2.22430418123E-01
2.22851488484E-01
1.86113099499E-01
1.36553118026E-01
9.91199629458E-02
1.05878142238E-01
1.29837045770E-01
1.34553033812E-01
1.00446334583E-01
5.56865552234E-02
2.53905427597E-02
5.30548654680E-03
-9.01090572235E-03
-1.37690008000E-02
-7.64242704956E-03
1.07372942019E-03
1.44637668954E-02
2.84222493579E-02
3.00433702472E-02
3.36856288686E-03
-3.62752115879E-02
-6.60238325824E-02
-4.99810518338E-02
-8.29508610889E-03
-1.74744199756E-02
-1.33963535307E-01
-2.36599435766E-01
-2.80306539223E-01
-3.13002652743E-01
-3.26666385953E-01
-2.92264937471E-01
-2.40262747905E-01
-2.05629710725E-01
-1.43837635269E-01
-7.35820455598E-02
-4.61703650680E-02
-2.82117141774E-02
2.38115289065E-02
9.19617668112E-02
1.49332603478E-01
1.50195797718E-01
7.09503558045E-02
1.81060255169E-02
5.80866562803E-02
1.19310286749E-01
1.64427975915E-01
1.90029053855E-01
2.03166449114E-01
2.01903238031E-01
2.28304349657E-01
3.02370626132E-01
3.50435807823E-01
2.82980336014E-01
1.69628194871E-01
5.22969388185E-02
-4.86967872331E-02
-8.36035201482E-02
-7.29714935366E-02
-9.31828708577E-02
-1.33352983284E-01
-1.38847951493E-01
-1.03962272096E-01
-6.50974777885E-02
-5.96025095794E-02
-9.72672533580E-02
-1.46995662975E-01
-1.76238999537E-01
-1.55080213904E-01
-1.32658217188E-01
-1.28742262832E-01
-1.22489367973E-01
-9.89515348015E-02
-6.00446334583E-02
-1.84428818055E-02
1.20847193566E-02
7.28451724283E-03
-2.67590214325E-02
-5.87814223757E-02
-4.39386921555E-02
2.09482504527E-02
7.06766600699E-02
5.29074908417E-02
3.16644911365E-02
4.63598467304E-02
6.98134658301E-02
8.47614636406E-02
8.00665291170E-02
6.39816413323E-02
4.48229399133E-02
2.61063623732E-02
1.03162238410E-03
-3.36856288686E-02
-5.90972251463E-02
-5.11811023622E-02
-3.52646427218E-02
-3.09276180050E-02
-3.61278369616E-02
-4.55598130448E-02
-4.62545791402E-02
-7.66348056760E-03
5.49496820919E-02
9.29723356773E-02
5.17074403133E-02
-9.89515348015E-03
1.16636489957E-02
7.12872120931E-02
1.26110573077E-01
1.55059160386E-01
1.27689586930E-01
3.87805802350E-02
-5.19390290117E-02
-1.08657206619E-01
-1.87565792244E-01
-2.25841088046E-01
-2.36641542802E-01
-2.63211082572E-01
-2.72958861426E-01
-1.95924038907E-01
-8.31192892332E-02
3.46751442166E-02
1.52195881932E-01
2.20935618342E-01
1.94134489873E-01
1.15899616826E-01
2.55589709040E-02
-4.00016842814E-04
1.28215924881E-02
-2.37483683524E-02
-9.52461156259E-02
-1.11899448398E-01
-7.73506252895E-02
-6.29500189482E-02
-5.75813718472E-02
-4.17701797970E-02
-5.01915870142E-02
-9.46355636027E-02
-1.40174323129E-01
-1.67543896585E-01
-1.39669038696E-01
-9.12670007158E-02
-5.58128763316E-02
-4.96020885090E-02
-1.00256852920E-01
-1.59333024548E-01
-1.69438713209E-01
-1.80133900375E-01
-1.27331677123E-01
-6.48448355720E-03
8.97300938987E-02
8.42982862436E-02
4.72019874521E-02
6.09920417702E-02
1.18889216388E-01
1.96660912038E-01
2.59337235252E-01
2.53400143164E-01
1.66701755863E-01
1.20110320435E-01
1.34784622510E-01
1.46216682808E-01
1.46932502421E-01
1.35710977304E-01
1.08341403849E-01
1.06678175923E-01
1.36511010990E-01
1.77312728957E-01
2.18935534128E-01
2.33799317866E-01
1.78470672449E-01
1.12531053939E-01
4.44650301065E-02
-7.86138363721E-02
-1.80154953893E-01
-2.10850983199E-01
-2.37083666681E-01
-2.09461451008E-01
-1.36742599688E-01
-1.17520737715E-01
-1.52932755063E-01
-2.18956587646E-01
-2.63400564234E-01
-2.13314244810E-01
-1.25647395680E-01
-6.73712577372E-02
-5.87603688576E-02
-3.98332561371E-02
1.00635816245E-02
6.58764579561E-02
1.24889469030E-01
1.79670722978E-01
2.22240936460E-01
2.44220809297E-01
2.59758305613E-01
2.65948039917E-01
2.63632152933E-01
2.58242452314E-01
2.61021516695E-01
2.80285485705E-01
2.88012126826E-01
2.13566887027E-01
8.33087708956E-02
-2.01903238031E-02
-2.83169817677E-02
-1.48216767022E-02
-4.47597793591E-02
-5.20232430839E-02
-1.96639858520E-02
2.11166785970E-02
3.80858141395E-02
6.90555391806E-03
-4.27807486631E-02
-7.60032001347E-02
-6.00025264222E-02
-1.88850056844E-02
1.38111078361E-02
2.19167122826E-02
-5.89498505200E-04
-1.37479472820E-02
2.45484020380E-02
7.15819613457E-02
4.99810518338E-02
4.36439429029E-02
4.91178575940E-02
1.38953219083E-02
-4.97705166533E-02
-1.10173059918E-01
-1.28236978399E-01
-1.11394163965E-01
-9.01511642595E-02
-7.77716956503E-02
-6.51185313066E-02
-2.62958440355E-02
3.81068676576E-02
1.15225904249E-01
1.57332940334E-01
7.84243547097E-02
-5.50760032001E-02
-1.00088424776E-01
-6.29289654301E-02
-2.79380184429E-02
-3.77700113689E-02
-8.81510800455E-02
-1.05899195756E-01
-2.56642384943E-02
5.49496820919E-02
3.77910648869E-02
-2.75169480820E-02
-3.60436228894E-02
-5.57286622595E-02
-1.16994399764E-01
-2.01861130995E-01
-2.92496526170E-01
-3.30350751611E-01
-2.59442502842E-01
-1.64280601288E-01
-9.94568192345E-02
-5.41075413702E-02
-5.85919407133E-02
-9.24881047623E-02
-7.37294201861E-02
-3.10749926313E-02
-4.91599646301E-02
-1.12425786349E-01
-1.53101183208E-01
-1.30342330203E-01
-7.09082487684E-02
1.72638847951E-03
8.73931533959E-02
1.80239167965E-01
2.10261484694E-01
9.82988757421E-02
-3.60646764074E-02
-5.76866394375E-02
-7.32662427892E-03
3.77489578509E-02
2.90117478631E-02
-9.62145774559E-03
-6.67396521959E-02
-9.20038738473E-02
-3.43382879279E-02
2.98959956209E-03
9.26354793886E-03
3.84226704282E-02
1.74744199756E-03
-8.68878689629E-02
-1.69586087835E-01
-1.84513032128E-01
-1.39774306287E-01
-1.06509747779E-01
-1.55059160386E-01
-2.34873047286E-01
-2.46284054065E-01
-1.34510926776E-01
-5.85287801592E-02
-9.80041264895E-02
-1.18678681208E-01
-8.38351088467E-02
-4.42544949261E-02
-1.67586003621E-02
8.04244389237E-03
3.50751610594E-02
6.50343172344E-02
9.48882058192E-02
1.25647395680E-01
1.57606636069E-01
1.84849888416E-01
1.96008252979E-01
2.00934776201E-01
2.06134995158E-01
1.95292433366E-01
1.47900964251E-01
7.61295212430E-02
-3.09486715230E-03
-6.93923954693E-02
-7.95822982020E-02
-5.62550002105E-02
-5.53286454166E-02
-5.73918901848E-02
-4.01280053897E-02
-3.60646764074E-02
-4.27596951451E-02
-3.89069013432E-02
-4.97494631353E-02
-9.76883237189E-02
-1.51606383427E-01
-1.94155543391E-01
-2.25820034528E-01
-2.50389490084E-01
-2.17503894901E-01
-1.59333024548E-01
-9.53934902522E-02
-1.57269779780E-02
8.07191881763E-02
1.41226999032E-01
5.16232262411E-02
-1.35858351931E-01
-1.95355593920E-01
-1.54764411133E-01
-9.04038064761E-02
-6.02130616026E-02
-1.30237062613E-01
-1.72112510000E-01
-1.01583224557E-01
-2.28430670765E-02
-3.27592740747E-02
-6.94976630595E-02
-6.66975451598E-02
-4.26754810729E-02
-1.92008084551E-02
-1.20636658386E-02
-3.45067160723E-02
-4.62545791402E-02
-6.33710893090E-03
4.34334077224E-02
1.86955240221E-02
-4.59387763695E-02
-8.18350246326E-02
-7.36452061139E-02
-3.91384900417E-02
-6.58975114742E-03
6.75817929176E-03
1.56217103878E-02
4.71598804160E-02
8.74142069140E-02
1.17162827909E-01
1.27373784159E-01
1.11225735820E-01
6.37079455977E-02
1.90744873468E-02
1.03372773590E-02
-2.40010105689E-03
-6.23184134069E-03
-2.12640532233E-03
-6.82133984589E-03
1.99797886227E-02
6.73712577372E-02
1.15689081646E-01
1.59901469536E-01
1.89523769422E-01
2.01629542297E-01
2.05440229062E-01
2.12977388522E-01
1.78575940040E-01
9.42776537959E-02
-7.11608909849E-03
-9.02564318498E-02
-1.00509495137E-01
-5.50760032001E-02
-1.93692365994E-03
3.68436565750E-02
5.38759526717E-02
1.07393995537E-01
2.15103793844E-01
3.26013726894E-01
3.77005347594E-01
3.60099372605E-01
3.48919954524E-01
3.63425828456E-01
3.31129731778E-01
2.67421786180E-01
1.99355762348E-01
1.29058065603E-01
6.84239336393E-02
3.74121015622E-02
2.49273653628E-02
1.44848204135E-02
6.92660743610E-03
3.41066992294E-03
4.33702471683E-03
-7.41083835109E-03
-6.30973935745E-02
-1.40532232936E-01
-2.06471851446E-01
-2.27630637079E-01
-2.04492820750E-01
-1.64238494252E-01
-1.44742936545E-01
-1.55859194071E-01
-1.46679860205E-01
-1.15225904249E-01
-9.65724872626E-02
-1.40195376647E-01
-2.15924881048E-01
-2.79317023875E-01
-2.96875657922E-01
-2.93949218914E-01
-3.28877005348E-01
-3.62078403301E-01
-3.01823234663E-01
-1.99692618637E-01
-1.17436523643E-01
-9.69935576235E-02
-1.19899785254E-01
-1.49079961262E-01
-1.65017474420E-01
-1.26447429365E-01
-5.90972251463E-02
5.15811192050E-03
3.24855783401E-02
1.22320939829E-02
-1.48637837383E-02
-2.11587856331E-02
-2.04219125016E-02
-2.19798728368E-02
-2.57484525664E-02
-2.37694218704E-02
-5.41075413702E-03
1.51374794728E-02
5.24232599267E-03
-7.51610594130E-03
2.57695060845E-02
8.75826350583E-02
1.61669965051E-01
2.23019916628E-01
2.00261063624E-01
8.49509453030E-02
-1.74744199756E-03
2.10535180429E-04
4.92231251842E-02
1.16952292728E-01
1.61669965051E-01
1.42321781970E-01
1.23710472020E-01
1.77754852836E-01
2.39631142364E-01
2.52958019285E-01
2.54263337404E-01
2.72685165691E-01
2.43989220599E-01
1.55753926481E-01
5.50549496821E-02
-2.18956587646E-02
-5.69918733420E-02
-8.81931870816E-02
-1.24489452187E-01
-1.17815486968E-01
-5.81077097983E-02
2.23798896796E-02
1.01541117521E-01
1.45164006906E-01
1.15773295718E-01
6.17289149017E-02
9.09511979452E-03
-4.04438081603E-02
-7.59821466167E-02
-7.99191544907E-02
-7.01082150827E-02
-4.84441450166E-02
1.16847025138E-02
8.59615141690E-02
1.50490546970E-01
1.84218282875E-01
2.05398122026E-01
2.28430670765E-01
2.42157564529E-01
2.24114699566E-01
1.90302749589E-01
1.85376226367E-01
2.22367257569E-01
2.67884963577E-01
2.94496610384E-01
3.07718219715E-01
3.21150364226E-01
3.30898143080E-01
3.04202282201E-01
2.26051623226E-01
1.26868499726E-01
4.13701629542E-02
4.92652322203E-03
5.09495136637E-03
-1.01477956967E-02
-3.64436397322E-02
-6.40237483684E-02
-8.72036717335E-02
-9.21723019917E-02
-7.89296391427E-02
-5.98551517959E-02
-4.58966693334E-02
-5.60655185481E-02
-8.83405617079E-02
-1.28636995242E-01
-1.71923028338E-01
-2.04871784075E-01
-2.01082150827E-01
-1.79607562424E-01
-1.74196808287E-01
-1.85123584151E-01
-1.98787317361E-01
-2.00576866394E-01
-1.80639184808E-01
-1.59522506211E-01
-1.55564444819E-01
-1.55627605373E-01
-1.45521916712E-01
-1.34805676028E-01
-1.41416480694E-01
-1.49837887911E-01
-1.08488778475E-01
-1.55796033517E-02
8.53930691819E-02
1.59396185103E-01
1.94492399680E-01
2.19988210030E-01
2.29672828330E-01
1.83081392901E-01
1.12531053939E-01
3.92437576319E-02
-3.74121015622E-02
-1.01667438629E-01
-1.34237231041E-01
-1.58764579561E-01
-2.16556486589E-01
-2.36599435766E-01
-1.84807781380E-01
-1.09394079751E-01
-2.84854099120E-02
3.69068171291E-02
4.11175207377E-02
-4.31597119879E-03
-4.67388100552E-02
-8.46351425323E-02
-1.21226156891E-01
-1.44637668954E-01
-1.47227251674E-01
-1.25457914017E-01
-9.27618004969E-02
-7.75611604699E-02
-6.97924123121E-02
-5.93288138448E-02
-5.35601499010E-02
-6.94976630595E-02
-1.03035917302E-01
-1.32531896080E-01
-1.41142784959E-01
-1.40005894985E-01
-1.35668870268E-01
-1.02762221567E-01
-2.20430333909E-02
7.41504905470E-02
1.67964966946E-01
2.66284896206E-01
3.70773506253E-01
4.61008884585E-01
4.80967619689E-01
4.35070950356E-01
3.59236178365E-01
2.46347214620E-01
1.11667859699E-01
-3.06749757885E-02
-1.45606130784E-01
-1.50574761043E-01
-8.69510295170E-02
-1.44427133774E-02
5.70339803781E-02
1.32679270706E-01
2.14303760158E-01
2.82748747316E-01
2.95801928502E-01
2.63295296644E-01
1.95924038907E-01
1.13246873553E-01
2.59800412649E-02
-5.05916038570E-02
-6.92029138069E-02
-3.46961977346E-02
1.70322960967E-02
3.82752958019E-02
-3.98332561371E-02
-1.56406585540E-01
-2.29651774812E-01
-2.34536190998E-01
-2.36746810392E-01
-3.14307970862E-01
-4.39723777843E-01
-5.67013347930E-01
-5.52844330288E-01
-2.67927070614E-01
3.38751105310E-02
1.59943576572E-01
2.38746894606E-01
3.27950650554E-01
3.99764200598E-01
3.86753126447E-01
3.17697587267E-01
2.33041391216E-01
1.41753336983E-01
7.92454419133E-02
1.11920501916E-01
1.73817844962E-01
1.75860036212E-01
1.09962524738E-01
5.36022569371E-02
9.12038401617E-02
1.75796875658E-01
2.50642132300E-01
2.62411048886E-01
1.84807781380E-01
9.61935239379E-02
4.22333571940E-02
-3.62120510337E-03
-7.80243378669E-02
-1.59459345657E-01
-1.96513537412E-01
-1.34889890101E-01
-3.88437407891E-02
6.38763737421E-02
1.68112341572E-01
2.22198829424E-01
1.67564950103E-01
7.41294370289E-02
-1.70322960967E-02
-1.10825718978E-01
-2.01840077477E-01
-2.75190534338E-01
-3.12371047202E-01
-2.75990568024E-01
-1.74428396985E-01
-5.91603857005E-02
6.02972756748E-02
1.99039959577E-01
3.53530674976E-01
4.55892879700E-01
3.77131668702E-01
1.97734641459E-01
1.57059244600E-02
-1.34910943619E-01
-2.35041475431E-01
-3.27171670386E-01
-3.91974398922E-01
-3.59720409280E-01
-2.70790349067E-01
-1.70744031328E-01
-7.58347719904E-02
-3.40224851573E-02
-6.09078276980E-02
-1.05541285949E-01
-1.26005305487E-01
-1.22236725757E-01
-1.39184807781E-01
-1.82070824035E-01
-2.34241441745E-01
-2.89275337909E-01
-2.97844119752E-01
-2.08324561034E-01
-7.21082992968E-02
7.25293696577E-02
1.83018232347E-01
1.46300896880E-01
9.60040422755E-03
-1.34721461956E-01
-2.23567308097E-01
-2.43526043202E-01
-2.64726935871E-01
-3.02960124637E-01
-3.29445450335E-01
-3.04833887743E-01
-2.21461956293E-01
-1.25289485873E-01
-1.62743694471E-02
1.06278159080E-01
1.81376057939E-01
9.42355467599E-02
-5.89919575561E-02
-1.14973262032E-01
-1.21941976504E-01
-1.25373699945E-01
-1.07836119416E-01
-7.44873468357E-02
-3.06749757885E-02
1.73059918312E-02
5.39601667439E-02
3.56646595646E-02
-2.52852751695E-02
-9.13933218241E-02
-1.40174323129E-01
-1.78239083751E-01
-2.15735399385E-01
-2.24556823445E-01
-1.44721883027E-01
-3.20013474252E-02
7.78559097225E-02
1.86744705040E-01
2.96412480525E-01
4.15175375805E-01
5.29243336562E-01
5.99098909428E-01
6.02214830098E-01
5.81666596488E-01
5.66508063497E-01
5.67413364773E-01
5.89098488357E-01
6.02509579351E-01
5.34675144217E-01
3.42372310413E-01
1.24426291633E-01
-3.85910985726E-02
-1.41732283465E-01
-2.29904417028E-01
-3.01760074108E-01
-3.29740199587E-01
-3.44961893132E-01
-3.41761758390E-01
-2.48831529749E-01
-9.63619520822E-02
3.36224683145E-02
5.65286959451E-02
1.74323129395E-02
-2.64853256979E-02
-5.85708871953E-02
-6.17289149017E-02
-7.38136342583E-02
-1.21499852625E-01
-1.81102362205E-01
-2.45673502042E-01
-3.14729041223E-01
-3.54604404396E-01
-3.11971030359E-01
-2.35694134490E-01
-1.63143711314E-01
-9.13512147880E-02
-2.22325150533E-02
4.97705166533E-02
1.20068213398E-01
1.89692197566E-01
2.56768706051E-01
3.31761337319E-01
4.11196260895E-01
4.68967114405E-01
4.46018779738E-01
3.74373657838E-01
3.07318202872E-01
2.81969767148E-01
2.86096256684E-01
2.58368773422E-01
1.89418501832E-01
1.09794096594E-01
2.94538717420E-02
-4.79178070656E-02
-1.06762389995E-01
-1.43206029728E-01
-1.75123163081E-01
-2.10429912838E-01
-2.37862646848E-01
-2.33820371384E-01
-2.03419091330E-01
-1.67649164175E-01
-1.30552865384E-01
-9.45513495305E-02
-6.85923617837E-02
-5.85708871953E-02
-5.34127752747E-02
-4.79809676197E-02
-4.30544443977E-02
-3.86963661628E-02
-3.28645416649E-02
-2.14114278496E-02
-6.84239336393E-03
7.93717630216E-03
2.30536022569E-02
3.85910985726E-02
5.34548823108E-02
6.28026443219E-02
6.41290159586E-02
6.05499178913E-02
5.72234620405E-02
6.78133816161E-02
1.01814813255E-01
1.28194871363E-01
1.10278327509E-01
7.99612615268E-02
8.60246747231E-02
1.16699650512E-01
1.43290243800E-01
1.59459345657E-01
1.74323129395E-01
1.83944587141E-01
1.69501873763E-01
1.38847951493E-01
1.04888626890E-01
6.84870941934E-02
3.48856793970E-02
1.86534169860E-02
2.42747063034E-02
3.55172849383E-02
4.65703819108E-02
5.93709208809E-02
7.30557076087E-02
7.77927491684E-02
6.09709882521E-02
3.54120173481E-02
9.34776201103E-03
-1.39163754263E-02
-2.27167459683E-02
-2.08219293444E-02
-1.76639016380E-02
-2.45484020380E-02
-4.51387426839E-02
-5.77497999916E-02
-4.57282411891E-02
-2.58958271927E-02
-5.51602172723E-03
1.50953724367E-02
3.03381194998E-02
3.26118994484E-02
2.98328350667E-02
2.70748242031E-02
2.43589203756E-02
2.26746389322E-02
2.01903238031E-02
1.08004547560E-02
-7.64242704956E-03
-2.23377826435E-02
-1.66112257358E-02
2.80011789970E-03
2.39589035328E-02
4.81072887279E-02
7.46768284980E-02
8.90984883574E-02
6.44658722473E-02
2.45273485199E-02
-1.51374794728E-02
-5.49075750558E-02
-8.64457450840E-02
-1.07036085730E-01
-1.24636826814E-01
-1.36574171544E-01
-1.22320939829E-01
-9.01301107415E-02
-5.82129773885E-02
-3.89279548613E-02
-2.69485030949E-02
-2.02745378753E-02
-1.53690681713E-02
3.41066992294E-03
3.23592572319E-02
6.36026780075E-02
9.26986399427E-02
1.06888711104E-01
1.05709714093E-01
1.00972672534E-01
8.82352941176E-02
4.79809676197E-02
-4.61072045139E-03
-5.93077603268E-02
-1.06551854815E-01
-1.21731441324E-01
-1.07625584235E-01
-6.61922607268E-02
-3.53699103120E-03
6.36447850436E-02
1.26026359005E-01
1.73102025348E-01
2.09882521369E-01
2.22683060339E-01
1.60912038402E-01
4.80651816919E-02
-7.46978820161E-02
-1.77523264137E-01
-2.03924375763E-01
-1.87586845762E-01
-1.64006905554E-01
-1.41311213104E-01
-1.28636995242E-01
-1.32300307381E-01
-1.20257695061E-01
-1.13057391890E-01
-1.29352814855E-01
-1.46258789844E-01
-1.43606046570E-01
-1.24699987368E-01
-1.11225735820E-01
-1.19520821929E-01
-1.36132047665E-01
-1.24973683102E-01
-9.83830898143E-02
-7.32030822350E-02
-5.72445155585E-02
-5.06126573750E-02
-4.53282243463E-02
-4.00648448356E-02
-3.66331213946E-02
-3.32435049897E-02
-1.92639690092E-02
1.53690681713E-02
5.79813886901E-02
1.00993726052E-01
1.41521748284E-01
1.68301823235E-01
1.78449618931E-01
1.68554465451E-01
1.29942313361E-01
8.08455092846E-02
3.17065981726E-02
-1.98324139964E-02
-6.65080634974E-02
-9.85725714767E-02
-1.20278748579E-01
-1.44258705630E-01
-1.70259800413E-01
-1.87671059834E-01
-1.70112425786E-01
-1.35584656196E-01
-1.08509831993E-01
-1.11331003411E-01
-1.27121141943E-01
-1.34068802897E-01
-1.12299465241E-01
-7.27399048381E-02
-3.67804960209E-02
-1.56638174239E-02
-4.02122194619E-03
-1.93692365994E-03
-1.33268769211E-02
-2.89275337909E-02
-4.58966693334E-02
-6.09920417702E-02
-6.62133142448E-02
-6.08446671439E-02
-5.26127415891E-02
-4.50545286117E-02
-3.81068676576E-02
-2.89906943450E-02
-1.19794517664E-02
9.13722683060E-03
2.77485367805E-02
3.64857467683E-02
3.70331382374E-02
3.08434039328E-02
8.63194239757E-03
-2.11166785970E-02
-4.15806981347E-02
-5.26337951072E-02
-7.12029980210E-02
-1.04467556529E-01
-1.42721798813E-01
-1.66133310876E-01
-1.41395427176E-01
-9.88883742473E-02
-5.86340477494E-02
-1.86113099499E-02
2.45694555560E-02
7.36241525959E-02
1.09204598088E-01
9.05932881384E-02
2.89906943450E-02
-4.39386921555E-02
-1.08088761632E-01
-1.25942144932E-01
-9.56671859868E-02
-5.24443134448E-02
-7.09503558045E-03
3.88226872710E-02
6.81923449408E-02
6.51606383427E-02
5.07389784833E-02
3.76015832246E-02
2.24430502337E-02
6.10552023243E-03
-5.87393153396E-03
2.48431512906E-03
2.31799233652E-02
4.65282748747E-02
6.84870941934E-02
8.23192555476E-02
8.52035875195E-02
8.45298749421E-02
8.44246073519E-02
8.54562297360E-02
8.49298917849E-02
7.39189018485E-02
4.91178575940E-02
1.80639184808E-02
-1.46321950398E-02
-3.85700450545E-02
-3.55383384564E-02
-2.24430502337E-02
-1.05478125395E-02
4.18965009053E-03
2.13903743316E-02
2.97275674765E-02
4.40018527096E-03
-3.87595267169E-02
-8.15823824161E-02
-1.15057476104E-01
-1.33795107162E-01
-1.49879994947E-01
-1.64596404059E-01
-1.68322876753E-01
-1.57480314961E-01
-1.41584908838E-01
-1.22531475009E-01
-1.01372689376E-01
-7.81296054571E-02
-5.35601499010E-02
-3.51804286496E-02
-3.59594088172E-02
-4.42544949261E-02
-5.19179754937E-02
-6.07393995537E-02
-7.02976967451E-02
-7.69716619647E-02
-7.26346372479E-02
-6.33710893090E-02
-5.66971240894E-02
-5.34548823108E-02
-4.20438755316E-02
3.47383047707E-03
6.87818434460E-02
1.09962524738E-01
1.05478125395E-01
8.63825845299E-02
6.89713251084E-02
5.12863699524E-02
3.37908964588E-02
1.51585329909E-02
-4.67388100552E-03
-2.45484020380E-02
-3.51172680955E-02
-2.80853930692E-02
-1.51795865089E-02
-2.00008421407E-03
1.70322960967E-02
4.18122868331E-02
6.98555728662E-02
9.53724367342E-02
1.09478293823E-01
1.13646890395E-01
1.25268432355E-01
1.48679944419E-01
1.55206535012E-01
1.31395006106E-01
9.86988925850E-02
6.64870099794E-02
3.53067497579E-02
4.35807823487E-03
-2.99802096930E-02
-6.78133816161E-02
-9.27196934608E-02
-7.30767611268E-02
-2.80643395511E-02
1.96429323340E-02
5.81708703524E-02
6.60027790644E-02
6.09709882521E-02
4.84230914986E-02
2.52010610973E-02
-2.31588698472E-03
-2.42747063034E-02
-2.49694723988E-02
-1.22110404649E-02
1.93692365994E-03
1.52427470630E-02
2.62958440355E-02
3.69278706472E-02
4.80020211377E-02
6.00656869763E-02
7.07187671060E-02
7.43820792454E-02
6.77291675439E-02
5.77708535096E-02
4.74546296686E-02
3.81279211756E-02
3.38540570129E-02
3.57699271548E-02
3.99174702093E-02
4.28439092172E-02
4.00648448356E-02
3.28855951830E-02
2.51168470251E-02
1.77270621921E-02
1.06530801297E-02
2.31588698472E-03
-8.63194239757E-03
-1.56006568698E-02
-1.76849551560E-03
2.76853762264E-02
3.44225020001E-02
1.95797717799E-03
-4.09701461114E-02
-7.52031664491E-02
-9.68672365152E-02
-1.15478546465E-01
-1.43921849341E-01
-1.59922523054E-01
-1.66764916418E-01
-1.69796623016E-01
-1.72723062024E-01
-1.74954734936E-01
-1.79228599099E-01
-1.85523600994E-01
-1.83860373068E-01
-1.55796033517E-01
-1.16089098488E-01
-9.25302117984E-02
-7.49084171965E-02
-5.20021895659E-02
-2.67590214325E-02
-1.15794349236E-03
2.23167291254E-02
4.07175038949E-02
5.61918396564E-02
7.06766600699E-02
7.69295549286E-02
6.87607899280E-02
5.52444313445E-02
4.59177228515E-02
4.81915028001E-02
5.61707861384E-02
6.42553370668E-02
7.58558255084E-02
9.08459303550E-02
1.05288643732E-01
1.10846772496E-01
1.07099246284E-01
1.00867404943E-01
9.66356478168E-02
9.48460987831E-02
9.40671186155E-02
9.25933723525E-02
9.10143584993E-02
9.05301275843E-02
9.12459471978E-02
8.66773337825E-02
6.66554381237E-02
4.03385405701E-02
1.52216935450E-02
-1.14320602973E-02
-3.84647774643E-02
-5.98762053139E-02
-6.28026443219E-02
-5.84024590509E-02
-5.39601667439E-02
-4.93704998105E-02
-4.46755652870E-02
-4.10754137016E-02
-3.97700955830E-02
-3.93700787402E-02
-3.88016337530E-02
-3.82331887658E-02
-3.74542085983E-02
-3.70541917554E-02
-3.66120678765E-02
-3.57278201187E-02
-3.27171670386E-02
-2.87169986105E-02
-2.46115625921E-02
-2.06745547181E-02
-1.67164933260E-02
-1.29268600783E-02
-9.17933386669E-03
-5.47391469114E-03
-1.32637163670E-03
2.92643900796E-03
7.11608909849E-03
1.09478293823E-02
1.48637837383E-02
1.92850225273E-02
2.34536190998E-02
2.28430670765E-02
1.45058739315E-02
4.40018527096E-03
-2.82117141774E-03
-7.91612278412E-03
-1.24215756453E-02
-1.72217777591E-02
-2.05271800918E-02
-2.10956250790E-02
-2.03798054655E-02
-1.78744368184E-02
-8.58983536149E-03
4.52650637922E-03
1.80849719988E-02
3.12434207756E-02
4.31807655059E-02
5.19390290117E-02
5.91814392185E-02
6.60869931366E-02
7.29504400185E-02
7.95612446840E-02
8.44456608699E-02
8.53509621458E-02
8.49298917849E-02
8.44456608699E-02
8.39403764369E-02
8.36035201482E-02
8.25718977641E-02
7.84033011916E-02
7.14556402375E-02
6.39605878142E-02
5.68023916796E-02
5.00652659059E-02
4.34123542044E-02
3.56225525285E-02
2.66748073603E-02
1.77481157101E-02
8.23192555476E-03
-2.27377994863E-03
-7.41083835109E-03
2.71590382753E-03
1.79375973725E-02
1.99797886227E-02
1.17478630679E-02
2.04219125016E-03
-6.40026948503E-03
-1.40426965346E-02
-2.09482504527E-02
-2.84433028759E-02
-3.55593919744E-02
-3.74963156343E-02
-2.68221819866E-02
-1.26742178618E-02
-1.05267590214E-04
1.13688997431E-02
2.20009263548E-02
3.18118657628E-02
3.91174365236E-02
4.14754305444E-02
4.05069687145E-02
3.59173017811E-02
3.00223167291E-02
2.46747231462E-02
1.95376647438E-02
1.51585329909E-02
1.21268263927E-02
1.03793843951E-02
8.96879868626E-03
7.72664112173E-03
6.54764411133E-03
5.47391469114E-03
4.50545286117E-03
3.93700787402E-03
3.72647269359E-03
3.62120510337E-03
3.45277695903E-03
3.24224177860E-03
3.03170659817E-03
2.96854604404E-03
3.07381363426E-03
3.17908122447E-03
3.15802770643E-03
3.05276011622E-03
2.88433197187E-03
2.69485030949E-03
2.31588698472E-03
1.49479978104E-03
4.84230914986E-04
-4.84230914986E-04
-1.34742515474E-03
-2.04219125016E-03
-2.46326161102E-03
-2.82117141774E-03
-3.17908122447E-03
-3.51593751316E-03
-3.85279380184E-03
-4.21070360857E-03
-4.63177396943E-03
-5.05284433029E-03
-5.41075413702E-03
-5.76866394375E-03
-6.12657375047E-03
-6.46343003916E-03
-6.80028632785E-03
-7.05292854436E-03
-7.26346372479E-03
-7.45294538717E-03
-7.66348056760E-03
-7.87401574803E-03
-8.06349741042E-03
-8.27403259085E-03
-8.46351425323E-03
-8.67404943366E-03
-8.86353109605E-03
-9.05301275843E-03
-9.22144090277E-03
-9.41092256516E-03
-9.57935070950E-03
-9.74777885385E-03
-9.93726051623E-03
-1.01056886606E-02
-1.02741168049E-02
-1.04214914312E-02
-1.05899195756E-02
-1.07583477199E-02
-1.09267758642E-02
-1.10741504905E-02
-1.12215251168E-02
-1.13688997431E-02
-1.15162743694E-02
-1.16425954777E-02
-1.17478630679E-02
-1.18741841762E-02
-1.19794517664E-02
-1.20636658386E-02
-1.21689334288E-02
-1.22531475009E-02
-1.23163080551E-02
-1.23794686092E-02
-1.24426291633E-02
-1.24847361994E-02
-1.25268432355E-02
-1.25689502716E-02
-1.25900037896E-02
-1.26110573077E-02
-1.26110573077E-02
-1.26110573077E-02
