-2.28692907299E-03
-2.28692907299E-03
-2.28692907299E-03
-2.38355987889E-03
-2.60903175932E-03
-2.91502931134E-03
-3.14050119178E-03
-3.10829092315E-03
-2.97944984861E-03
-2.93113444566E-03
-2.93113444566E-03
-2.60903175932E-03
-1.54609289441E-03
4.83154029505E-05
1.81988017780E-03
3.15660632610E-03
3.25323713200E-03
2.02924692392E-03
4.02628357921E-04
-1.44946208851E-04
2.73787283386E-04
3.05997552020E-04
-1.73935450622E-03
-5.49185080204E-03
-9.14771629195E-03
-1.06132835148E-02
-1.08548605295E-02
-1.10803324100E-02
-7.37615151710E-03
-2.41577014752E-03
-1.22399020808E-03
-9.50202924692E-04
4.34838626554E-04
6.44205372673E-04
-3.01166011725E-03
-8.06867229273E-03
-7.05404883077E-03
3.54312954970E-04
6.53868453263E-03
7.77877987502E-03
6.45815886104E-03
2.85060877408E-03
-1.43335695420E-03
-1.78766990917E-03
3.18881659473E-03
1.22076918121E-02
2.10172002835E-02
2.14198286414E-02
9.48592411261E-03
-1.03072859628E-02
-2.85382980094E-02
-3.45133028409E-02
-2.64607356825E-02
-1.41403079302E-02
-3.78470656445E-03
8.85782387425E-04
-2.94723957998E-03
-1.24653739612E-02
-1.99381562842E-02
-1.80860658378E-02
-3.83302196740E-03
1.25781099014E-02
1.86658506732E-02
9.87244733621E-03
-1.28518971848E-02
-4.11969335824E-02
-4.97165496360E-02
-1.96482638665E-02
2.71371513238E-02
5.86710043162E-02
6.21013979257E-02
4.26141854023E-02
1.28035817819E-02
-5.81395348837E-03
-9.03498035174E-03
-1.09998067384E-02
-1.68620756297E-02
-2.05662565226E-02
-1.94872125234E-02
-1.32867358114E-02
-2.70566256523E-03
5.91058429427E-03
1.01301294853E-02
9.26045223217E-03
5.55627133930E-03
4.20344005669E-03
8.64845712813E-03
2.82645107260E-02
5.43548283193E-02
5.92346840173E-02
2.61225278619E-02
-3.77826451073E-02
-9.51652386781E-02
-1.09869226309E-01
-8.12504026284E-02
-4.86052953682E-02
-3.45455131096E-02
-2.95207112027E-02
-1.68620756297E-02
3.17271146041E-03
2.11943567609E-02
3.46099336468E-02
4.71397281453E-02
4.99259163821E-02
3.67841267796E-02
8.27803903885E-03
-2.60097919217E-02
-4.43696450428E-02
-3.88938993751E-02
-1.39953617213E-02
2.05984667912E-02
3.73800167493E-02
2.45442246988E-02
1.11125426786E-03
-9.14771629195E-03
1.68942858983E-02
6.91876570251E-02
9.68562777814E-02
7.69342266315E-02
2.81034593829E-02
-2.85382980094E-02
-8.41493268054E-02
-1.25056367970E-01
-1.35701861754E-01
-1.15506023320E-01
-6.17148747021E-02
-3.02776525156E-03
2.36262320428E-02
9.14771629195E-03
-6.98962829350E-03
1.38826257811E-02
7.55330799459E-02
1.28003607550E-01
1.21464923017E-01
6.30193905817E-02
-7.74656960639E-03
-4.13901951942E-02
-1.33672614830E-03
5.89931070025E-02
5.29697867680E-02
-1.47200927656E-02
-8.35856471043E-02
-9.23468401726E-02
-3.25323713200E-02
2.11782516266E-02
1.70231269729E-02
-3.97796817625E-03
-1.04683373059E-03
2.30303420731E-02
3.76215937641E-02
1.75062810024E-02
-3.06158603363E-02
-8.02679894350E-02
-1.17019905946E-01
-1.15747600335E-01
-8.04451459125E-02
-5.45641950654E-02
-6.12156155382E-02
-8.32796495523E-02
-8.26032339110E-02
-2.56715841010E-02
1.05359788701E-01
2.04132577466E-01
2.03182374541E-01
1.53127617084E-01
9.34419893062E-02
5.71571216904E-02
3.67841267796E-02
2.91502931134E-03
-4.33711267152E-02
-7.97365200026E-02
-8.43586935515E-02
-6.48231656252E-02
-4.95554982929E-02
-6.12317206726E-02
-9.50363976036E-02
-1.31401790891E-01
-1.15151710365E-01
-1.47523030342E-02
9.51169232751E-02
1.38649101334E-01
1.10722798428E-01
6.15860336275E-02
3.51414030793E-02
5.31147329769E-02
8.10249307479E-02
7.90923146299E-02
2.46408555047E-02
-5.54338723185E-02
-1.21883656510E-01
-1.42772015719E-01
-6.86400824583E-02
5.56915544676E-02
1.22044707853E-01
1.09144495265E-01
8.05900921214E-02
5.98144688527E-02
2.78940926367E-02
-3.13728016492E-02
-9.53746054242E-02
-1.35701861754E-01
-1.53385299233E-01
-1.23977323971E-01
-5.43226180506E-02
-1.84886941957E-02
-2.81678799201E-02
-3.29672099465E-02
5.78174321974E-03
7.26663660375E-02
1.15296656574E-01
1.10529536816E-01
7.89151581524E-02
5.11821168589E-02
6.51291631772E-02
1.09144495265E-01
1.36845326290E-01
1.16697803260E-01
5.16008503511E-02
-4.15512465374E-02
-1.03878116343E-01
-1.09611544160E-01
-8.13309282999E-02
-3.87006377633E-02
1.14346453649E-02
5.97983637184E-02
9.67435418411E-02
1.23735746956E-01
1.33527668621E-01
1.28986020743E-01
1.45558203955E-01
1.93664240160E-01
2.42285640662E-01
2.63302840946E-01
2.40256393738E-01
1.54335502158E-01
1.73613347935E-02
-1.22270179733E-01
-2.50982413193E-01
-3.34922373253E-01
-3.12971075179E-01
-2.48534432777E-01
-1.97706628873E-01
-1.52225729563E-01
-1.08065451266E-01
-9.84990014817E-02
-1.15747600335E-01
-1.19483991496E-01
-9.45049281711E-02
-3.95864201507E-02
5.45641950654E-02
1.90088900341E-01
3.42652837725E-01
4.45033176577E-01
4.61653675192E-01
4.21825678026E-01
3.49223732526E-01
2.41593119887E-01
1.18147265348E-01
1.05327578432E-02
-8.23938671649E-02
-1.76753849127E-01
-2.73594021774E-01
-3.47613219094E-01
-3.47500483154E-01
-2.33411711654E-01
-3.36919409908E-02
1.61164079108E-01
2.88314114540E-01
2.44137731109E-01
1.06632094312E-01
-1.95516330606E-02
-1.34977130709E-01
-2.00041873349E-01
-2.08158861045E-01
-2.12781034594E-01
-2.19706242350E-01
-2.12442826773E-01
-2.12072408684E-01
-2.38017780068E-01
-2.64703987631E-01
-2.55604586742E-01
-2.13312504026E-01
-1.77977839335E-01
-1.69361592476E-01
-1.88977646074E-01
-2.21526122528E-01
-2.00573342782E-01
-7.17161631128E-02
1.20208722541E-01
3.09991625330E-01
4.24644076532E-01
4.73909682407E-01
4.85875797204E-01
4.75729562585E-01
4.29636668170E-01
3.55456419507E-01
2.74189911744E-01
1.61615022869E-01
3.25323713200E-03
-1.78766990917E-01
-3.26563808542E-01
-3.91242027959E-01
-3.40768537010E-01
-1.63016169555E-01
6.25684468208E-02
1.53449719771E-01
1.31852734652E-01
6.12961412098E-02
-2.92630290537E-02
-1.28470656445E-01
-2.26438188494E-01
-2.91808928686E-01
-3.03034207305E-01
-2.20221606648E-01
1.83598531212E-03
2.02860271855E-01
2.30979836372E-01
1.82728853959E-01
1.42755910584E-01
1.07984925594E-01
6.81408232945E-02
4.78000386523E-02
3.56728725118E-02
3.38207820653E-03
-4.12774592540E-02
-1.03266121239E-01
-1.48199445983E-01
-1.10755008697E-01
-1.09514913354E-02
8.86909746827E-02
1.54045609740E-01
1.48779230819E-01
8.27481801198E-02
-7.66604393481E-03
-1.00608774077E-01
-1.62017651227E-01
-1.17664111319E-01
5.28409456935E-02
2.05807511435E-01
2.31350254461E-01
1.86739032404E-01
1.15344971977E-01
3.15660632610E-02
-7.07659601881E-02
-1.70811054564E-01
-2.31607936610E-01
-2.33894865683E-01
-1.89831218192E-01
-1.20208722541E-01
-5.24061070669E-02
-1.01462346196E-02
8.66456226245E-03
2.64446305482E-02
6.03459382851E-02
1.25201314179E-01
1.74305868711E-01
1.63757005733E-01
7.78361141532E-02
-5.35495716034E-02
-1.68636861431E-01
-1.99365457708E-01
-7.04277523675E-02
1.67896025253E-01
3.30638407524E-01
3.79549700445E-01
3.18156928429E-01
1.95290858726E-01
5.32435740514E-02
-1.01108033241E-01
-2.60017393545E-01
-3.77890871610E-01
-3.97990079237E-01
-2.87847065645E-01
-7.96398891967E-02
1.74112607099E-01
2.73207498551E-01
2.21284545513E-01
1.02364233718E-01
-4.18089286865E-02
-1.69426013013E-01
-2.61482960768E-01
-3.24695612961E-01
-3.49336468466E-01
-3.30219674032E-01
-1.92778457772E-01
4.83476132191E-02
2.17499838949E-01
2.52464085550E-01
2.29514269149E-01
2.09930425820E-01
2.02586484571E-01
2.18578882948E-01
3.13969593506E-01
4.63360819429E-01
5.55127874766E-01
5.34207305289E-01
4.42343619146E-01
3.15096952909E-01
1.80168137602E-01
5.95728918379E-02
-5.87354248534E-02
-1.92955614250E-01
-3.17802615474E-01
-4.33550215809E-01
-5.26637892160E-01
-5.77111383109E-01
-5.95084713007E-01
-5.84149326805E-01
-5.56625652258E-01
-5.12626425304E-01
-3.65747600335E-01
-6.69812536237E-02
2.26889132255E-01
4.17751079044E-01
4.67032790053E-01
4.55018359853E-01
4.99017586807E-01
5.90285382980E-01
6.52789409264E-01
6.66945822328E-01
6.57846421439E-01
6.10223539264E-01
4.78564066224E-01
3.06867229273E-01
1.46733878761E-01
-8.24582877021E-03
-1.67525607164E-01
-3.26386652065E-01
-4.87293049024E-01
-6.67509502029E-01
-8.73397539135E-01
-1.00000000000E+00
-9.67564259486E-01
-7.69857630613E-01
-5.56851124138E-01
-4.38107968820E-01
-3.38610449011E-01
-2.19931714230E-01
-1.07179668878E-01
-4.34999677897E-02
-3.77504348386E-02
-4.10519873736E-02
1.25620047671E-02
1.18727050184E-01
2.10236423372E-01
2.58519616054E-01
2.45748244540E-01
1.83679056883E-01
7.12491142176E-02
-7.49855053791E-02
-2.23829156735E-01
-3.58081556400E-01
-4.10568189139E-01
-3.23374991947E-01
-1.18163370483E-01
1.03105069896E-01
2.57456677189E-01
3.48563422019E-01
3.91242027959E-01
4.00502480191E-01
4.05656123172E-01
4.13402692778E-01
4.28412677962E-01
4.32374541004E-01
4.05929910455E-01
3.55569155447E-01
3.00827803904E-01
2.49065902210E-01
1.92504670489E-01
1.27311086774E-01
6.08129871803E-02
4.96038136958E-03
-2.96495522773E-02
-1.78766990917E-03
5.47091412742E-02
6.51613734459E-02
1.93100560459E-02
-6.70295690266E-02
-1.56380854216E-01
-2.42446692005E-01
-3.27433485795E-01
-4.02483411712E-01
-4.03063196547E-01
-3.10796882046E-01
-1.97787154545E-01
-9.79836371835E-02
-3.16787992012E-02
-2.77652515622E-02
-4.78322489210E-02
-5.58365006764E-02
-6.42594859241E-02
-7.95271532565E-02
-7.49694002448E-02
-2.98589190234E-02
3.11795400374E-02
8.72093023256E-02
1.40952135541E-01
1.97593892933E-01
2.53897442505E-01
3.09299104555E-01
3.58194292340E-01
3.80564323906E-01
3.75748888746E-01
3.44472717902E-01
2.87863170779E-01
2.27114604136E-01
1.51855311473E-01
-1.25136893642E-02
-2.11605359789E-01
-4.01291631772E-01
-5.88980867100E-01
-7.31978354699E-01
-8.21700057978E-01
-8.06851124138E-01
-6.93084455324E-01
-5.75178766991E-01
-4.64617019906E-01
-3.05256715841E-01
-1.55575597500E-01
-5.60780776912E-02
3.71384397346E-02
1.40581717452E-01
2.38823036784E-01
3.10217097211E-01
3.55569155447E-01
4.12774592540E-01
4.69223088321E-01
4.92172904722E-01
4.46144430845E-01
3.33472911164E-01
2.00428396573E-01
6.35830702828E-02
-8.30380725375E-02
-2.27372286285E-01
-3.06577336855E-01
-2.43010371707E-01
-8.63557302068E-02
1.16262964633E-01
2.07353604329E-01
1.48763125684E-01
4.30329188945E-02
-5.76241705856E-02
-1.13734458545E-01
-8.28770211944E-02
-1.20144302003E-02
4.04560974039E-02
3.24357405141E-02
-3.37563615281E-02
-1.11689106487E-01
-1.79121303872E-01
-2.22138117632E-01
-2.04696257167E-01
-1.48682600013E-01
-9.53262900213E-02
-5.76402757199E-02
-5.56110287960E-02
-8.58242607743E-02
-1.10416800876E-01
-9.77259550345E-02
-2.67023126973E-02
7.40353024544E-02
1.72228306384E-01
2.64091992527E-01
3.55746311924E-01
4.14046898151E-01
3.94752947240E-01
3.35389422148E-01
2.77394833473E-01
2.17693100560E-01
1.33189460800E-01
3.19042710816E-02
-5.97339431811E-02
-1.08419764221E-01
-1.27762030535E-01
-1.58699993558E-01
-2.03295110481E-01
-2.38581459769E-01
-2.39563872963E-01
-2.00831024931E-01
-1.47394189268E-01
-9.89982606455E-02
-6.93164980996E-02
-7.02667010243E-02
-7.85125297945E-02
-6.99123880693E-02
-4.21471365071E-02
-8.77729820267E-03
2.16453005218E-02
5.13109579334E-02
7.50177156477E-02
7.63705469304E-02
3.52058236166E-02
-3.02615473813E-02
-9.42311408877E-02
-1.54480448367E-01
-2.15212909876E-01
-2.62980738259E-01
-2.73610126908E-01
-2.46150872898E-01
-1.74466920054E-01
-8.92546543838E-02
-9.26045223217E-03
6.91876570251E-02
1.48843651356E-01
2.28564066224E-01
3.01343168202E-01
3.81240739548E-01
4.12291438511E-01
3.86120595246E-01
3.21780583650E-01
2.43702892482E-01
1.67573922567E-01
9.23790504413E-02
1.82793274496E-02
-4.07459898216E-02
-7.43896154094E-02
-1.08951233653E-01
-1.54834761322E-01
-2.03520582362E-01
-2.36487792308E-01
-2.33588868131E-01
-2.18208464859E-01
-2.13908393996E-01
-2.10429684984E-01
-1.99301037171E-01
-1.84291051987E-01
-1.57830316305E-01
-1.24782580687E-01
-9.27655736649E-02
-6.18437157766E-02
-3.11634349030E-02
-6.36152805514E-03
2.88442955614E-02
8.46163757006E-02
1.42304966823E-01
1.88075758552E-01
2.06049088449E-01
1.91135734072E-01
1.65480255105E-01
1.41322553630E-01
1.14781292276E-01
1.02154866972E-01
1.13074148038E-01
1.26827932745E-01
1.30097275011E-01
1.21690394898E-01
9.73233266765E-02
4.49333247439E-02
-6.69973587580E-03
-8.98666494879E-03
4.52554274303E-02
1.32835147845E-01
1.98914513947E-01
1.91940990788E-01
1.17873478065E-01
9.51813438124E-03
-9.74521677511E-02
-1.74402499517E-01
-1.79201829543E-01
-1.38375314050E-01
-1.03990852284E-01
-1.05327578432E-01
-1.39873091542E-01
-1.81005604587E-01
-1.84677575211E-01
-1.07260194550E-01
2.69760999807E-02
1.52708883592E-01
2.32219931714E-01
2.58809508471E-01
2.46344134510E-01
2.17564259486E-01
1.79475616827E-01
1.40307930168E-01
1.10014172518E-01
8.99793854281E-02
5.49346131547E-02
-2.46247503704E-02
-1.17696321587E-01
-2.04003736391E-01
-2.86896862720E-01
-3.37934033370E-01
-3.21184693680E-01
-2.29594794821E-01
-1.04441796045E-01
3.76860143014E-03
5.34368356632E-02
4.04399922695E-02
-1.26747407073E-02
-7.77877987502E-02
-1.35943438768E-01
-1.56654641500E-01
-1.19838304451E-01
-5.83811118985E-02
-1.31901050055E-02
1.72324937190E-02
5.01191779939E-02
1.18888101527E-01
2.10172002835E-01
2.97993300264E-01
3.83817561038E-01
4.63618501578E-01
4.89145139470E-01
4.30232558140E-01
3.38320556593E-01
2.54461122206E-01
1.41097081750E-01
1.19177993944E-02
-1.10561747085E-01
-1.95162017651E-01
-2.24586098048E-01
-1.99413773111E-01
-1.26199832507E-01
-2.88442955614E-02
6.39373832378E-02
1.53336983830E-01
2.41335437738E-01
3.03710622947E-01
3.20089544547E-01
2.89199896927E-01
2.23265477034E-01
1.55398441023E-01
9.30715712169E-02
3.05675449333E-02
-3.35630999163E-02
-8.56632094312E-02
-1.03443277717E-01
-7.93016813760E-02
-2.42865425498E-02
2.72820975327E-02
4.20988211042E-02
1.58313470334E-02
-2.35296012369E-02
-4.50299555498E-02
-4.09231462990E-02
-1.81665915094E-02
6.65142047285E-03
2.24344521033E-02
3.25967918572E-02
5.21967403208E-02
9.65341750950E-02
1.31111898473E-01
1.14620240933E-01
8.64362558784E-02
9.61798621401E-02
1.37070798170E-01
1.71133157251E-01
1.92504670489E-01
2.00138504155E-01
1.90491528699E-01
1.74901758681E-01
1.53771822457E-01
1.20305353347E-01
8.35534368357E-02
4.74296205630E-02
-1.92617406429E-02
-1.16359595439E-01
-2.25874508793E-01
-3.45068607872E-01
-4.58803066418E-01
-5.66465889326E-01
-6.74772917606E-01
-7.72965921536E-01
-8.05031243961E-01
-7.72965921536E-01
-7.28177543001E-01
-7.04068156928E-01
-6.99349352574E-01
-6.89831218192E-01
-6.21303871674E-01
-4.86826000129E-01
-3.29881466211E-01
-1.83662951749E-01
-6.41628551182E-02
9.85634220189E-03
5.40005153643E-02
9.34580944405E-02
1.33495458352E-01
1.75143335695E-01
2.35086645623E-01
3.14420537267E-01
3.88021001095E-01
4.24160922502E-01
4.06638536365E-01
3.39125813309E-01
2.60339496231E-01
1.86561875926E-01
1.13557302068E-01
3.95864201507E-02
-3.02776525156E-02
-6.77704052052E-02
-7.84158989886E-02
-9.38446176641E-02
-1.10706693294E-01
-1.14877923082E-01
-1.13492881531E-01
-1.06664304580E-01
-8.40043805965E-02
-3.67036011080E-02
3.38207820653E-04
-8.93834954584E-03
-4.81865618759E-02
-7.20221606648E-02
-8.22328158217E-02
-9.75004831540E-02
-1.00657089480E-01
-6.61437866392E-02
-6.60310506990E-03
5.08278039039E-02
1.05859047864E-01
1.54222766218E-01
1.76383431038E-01
1.74257553308E-01
1.47523030342E-01
9.22502093667E-02
3.75571732268E-02
1.77156477485E-04
-1.19177993944E-02
4.83154029505E-03
4.81704567416E-02
1.27858661341E-01
2.34072022161E-01
3.15998840430E-01
3.78164658893E-01
4.35643883270E-01
4.64117760742E-01
4.63876183727E-01
4.39605746312E-01
3.89937512079E-01
3.31862397732E-01
2.77169361592E-01
2.22846743542E-01
1.62065966630E-01
8.18785028667E-02
-8.19751336726E-03
-9.17831604716E-02
-1.54206661084E-01
-2.03182374541E-01
-2.44701410810E-01
-2.72370031566E-01
-2.87621593764E-01
-2.93918701282E-01
-2.89038845584E-01
-2.70904464343E-01
-2.16936159248E-01
-1.26360883850E-01
-3.32248920956E-02
5.59814468853E-02
1.42981382465E-01
2.12152934355E-01
2.60645493783E-01
2.88362429943E-01
2.74431488759E-01
2.26051665271E-01
1.74531340591E-01
1.27456032983E-01
7.71758036462E-02
2.00347870901E-02
-4.49655350126E-02
-1.06599884043E-01
-1.59972299169E-01
-2.07063711911E-01
-2.36407266637E-01
-2.38549249501E-01
-2.05920247375E-01
-1.31353475488E-01
-4.41602782967E-02
2.74753591445E-02
7.66926496167E-02
1.14571925530E-01
1.46460091477E-01
1.68878438446E-01
1.78299942022E-01
1.67284030149E-01
1.16424015976E-01
4.24853443278E-02
-2.69599948464E-02
-1.21094504928E-01
-2.30029633447E-01
-3.02712104619E-01
-3.30896089673E-01
-3.33746698447E-01
-3.14823165625E-01
-2.70421310314E-01
-2.17467628680E-01
-1.67090768537E-01
-1.22237969465E-01
-9.35225149778E-02
-7.75784320041E-02
-6.52741093861E-02
-4.66726792501E-02
-9.55034464987E-03
3.12278554403E-02
4.76550924435E-02
4.03272563293E-02
2.45281195645E-02
6.36152805514E-03
-9.09940088900E-03
-1.16118018424E-02
3.12439605746E-03
2.99877600979E-02
5.29697867680E-02
5.54016620499E-02
3.57050827804E-02
3.54312954970E-03
-2.20157186111E-02
-2.78457772338E-02
-1.96321587322E-02
-1.47039876313E-02
-3.30155253495E-02
-7.46956129614E-02
-1.20063776332E-01
-1.59054306513E-01
-1.74933968949E-01
-1.35895123365E-01
-6.57411582813E-02
1.81988017780E-03
6.45976937448E-02
1.25233524448E-01
1.59940088900E-01
1.69699800296E-01
1.75755330799E-01
1.74177027636E-01
1.61502286929E-01
1.40340140437E-01
1.05859047864E-01
6.60471558333E-02
2.99233395607E-02
9.93686787348E-03
2.15808799845E-03
-6.21658184629E-03
-2.04535205824E-02
-4.06976744186E-02
-5.51600850351E-02
-5.83811118985E-02
-5.64001803775E-02
-4.46273271919E-02
-1.46717773626E-02
2.37872833859E-02
5.71249114218E-02
7.34394124847E-02
7.71274882433E-02
8.33601752239E-02
1.03362752045E-01
1.42804225987E-01
1.75964697546E-01
1.86030406494E-01
1.87383237776E-01
1.82873800167E-01
1.68636861431E-01
1.24492688269E-01
5.34851510662E-02
-1.69748115699E-02
-8.30380725375E-02
-1.51162790698E-01
-2.20060555305E-01
-2.85592346840E-01
-3.23890356246E-01
-3.18946080010E-01
-2.90214520389E-01
-2.57730464472E-01
-2.31108677446E-01
-2.13956709399E-01
-1.98769567738E-01
-1.76995426142E-01
-1.55865489918E-01
-1.40581717452E-01
-1.32690201636E-01
-1.26183727372E-01
-1.07678928042E-01
-7.21187914707E-02
-1.24814790955E-02
6.89621851446E-02
1.44672421568E-01
1.99703665529E-01
2.29981318044E-01
2.39499452425E-01
2.31994459834E-01
2.09898215551E-01
1.81488758616E-01
1.48875861625E-01
1.14362558784E-01
9.36191457837E-02
8.84332925337E-02
9.14610577852E-02
1.01768343748E-01
1.08355343684E-01
1.01204664047E-01
8.02357791664E-02
6.27456032983E-02
6.77865103395E-02
9.32487276944E-02
1.25587837403E-01
1.58957675707E-01
1.78058365007E-01
1.76399536172E-01
1.56026541261E-01
1.13702248277E-01
6.32609675965E-02
2.21123494170E-02
-1.05971783805E-02
-3.07608065451E-02
-4.55936352509E-02
-5.73825935708E-02
-6.55962120724E-02
-7.40191973201E-02
-8.49384783869E-02
-9.47142949172E-02
-9.97068865554E-02
-9.08007472782E-02
-4.99259163821E-02
3.44810925723E-02
1.25652257940E-01
1.99027249887E-01
2.30013528313E-01
2.14649230175E-01
1.71729047220E-01
1.11222057592E-01
1.93261611802E-02
-8.19268182697E-02
-1.55076338337E-01
-1.94372866070E-01
-1.97577787799E-01
-1.67348450686E-01
-1.31079688205E-01
-9.92237325259E-02
-8.10571410166E-02
-8.46969013722E-02
-9.57128132449E-02
-1.08210397475E-01
-1.21931971913E-01
-1.29598015847E-01
-1.27874766476E-01
-1.12494363203E-01
-8.93190749211E-02
-7.93822070476E-02
-8.19912388069E-02
-9.08973780841E-02
-1.02154866972E-01
-1.00238355988E-01
-7.86091606004E-02
-3.91354763899E-02
1.53481930039E-02
7.10075372029E-02
1.13927720157E-01
1.42788120853E-01
1.49681118341E-01
1.39357727243E-01
1.17197062424E-01
9.34258841719E-02
7.12169039490E-02
5.14720092766E-02
3.79114861818E-02
2.53655865490E-02
8.40688011338E-03
-1.04200219030E-02
-2.41254912066E-02
-2.77330412936E-02
-1.95999484636E-02
-4.70269922051E-03
1.96321587322E-02
5.15203246795E-02
8.16530309863E-02
9.91754171230E-02
9.83057398699E-02
8.14758745088E-02
6.32448624622E-02
5.15203246795E-02
4.00856793146E-02
1.60246086452E-02
-2.33202344908E-02
-7.94305224506E-02
-1.47426399536E-01
-2.16710687367E-01
-2.67506281002E-01
-2.82274689171E-01
-2.59405398441E-01
-2.05259936868E-01
-1.43577272434E-01
-8.63396250725E-02
-3.88938993751E-02
-5.16974811570E-03
3.07285962765E-02
8.03163048380E-02
1.39824776139E-01
1.78428783096E-01
1.96176641113E-01
1.97432841590E-01
1.78815306320E-01
1.41741287122E-01
9.30715712169E-02
4.41441731624E-02
1.23204277524E-02
6.37763318946E-03
1.36571539007E-02
1.75384912710E-02
2.04374154480E-02
1.83437479869E-02
5.37911486182E-03
-8.02035688978E-03
-9.40539844102E-03
2.44798041616E-03
3.10345938285E-02
6.99607034723E-02
1.03378857180E-01
1.14571925530E-01
1.00415512465E-01
6.96708110546E-02
3.41750950203E-02
-6.28100238356E-04
-3.45777233782E-02
-6.12961412098E-02
-7.22959479482E-02
-6.74805127875E-02
-5.73664884365E-02
-5.03285447401E-02
-5.02641242028E-02
-5.70927011531E-02
-6.48231656252E-02
-6.66269406687E-02
-6.24879211493E-02
-5.25027378728E-02
-3.72672808091E-02
-1.49777749146E-02
1.09998067384E-02
3.69290729885E-02
6.20208722541E-02
8.04129356439E-02
8.51800554017E-02
7.75301166012E-02
5.46930361399E-02
2.65573664884E-02
1.91651098370E-03
-1.77961734201E-02
-3.15660632610E-02
-4.05688333441E-02
-4.68176254590E-02
-5.14236938736E-02
-5.21001095149E-02
-5.17296914256E-02
-5.58042904078E-02
-6.51291631772E-02
-7.30850995297E-02
-7.30850995297E-02
-5.64323906461E-02
-2.56232686981E-02
4.42891193713E-03
2.21928750886E-02
1.85853250016E-02
-5.58848160794E-03
-4.00695741802E-02
-7.28757327836E-02
-9.26206274560E-02
-8.30219674032E-02
-4.57546865941E-02
-3.76860143014E-03
3.48676157959E-02
7.12652193519E-02
9.13161115764E-02
8.89164465632E-02
6.84307157122E-02
3.23552148425E-02
-5.79784835406E-03
-4.07782000902E-02
-5.74953295110E-02
-3.80242221220E-02
-1.07904399923E-03
3.31443664240E-02
6.38568575662E-02
8.52444759389E-02
8.90452876377E-02
8.01552534948E-02
6.57894736842E-02
5.23577916640E-02
4.36449139986E-02
3.97313663596E-02
3.59788700638E-02
2.89731366360E-02
1.65399729434E-02
-2.56071635637E-03
-2.47696965793E-02
-4.73329897571E-02
-6.61759969078E-02
-7.29562584552E-02
-6.72389357727E-02
-4.59157379373E-02
-1.03072859628E-02
2.76847258906E-02
6.36958062230E-02
9.33775687689E-02
1.02895703150E-01
9.33131482317E-02
6.37924370289E-02
1.86658506732E-02
-2.77974618308E-02
-6.92842878310E-02
-9.10423242930E-02
-9.04303291889E-02
-8.37950138504E-02
-7.58873929009E-02
-7.13618501578E-02
-7.21671068737E-02
-7.32139406043E-02
-6.80119822199E-02
-4.99742317851E-02
-1.68620756297E-02
1.92456355086E-02
5.25349481415E-02
7.87702119436E-02
9.15737937254E-02
8.95606519358E-02
7.88024222122E-02
6.42594859241E-02
4.97809701733E-02
2.94079752625E-02
2.64124202796E-03
-2.43026476841E-02
-4.89596083231E-02
-6.75932487277E-02
-7.44701410810E-02
-6.66108355344E-02
-5.15364298138E-02
-4.02145203891E-02
-3.44810925723E-02
-2.86671390839E-02
-1.90201636282E-02
-3.41428847517E-03
1.76190169426E-02
3.80886426593E-02
4.84603491593E-02
5.31469432455E-02
5.82522708239E-02
6.26972878954E-02
6.25684468208E-02
5.10532757843E-02
2.14359337757E-02
-1.73774399278E-02
-5.42904077820E-02
-8.63074148038E-02
-1.01623397539E-01
-1.00012884107E-01
-8.79179282355E-02
-6.44527475359E-02
-3.60432906010E-02
-9.75971139599E-03
1.01140243510E-02
2.38678090575E-02
3.40945693487E-02
4.45790117890E-02
6.01526766733E-02
7.32300457386E-02
7.40675127231E-02
6.37602267603E-02
4.05688333441E-02
1.28357920505E-02
-5.83005862269E-03
-1.04844424403E-02
-6.92520775623E-03
-2.73787283386E-03
-2.17419313277E-03
-7.66604393481E-03
-1.48006184372E-02
-2.08239386716E-02
-2.26599239838E-02
-1.47684081685E-02
-6.44205372673E-05
1.84564839271E-02
3.61399214069E-02
4.79288797269E-02
5.71571216904E-02
6.32448624622E-02
5.89931070025E-02
4.20344005669E-02
1.50099851833E-02
-1.42208336018E-02
-4.19216646267E-02
-6.32770727308E-02
-7.45667718869E-02
-7.97043097339E-02
-7.93016813760E-02
-7.03955420988E-02
-4.57546865941E-02
-1.18694839915E-02
2.15325645816E-02
4.90884493977E-02
6.24879211493E-02
6.00238355988E-02
4.83959286220E-02
2.98911292920E-02
1.81826966437E-02
1.47845133028E-02
1.46717773626E-02
1.44463054822E-02
8.90613927720E-03
-8.05256715841E-03
-3.31926818270E-02
-5.80267989435E-02
-8.20234490756E-02
-9.75487985570E-02
-9.83379501385E-02
-9.17831604716E-02
-7.51143464536E-02
-4.85247696966E-02
-2.09688848805E-02
2.80229337113E-03
1.83437479869E-02
2.69922051150E-02
3.48998260645E-02
4.18089286865E-02
5.01191779939E-02
6.28261289699E-02
7.82387425111E-02
8.76441409521E-02
8.61302583264E-02
7.55813953488E-02
5.12465373961E-02
2.54300070863E-02
1.24170585583E-02
1.22721123494E-02
1.78122785544E-02
2.41577014752E-02
2.77974618308E-02
2.14037235071E-02
5.62069187657E-03
-1.06615989177E-02
-1.94066868518E-02
-2.35618115055E-02
-2.73787283386E-02
-2.84094569349E-02
-3.28383688720E-02
-4.29523932230E-02
-5.17619016943E-02
-5.68350190041E-02
-5.30019970367E-02
-4.19377697610E-02
-2.62996843394E-02
-9.09940088900E-03
-1.77156477485E-04
6.82857695033E-03
1.95999484636E-02
3.94736842105E-02
5.65773368550E-02
6.30032854474E-02
5.99272047929E-02
5.30664175739E-02
4.50621658185E-02
3.56406622431E-02
2.23539264317E-02
3.22102686336E-03
-1.61373445855E-02
-3.06480706049E-02
-3.74122270180E-02
-3.84268504799E-02
-4.26625008053E-02
-5.31630483798E-02
-6.66752560716E-02
-7.89634735554E-02
-8.54538426850E-02
-8.55182632223E-02
-7.79971654964E-02
-6.18115055080E-02
-4.47078528635E-02
-3.00843909038E-02
-2.04535205824E-02
-1.53804032726E-02
-1.16601172454E-02
-4.76711975778E-03
3.12439605746E-03
8.89003414288E-03
1.03556013657E-02
1.31578947368E-02
1.67332345552E-02
1.97609998067E-02
2.56071635637E-02
3.38852026026E-02
4.30651291632E-02
5.01191779939E-02
5.50956644978E-02
5.61263930941E-02
5.14720092766E-02
4.11325130452E-02
2.70244153836E-02
1.34155768859E-02
-3.70418089287E-03
-2.67506281002E-02
-5.03285447401E-02
-7.32622560072E-02
-9.05430651292E-02
-9.64536494234E-02
-9.52296592154E-02
-9.01565419056E-02
-8.35212265670E-02
-7.41480383946E-02
-6.21819235972E-02
-5.13914836050E-02
-4.24048186562E-02
-3.23552148425E-02
-1.90523738968E-02
-2.73787283386E-03
1.91812149713E-02
3.79275913161E-02
4.95071828899E-02
5.51761901694E-02
5.76885911229E-02
5.81395348837E-02
5.69155446756E-02
5.05379114862E-02
4.04722025382E-02
3.06802808735E-02
2.19351929395E-02
1.56058751530E-02
1.32223152741E-02
1.48006184372E-02
1.92295303743E-02
2.18868775366E-02
2.05340462539E-02
1.08870707982E-02
-8.87392900857E-03
-2.83772466662E-02
-4.01178895832E-02
-4.09392514334E-02
-3.02776525156E-02
-1.12896991561E-02
4.97648650390E-03
1.26908458417E-02
1.53642981382E-02
1.94388971204E-02
2.44314887586E-02
2.79263029054E-02
2.82161953231E-02
2.24505572376E-02
8.64845712813E-03
-6.87689235328E-03
-1.85209044643E-02
-2.23217161631E-02
-1.91490047027E-02
-5.97500483154E-03
1.79089093603E-02
3.96991560910E-02
5.05218063519E-02
5.14881144109E-02
4.84281388907E-02
4.41763834310E-02
4.36449139986E-02
4.72524640856E-02
5.16491657540E-02
5.38394640211E-02
5.00547574567E-02
3.86523223604E-02
1.76834374799E-02
-6.97352315918E-03
-2.96173420086E-02
-4.50138504155E-02
-4.53842685048E-02
-3.29188945436E-02
-9.42150357534E-03
1.16440121111E-02
1.91006892997E-02
1.46717773626E-02
5.07311730980E-03
-3.83302196740E-03
-5.73342781679E-03
4.01017844489E-03
1.62983959286E-02
2.35134961026E-02
2.01636281647E-02
6.37763318946E-03
-1.12896991561E-02
-2.96012368743E-02
-4.48044836694E-02
-5.68994395413E-02
-6.58699993558E-02
-7.08303807254E-02
-7.13296398892E-02
-6.71423049668E-02
-4.79610899955E-02
-1.67332345552E-02
1.48489338401E-02
4.27752367455E-02
6.08774077176E-02
6.91876570251E-02
6.88172389358E-02
6.37441216260E-02
5.80429040778E-02
5.30181021710E-02
4.89757134575E-02
4.65760484442E-02
4.34999677897E-02
3.40140436771E-02
2.07917284030E-02
4.63827868324E-03
-8.14919796431E-03
-1.52354570637E-02
-1.77800682858E-02
-1.75062810024E-02
-1.73291245249E-02
-1.75707015397E-02
-1.77317528828E-02
-2.06306770598E-02
-2.64285254139E-02
-3.20814275591E-02
-3.43200412291E-02
-3.20331121562E-02
-2.67989435032E-02
-2.53655865490E-02
-2.63479997423E-02
-2.91663982478E-02
-3.39657282742E-02
-3.50447722734E-02
-3.08252270824E-02
-1.80699607035E-02
2.49629581911E-03
2.62835792051E-02
4.79449848612E-02
5.92991045545E-02
6.08613025833E-02
5.98144688527E-02
5.97339431811E-02
5.98788893899E-02
5.97339431811E-02
5.95889969722E-02
5.93635250918E-02
5.58526058107E-02
4.82831926818E-02
4.10841976422E-02
3.34664691104E-02
2.71049410552E-02
2.63802100110E-02
2.72659923984E-02
2.95207112027E-02
3.47226695871E-02
3.77021194357E-02
3.51575082136E-02
2.88281904271E-02
2.04535205824E-02
1.46234619597E-02
9.21213682922E-03
2.75397796818E-03
-3.99407331057E-03
-1.31578947368E-02
-2.62513689364E-02
-4.16961927462E-02
-5.46930361399E-02
-6.13766668814E-02
-5.85904786446E-02
-4.88629775172E-02
-3.47548798557E-02
-1.81826966437E-02
-5.49185080204E-03
6.44205372673E-04
1.61051343168E-03
-4.83154029505E-04
-5.74953295110E-03
-7.89151581524E-03
-1.05327578432E-02
-1.50421954519E-02
-1.88107968820E-02
-2.56393738324E-02
-3.37563615281E-02
-4.25336597307E-02
-4.79449848612E-02
-4.79610899955E-02
-4.48205888037E-02
-3.39013077369E-02
-1.67976550924E-02
-5.89447915996E-03
-1.03072859628E-03
-1.61051343168E-04
-7.08625909940E-04
-5.63679701089E-04
1.73935450622E-03
1.40114668556E-03
-1.88430071507E-03
-7.37615151710E-03
-1.43657798106E-02
-2.28531855956E-02
-2.63157894737E-02
-2.55266378922E-02
-2.52367454745E-02
-2.56393738324E-02
-2.57198995040E-02
-2.22089802229E-02
-1.02428654255E-02
1.07260194550E-02
3.69612832571E-02
5.94762610320E-02
6.99123880693E-02
6.77381949365E-02
5.47735618115E-02
3.41106744830E-02
1.46717773626E-02
-4.18733492237E-04
-1.44302003479E-02
-3.00843909038E-02
-4.60284738775E-02
-6.00399407331E-02
-6.74966179218E-02
-7.00412291439E-02
-6.94131289055E-02
-6.71100946982E-02
-6.40018037750E-02
-5.63840752432E-02
-4.32583907750E-02
-2.87315596212E-02
-1.49938800490E-02
-3.83302196740E-03
4.12291438511E-03
1.20305353347E-02
1.96482638665E-02
2.90536623075E-02
4.02145203891E-02
4.88629775172E-02
5.44675642595E-02
5.50151388263E-02
4.93622366811E-02
3.88455839722E-02
2.51562198029E-02
5.83005862269E-03
-1.49294595117E-02
-2.82806158603E-02
-3.08091219481E-02
-2.33524447594E-02
-8.22972363590E-03
5.02480190685E-03
1.04522321716E-02
6.15216130903E-03
-5.62069187657E-03
-2.23700315661E-02
-3.95058944792E-02
-4.92817110095E-02
-5.42420923791E-02
-5.44836693938E-02
-4.89596083231E-02
-3.93126328674E-02
-2.90375571732E-02
-2.29981318044E-02
-2.09044643432E-02
-1.59440829737E-02
-7.90762094956E-03
2.96334471429E-03
1.99059460156E-02
4.28396572827E-02
6.08290923146E-02
7.07015396508E-02
7.17966887844E-02
6.78831411454E-02
5.64646009148E-02
3.93609482703E-02
2.47213811763E-02
1.27230561103E-02
3.38207820653E-03
-3.63976035560E-03
-6.57089480126E-03
-2.36745474457E-03
6.89299748760E-03
2.20801391484E-02
3.47709849900E-02
3.87650583006E-02
3.48998260645E-02
2.68633640405E-02
1.55575597500E-02
2.04535205824E-03
-1.44140952136E-02
-2.95207112027E-02
-4.08265154931E-02
-5.19873735747E-02
-6.01687818076E-02
-6.42111705212E-02
-6.39534883721E-02
-5.92346840173E-02
-5.20195838433E-02
-3.71384397346E-02
-1.27552663789E-02
1.38343103781E-02
3.80564323906E-02
5.88320556593E-02
7.15712169039E-02
7.59357083038E-02
7.20543709335E-02
6.06680409715E-02
4.47561682664E-02
2.72337821297E-02
1.14668556336E-02
-1.20788507376E-03
-1.22882174837E-02
-2.07434130001E-02
-2.81839850544E-02
-3.54796109000E-02
-4.45629066546E-02
-5.20356889776E-02
-5.55305031244E-02
-5.77530116601E-02
-5.63357598402E-02
-4.96360239644E-02
-3.78953810475E-02
-2.06145719255E-02
1.04683373059E-03
2.22734007602E-02
3.39979385428E-02
3.22585840366E-02
2.22250853572E-02
1.21110610062E-02
3.67197062424E-03
-2.72176769954E-03
-9.93686787348E-03
-1.77800682858E-02
-2.64768408169E-02
-3.11312246344E-02
-3.07930168138E-02
-2.85382980094E-02
-2.06789924628E-02
-7.56941312891E-03
5.34690459318E-03
1.49294595117E-02
1.74901758681E-02
1.63789216002E-02
1.31417896025E-02
8.34245957611E-03
7.34394124847E-03
5.02480190685E-03
-3.78470656445E-03
-1.25620047671E-02
-1.65560780777E-02
-1.64433421375E-02
-1.60890291825E-02
-1.63467113316E-02
-1.65399729434E-02
-1.66043934806E-02
-1.65238678091E-02
-1.26264253044E-02
-6.92520775623E-04
1.54770340785E-02
2.90697674419E-02
3.74444372866E-02
3.91998969271E-02
3.81691683309E-02
3.45294079753E-02
2.93918701282E-02
2.43026476841E-02
2.14681440443E-02
2.16614056561E-02
2.21606648199E-02
2.56876892353E-02
2.97783933518E-02
3.00521806352E-02
3.30960510211E-02
3.75088578239E-02
3.64298138246E-02
2.98267087548E-02
2.18546672679E-02
1.15151710365E-02
-2.57682149069E-04
-8.37466984475E-03
-1.23526380210E-02
-1.73935450622E-02
-2.42704374154E-02
-3.07930168138E-02
-3.48837209302E-02
-3.23874251111E-02
-2.72820975327E-02
-2.11621464923E-02
-1.19016942601E-02
-3.70418089287E-04
1.17245377826E-02
2.10977259550E-02
2.67989435032E-02
2.77974618308E-02
2.51562198029E-02
1.91651098370E-02
1.14024350963E-02
1.96482638665E-03
-6.73194614443E-03
-1.49294595117E-02
-2.40288604007E-02
-3.14533273207E-02
-3.65103394962E-02
-3.64459189590E-02
-3.19042710816E-02
-2.40932809380E-02
-1.24653739612E-02
1.81988017780E-03
1.62983959286E-02
2.58326354442E-02
2.63802100110E-02
2.30947626103E-02
1.70714423758E-02
1.05005475746E-02
5.00869677253E-03
3.38207820653E-04
-4.62217354893E-03
-1.09675964698E-02
-1.86819558075E-02
-2.87637698898E-02
-3.97796817625E-02
-4.60284738775E-02
-4.08587257618E-02
-2.49629581911E-02
-2.44798041616E-03
2.10655156864E-02
3.89583199124E-02
4.77517232494E-02
4.98131804419E-02
4.82670875475E-02
4.66887843845E-02
4.67370997874E-02
4.66243638472E-02
4.24853443278E-02
3.62848676158E-02
3.03742833215E-02
2.30786574760E-02
1.30451587966E-02
6.44205372673E-05
-1.36410487663E-02
-2.53494814147E-02
-3.28222637377E-02
-3.41589898860E-02
-2.99716549636E-02
-1.93744765831E-02
-4.92817110095E-03
8.55182632223E-03
1.59601881080E-02
1.97287895381E-02
1.77317528828E-02
1.29807382594E-02
1.22721123494E-02
1.10803324100E-02
8.34245957611E-03
5.62069187657E-03
3.91354763899E-03
-1.40114668556E-03
-9.79192166463E-03
-1.47200927656E-02
-1.87946917477E-02
-2.01153127617E-02
-1.96804741352E-02
-1.77478580171E-02
-1.27713715132E-02
-6.13605617471E-03
3.17271146041E-03
1.08870707982E-02
1.14024350963E-02
3.70418089287E-03
-9.98518327643E-03
-2.32880242221E-02
-2.96012368743E-02
-2.52689557431E-02
-1.11769632159E-02
7.03794369645E-03
2.04535205824E-02
2.86993493526E-02
3.34825742447E-02
3.42073052889E-02
3.02293371127E-02
2.42221220125E-02
1.87624814791E-02
1.32867358114E-02
5.70121754815E-03
-2.64124202796E-03
-1.38826257811E-02
-2.76525156220E-02
-4.03111511950E-02
-4.67854151904E-02
-4.70430973394E-02
-4.22920827160E-02
-3.18559556787E-02
-1.80055401662E-02
-3.76860143014E-03
6.13605617471E-03
9.50202924692E-03
1.11286478129E-02
1.20949558719E-02
1.33189460800E-02
1.53642981382E-02
1.56702956903E-02
1.52837724667E-02
1.80538555692E-02
2.28048701926E-02
2.11621464923E-02
1.51710365264E-02
1.08870707982E-02
6.63531533853E-03
1.54609289441E-03
-1.91651098370E-03
-1.81988017780E-03
-2.19029826709E-03
-8.89003414288E-03
-2.22895058945E-02
-3.60271854667E-02
-4.32422856407E-02
-4.31456548348E-02
-3.72189654062E-02
-2.71371513238E-02
-1.46717773626E-02
-4.25175545964E-03
-1.65882883463E-03
-2.94723957998E-03
-3.97796817625E-03
-8.32635444180E-03
-1.18533788572E-02
-1.17406429170E-02
-9.38929330671E-03
-4.34838626554E-03
-3.54312954970E-04
5.84616375701E-03
1.29807382594E-02
1.86980609418E-02
2.01958384333E-02
1.60407137796E-02
9.11550602332E-03
3.62365522128E-03
2.65734716228E-03
2.01314178960E-03
-2.93113444566E-03
-5.74953295110E-03
-3.75249629582E-03
1.54609289441E-03
7.24731044257E-03
1.31256844682E-02
1.81504863751E-02
1.87624814791E-02
1.79089093603E-02
1.63467113316E-02
9.22824196354E-03
-1.12735940218E-03
-1.05649681118E-02
-1.82632223153E-02
-2.25471880435E-02
-2.27887650583E-02
-2.00186819558E-02
-1.30451587966E-02
-5.12143271275E-03
3.07608065451E-03
9.71139599304E-03
1.46878824969E-02
1.69587064356E-02
1.74257553308E-02
2.16775107904E-02
2.48019068479E-02
2.59936867873E-02
2.54783224892E-02
2.25632931779E-02
1.52837724667E-02
4.92817110095E-03
-5.36300972750E-03
-9.38929330671E-03
-8.53572118791E-03
-4.60606841461E-03
5.15364298138E-03
1.53804032726E-02
2.19835083425E-02
2.32719190878E-02
2.10655156864E-02
1.63306061973E-02
1.30773690653E-02
8.40688011338E-03
3.60755008697E-03
-1.25620047671E-03
-5.91058429427E-03
-9.48592411261E-03
-5.41132513045E-03
-5.31469432455E-04
3.63976035560E-03
5.83005862269E-03
5.45964053340E-03
5.02480190685E-03
5.05701217548E-03
5.28248405592E-03
8.79340333698E-03
1.29968433937E-02
1.32545255427E-02
1.22721123494E-02
8.22972363590E-03
-3.10829092315E-03
-1.69909167042E-02
-2.70405205179E-02
-3.44327771694E-02
-3.97313663596E-02
-4.30490240289E-02
-4.03272563293E-02
-3.48998260645E-02
-3.00360755009E-02
-2.59292662501E-02
-1.98415254783E-02
-9.29266250081E-03
3.97796817625E-03
1.72485988533E-02
2.57843200412E-02
2.87959801585E-02
2.92791341880E-02
2.68794691748E-02
2.57037943696E-02
2.59614765187E-02
2.60097919217E-02
2.54944276235E-02
2.06789924628E-02
1.09514913354E-02
-1.41725181988E-03
-1.42208336018E-02
-2.53011660117E-02
-3.31765766926E-02
-3.73478064807E-02
-3.79920118534E-02
-3.44327771694E-02
-3.05997552020E-02
-2.78618823681E-02
-2.15003543130E-02
-1.20949558719E-02
-2.91502931134E-03
3.63976035560E-03
8.84171873993E-03
1.35605230948E-02
1.29324228564E-02
8.03646202409E-03
3.18881659473E-03
-4.67048895188E-04
-7.08625909940E-04
2.73787283386E-04
5.84616375701E-03
1.56380854216E-02
2.53172711460E-02
3.13083811119E-02
3.03098627843E-02
2.37389679830E-02
1.36571539007E-02
2.02924692392E-03
-7.89151581524E-03
-1.49133543774E-02
-2.08883592089E-02
-2.73626232043E-02
-3.30960510211E-02
-3.75893834955E-02
-4.14224054629E-02
-4.20344005669E-02
-4.15834568060E-02
-4.16961927462E-02
-4.07459898216E-02
-3.55762417059E-02
-2.87154544869E-02
-2.12909875668E-02
-1.38665206468E-02
-6.84468208465E-03
-2.22250853572E-03
1.48167235715E-03
4.92817110095E-03
5.18585325002E-03
4.49333247439E-03
4.41280680281E-03
2.70566256523E-03
-2.44798041616E-03
-4.96038136958E-03
-8.02035688978E-03
-1.21593764092E-02
-1.58957675707E-02
-1.98254203440E-02
-2.06145719255E-02
-2.17097210591E-02
-2.70888359209E-02
-3.33054177672E-02
-3.69451781228E-02
-3.67519165110E-02
-3.31604715583E-02
-2.50273787283E-02
-1.77317528828E-02
-1.28196869162E-02
-7.79488500934E-03
-3.52702441538E-03
1.75545964053E-03
7.31173097984E-03
1.04361270373E-02
1.02267602912E-02
9.69529085873E-03
9.19603169490E-03
4.63827868324E-03
2.57682149069E-04
-1.85209044643E-03
-1.44946208851E-04
1.90040584938E-03
4.86375056368E-03
8.92224441152E-03
9.50202924692E-03
8.71287766540E-03
8.60014172518E-03
8.63235199382E-03
8.51961605360E-03
8.39077497906E-03
7.77877987502E-03
3.14050119178E-03
-6.11995104039E-04
-3.70418089287E-03
-7.85930554661E-03
-7.68214906912E-03
-2.25471880435E-03
4.13901951942E-03
1.20627456033E-02
1.99220511499E-02
2.37389679830E-02
2.33685498937E-02
2.27887650583E-02
2.31913934162E-02
2.73787283386E-02
3.12922759776E-02
3.47709849900E-02
3.83302196740E-02
3.85556915545E-02
3.72672808091E-02
3.08896476197E-02
1.83598531212E-02
6.10384590607E-03
-1.20788507376E-03
-2.64124202796E-03
-2.06145719255E-03
-2.01314178960E-03
4.34838626554E-04
5.04090704116E-03
6.07163563744E-03
8.03646202409E-03
1.25620047671E-02
1.44302003479E-02
1.81988017780E-02
2.17258261934E-02
2.55427430265E-02
2.89570315016E-02
3.26290021259E-02
3.64298138246E-02
4.10036719706E-02
4.43535399085E-02
4.45790117890E-02
4.82670875475E-02
4.96521290988E-02
4.45629066546E-02
3.95058944792E-02
3.37080461251E-02
2.44153836243E-02
1.43657798106E-02
6.26489724924E-03
-1.80377504348E-03
-5.63679701089E-03
-6.31321265219E-03
-1.07904399923E-02
-1.38826257811E-02
-1.34961025575E-02
-1.23204277524E-02
-7.47278232300E-03
-1.48167235715E-03
3.52702441538E-03
8.69677253108E-03
1.06615989177E-02
9.96907814211E-03
9.61476518714E-03
9.71139599304E-03
9.64697545578E-03
9.46981897829E-03
6.73194614443E-03
1.75545964053E-03
6.60310506990E-04
1.38504155125E-03
1.33672614830E-03
1.03072859628E-03
9.66308059009E-04
1.86819558075E-03
3.83302196740E-03
7.21510017394E-03
9.16382142627E-03
8.82561360562E-03
7.45667718869E-03
2.81839850544E-03
-4.99259163821E-04
-4.50943760871E-04
-1.41725181988E-03
-5.50795593635E-03
-1.06938091864E-02
-1.61051343168E-02
-1.76512272112E-02
-1.51388262578E-02
-6.95741802487E-03
3.22102686336E-03
6.90910262192E-03
5.62069187657E-03
2.65734716228E-03
-2.02924692392E-03
-1.52998776010E-03
4.05849384784E-03
1.01623397539E-02
1.66688140179E-02
1.97771049411E-02
1.91006892997E-02
1.82632223153E-02
1.77639631515E-02
1.38987309154E-02
8.66456226245E-03
3.47870901243E-03
-1.44946208851E-04
-4.89596083231E-03
-1.04361270373E-02
-1.72808091219E-02
-2.32397088192E-02
-2.78135669651E-02
-3.07769116794E-02
-3.61560265413E-02
-4.26141854023E-02
-4.64633125040E-02
-4.98614958449E-02
-4.99259163821E-02
-4.49655350126E-02
-3.80242221220E-02
-2.98911292920E-02
-2.09205694775E-02
-1.32867358114E-02
-7.92372608388E-03
-4.87985569800E-03
-1.12735940218E-03
2.80229337113E-03
7.56941312891E-03
1.32706306771E-02
1.91167944341E-02
2.11782516266E-02
2.01797332990E-02
1.85531147330E-02
1.36893641693E-02
5.68511241384E-03
-2.77008310249E-03
-9.80802679894E-03
-1.50905108549E-02
-1.98093152097E-02
-2.22411904915E-02
-2.52367454745E-02
-3.01649165754E-02
-3.42234104232E-02
-3.79275913161E-02
-4.14707208658E-02
-4.38864910133E-02
-4.33067061779E-02
-4.20182954326E-02
-3.98118920312E-02
-3.48354055273E-02
-2.71532564582E-02
-1.85531147330E-02
-7.50499259164E-03
2.94723957998E-03
1.10803324100E-02
1.60407137796E-02
1.92778457772E-02
1.95516330606E-02
1.55414546157E-02
1.07743348580E-02
5.99110996586E-03
-2.57682149069E-04
-5.34690459318E-03
-8.71287766540E-03
-9.79192166463E-03
-1.21593764092E-02
-1.40758873929E-02
-1.35283128261E-02
-1.13219094247E-02
-7.64993880049E-03
-2.30303420731E-03
3.25323713200E-03
6.16826644334E-03
6.36152805514E-03
4.01017844489E-03
1.83598531212E-03
-9.01887521742E-04
-1.40114668556E-03
1.40114668556E-03
3.33376280358E-03
2.46408555047E-03
-2.41577014752E-04
-3.30155253495E-03
-5.97500483154E-03
-8.66456226245E-03
-9.43760870966E-03
-6.65142047285E-03
-3.83302196740E-03
-3.31765766926E-03
-1.49777749146E-03
1.36893641693E-03
3.02776525156E-03
3.97796817625E-03
5.20195838433E-03
7.55330799459E-03
9.69529085873E-03
1.18855891258E-02
1.40275719900E-02
1.55897700187E-02
1.72485988533E-02
1.77961734201E-02
1.69748115699E-02
1.61373445855E-02
1.45751465567E-02
1.19661147974E-02
1.02106551569E-02
8.18140823294E-03
7.10236423372E-03
6.98962829350E-03
6.78026154738E-03
6.39373832378E-03
5.12143271275E-03
3.23713199768E-03
2.81839850544E-03
2.96334471429E-03
2.85060877408E-03
2.65734716228E-03
2.56071635637E-03
1.88430071507E-03
3.22102686336E-05
-1.80377504348E-03
-2.97944984861E-03
-3.67197062424E-03
-3.43039360948E-03
-2.17419313277E-03
-8.69677253108E-04
-3.05997552020E-04
7.24731044257E-04
1.36893641693E-03
1.57830316305E-03
2.49629581911E-03
3.43039360948E-03
4.33228113122E-03
5.15364298138E-03
5.79784835406E-03
6.05553050312E-03
5.87837402564E-03
5.66900727952E-03
4.99259163821E-03
4.05849384784E-03
3.10829092315E-03
2.10977259550E-03
1.43335695420E-03
9.50202924692E-04
4.18733492237E-04
2.09366746119E-04
-2.25471880435E-04
-4.83154029505E-04
-4.02628357921E-04
-3.05997552020E-04
-2.73787283386E-04
-2.25471880435E-04
-1.44946208851E-04
1.77156477485E-04
4.50943760871E-04
6.28100238356E-04
7.73046447207E-04
7.24731044257E-04
8.05256715841E-04
9.01887521742E-04
7.89151581524E-04
6.44205372673E-04
5.63679701089E-04
5.95889969722E-04
6.28100238356E-04
4.99259163821E-04
2.89892417703E-04
8.05256715841E-05
0.00000000000E+00
-4.83154029505E-05
-9.66308059009E-05
-1.93261611802E-04
-2.73787283386E-04
-3.38207820653E-04
-3.38207820653E-04
-3.54312954970E-04
-3.70418089287E-04
-4.18733492237E-04
-4.50943760871E-04
-4.67048895188E-04
-4.50943760871E-04
-4.02628357921E-04
-3.54312954970E-04
-3.22102686336E-04
-2.89892417703E-04
-2.73787283386E-04
-2.57682149069E-04
-2.57682149069E-04
-2.57682149069E-04
-2.57682149069E-04
-2.41577014752E-04
-2.41577014752E-04
-2.25471880435E-04
-2.09366746119E-04
-1.93261611802E-04
-1.77156477485E-04
-1.61051343168E-04
-1.44946208851E-04
-1.28841074535E-04
-1.12735940218E-04
-9.66308059009E-05
-6.44205372673E-05
-4.83154029505E-05
-3.22102686336E-05
-1.61051343168E-05
1.61051343168E-05
3.22102686336E-05
4.83154029505E-05
8.05256715841E-05
9.66308059009E-05
1.28841074535E-04
1.44946208851E-04
1.61051343168E-04
