6.11995104039E-04
6.11995104039E-04
5.95889969722E-04
5.79784835406E-04
5.47574566772E-04
4.50943760871E-04
4.18733492237E-04
5.31469432455E-04
5.63679701089E-04
9.66308059009E-05
-5.47574566772E-04
-1.44946208851E-04
1.57830316305E-03
2.77008310249E-03
2.46408555047E-03
1.49777749146E-03
7.40836178574E-04
3.70418089287E-04
5.15364298138E-04
1.04683373059E-03
1.88430071507E-03
2.85060877408E-03
3.39818334085E-03
3.09218578883E-03
1.51388262578E-03
-3.05997552020E-04
-1.38504155125E-03
-2.70566256523E-03
-3.96186304194E-03
-1.72324937190E-03
2.23861367004E-03
1.90040584938E-03
-2.17419313277E-03
-4.39670166849E-03
-2.41577014752E-03
1.48167235715E-03
5.50795593635E-03
9.03498035174E-03
1.03717065000E-02
6.36152805514E-03
-1.22399020808E-03
-6.53868453263E-03
-6.26489724924E-03
2.25471880435E-04
8.08477742704E-03
1.14024350963E-02
6.08774077176E-03
-8.58403659087E-03
-2.38355987889E-02
-3.02454422470E-02
-2.22572956258E-02
-5.47574566772E-04
2.28853958642E-02
3.33215229015E-02
2.21928750886E-02
-1.19177993944E-03
-2.43348579527E-02
-3.69451781228E-02
-2.85544031437E-02
-5.65290214520E-03
1.90040584938E-02
3.79920118534E-02
4.62539457579E-02
3.65425497649E-02
1.01784448882E-02
-2.00025768215E-02
-4.02467306577E-02
-2.99877600979E-02
-2.01314178960E-03
9.72750112736E-03
1.55736648844E-02
3.61721316756E-02
5.59492366166E-02
5.43548283193E-02
2.85705082780E-02
-1.25297944985E-02
-6.58861044901E-02
-1.01752238614E-01
-9.33936739032E-02
-3.65586548992E-02
3.05192295304E-02
5.83489016298E-02
4.95716034272E-02
2.57198995040E-02
2.38355987889E-03
-9.22824196354E-03
-5.23416865297E-03
2.21606648199E-02
4.90240288604E-02
4.12130387167E-02
7.29562584552E-03
-1.56058751530E-02
-1.80216453005E-02
-1.33028409457E-02
-8.27803903885E-03
-1.90362687625E-02
-5.31308381112E-02
-7.63222315274E-02
-6.65303098628E-02
-1.27230561103E-02
6.82535592347E-02
1.01961605360E-01
5.18585325002E-02
-3.19203762159E-02
-7.91889454358E-02
-7.62417058558E-02
-5.60619725569E-02
-2.04696257167E-02
3.56084519745E-02
8.48096373124E-02
9.13161115764E-02
5.87193197191E-02
8.87392900857E-03
-2.76364104877E-02
-2.91180828448E-02
-1.20788507376E-03
2.45442246988E-02
3.04548089931E-02
1.98898408813E-02
4.81543516073E-03
-8.64845712813E-03
-1.74740707337E-02
-1.55897700187E-02
-1.55414546157E-02
-3.10829092315E-02
-4.75423565033E-02
-3.75732783611E-02
2.44798041616E-03
3.19203762159E-02
2.51562198029E-02
-1.64272370032E-03
-1.81988017780E-02
-1.22560072151E-02
-2.25471880435E-03
-6.49036912968E-03
-1.38987309154E-02
8.37466984475E-04
5.09405398441E-02
8.46807962378E-02
3.64137086903E-02
-4.84925594279E-02
-1.12446047800E-01
-9.85795271533E-02
2.44153836243E-02
1.09337756877E-01
7.02022804870E-02
-4.96038136958E-03
-4.31295497004E-02
-2.34007601623E-02
5.21806351865E-03
-1.92939509116E-02
-7.95593635251E-02
-1.10545641951E-01
-6.07646717774E-02
2.82806158603E-02
8.34890162984E-02
7.13940604265E-02
1.68781807640E-02
-3.58017135863E-02
-4.70269922051E-02
-4.79933002641E-03
5.52245055724E-02
8.60658377891E-02
8.66778328931E-02
6.78187206081E-02
3.45938285125E-02
8.79340333698E-03
6.52257939831E-03
2.09527797462E-02
1.49455646460E-02
-4.49011144753E-02
-1.22527861882E-01
-1.33447142949E-01
-5.25510532758E-02
1.28841074535E-02
5.37911486182E-03
-2.01797332990E-02
-2.43187528184E-03
5.39683050957E-02
8.55021580880E-02
4.89918185918E-02
-4.36449139986E-03
-8.98666494879E-03
3.08735424853E-02
8.55987888939E-02
1.13219094247E-01
9.17187399343E-02
2.71371513238E-02
-4.37898602074E-02
-7.62900212588E-02
-7.35199381563E-02
-5.35012562005E-02
-2.69277845777E-02
-1.46234619597E-02
-2.97622882175E-02
-3.68485473169E-02
2.33524447594E-03
9.81768987953E-02
1.39937512079E-01
5.49668234233E-02
-5.66256522579E-02
-1.11383108935E-01
-6.63048379823E-02
4.09070411647E-03
1.78928042260E-02
-2.89892417703E-03
-2.29498164015E-02
-2.16453005218E-02
-3.23713199768E-03
9.32487276944E-03
9.71139599304E-03
1.23365328867E-02
2.08883592089E-02
3.15338529923E-02
3.58822392579E-02
2.90858725762E-02
7.92372608388E-03
-2.01314178960E-02
-4.61734200863E-02
-6.09257231205E-02
-4.73168846228E-02
-3.58661341236E-02
-6.26972878954E-02
-1.19806094183E-01
-1.49165754042E-01
-1.31482316563E-01
-1.10545641951E-01
-1.08162082072E-01
-1.08129871803E-01
-8.25710236423E-02
2.91180828448E-02
1.63998582748E-01
1.63161115764E-01
5.22450557238E-02
-5.74309089738E-02
-1.19290729885E-01
-1.17792952393E-01
-2.53494814147E-02
8.31185982091E-02
1.10851639503E-01
8.63074148038E-02
5.59492366166E-02
2.69277845777E-02
7.93983121819E-03
2.74753591445E-02
1.15280551440E-01
2.08738645880E-01
2.10655156864E-01
1.51629839593E-01
9.48753462604E-02
3.71062294660E-02
-3.67680216453E-02
-1.08822392579E-01
-1.47973974103E-01
-1.54963602396E-01
-1.47764607357E-01
-1.10545641951E-01
-5.33402048573E-02
-3.20653224248E-02
-5.34529407975E-02
-1.01703923211E-01
-1.63853636539E-01
-2.21944856020E-01
-2.61611801842E-01
-2.67586806674E-01
-1.87109450493E-01
-2.16453005218E-02
1.23381434001E-01
1.35234812858E-01
5.40166204986E-02
-3.00038652322E-02
-6.13927720157E-02
-3.57211879147E-02
3.23391097082E-02
8.82561360562E-02
1.00995297301E-01
8.34890162984E-02
6.27939187013E-02
6.68040971462E-02
9.34903047091E-02
1.26296463313E-01
1.59617986214E-01
2.00653868453E-01
2.53172711460E-01
2.75607163564E-01
2.41963537976E-01
1.71986729369E-01
1.05182632223E-01
7.08948012626E-02
5.97661534497E-02
3.55279263029E-02
-3.57533981833E-02
-1.28969915609E-01
-1.90121110610E-01
-2.22186433035E-01
-2.11814726535E-01
-1.62452489854E-01
-1.17519165110E-01
-8.47291116408E-02
-8.04612510468E-02
-1.05778522193E-01
-1.33012304323E-01
-1.51307736907E-01
-1.64079108420E-01
-1.63402692778E-01
-1.36925851962E-01
-5.83489016298E-02
3.64620240933E-02
1.02863492882E-01
1.64433421375E-01
2.32815821684E-01
2.69583843329E-01
2.62755266379E-01
2.08207176448E-01
1.08790182310E-01
3.25323713200E-03
-9.68401726470E-02
-1.94469496876E-01
-2.74093280938E-01
-2.76653997294E-01
-2.20302132320E-01
-1.58587257618E-01
-1.09579333892E-01
-7.79649552277E-02
-7.27146814404E-02
-9.10745345616E-02
-1.17148747021E-01
-1.14652451201E-01
-6.94614443084E-02
-2.43509630870E-02
1.97448946724E-02
9.80158474522E-02
1.85225149778E-01
2.11750305998E-01
2.21799909811E-01
2.82049217290E-01
3.82287573278E-01
4.71010758230E-01
5.07666043935E-01
5.05958899697E-01
4.89692714037E-01
4.36046511628E-01
3.52154866972E-01
2.71017200283E-01
2.04953939316E-01
1.42820331122E-01
6.88011338015E-02
-1.21593764092E-02
-8.99954905624E-02
-1.66011724538E-01
-2.27549442762E-01
-2.54445017071E-01
-2.57231205308E-01
-2.27017973330E-01
-1.57395477678E-01
-8.11054564195E-02
-1.07260194550E-02
5.85743735103E-02
1.09160600399E-01
1.21883656510E-01
1.12896991561E-01
7.15229015010E-02
-2.50434838627E-02
-1.41000450944E-01
-2.42656058752E-01
-3.03146943246E-01
-3.21458480964E-01
-3.22795207112E-01
-3.03694517812E-01
-2.56844682085E-01
-2.14987437995E-01
-1.89750692521E-01
-1.51259421504E-01
-1.00560458674E-01
-5.73825935708E-02
-1.91167944341E-02
1.04361270373E-02
2.35457063712E-02
2.33524447594E-02
4.82831926818E-02
1.02525285061E-01
1.45010629389E-01
1.68781807640E-01
1.91473941893E-01
2.25842298525E-01
2.58696772531E-01
2.37486310636E-01
1.58216839528E-01
6.41145397153E-02
-3.07124911422E-02
-1.09531018489E-01
-1.51774785802E-01
-1.41064871481E-01
-7.48888745732E-02
3.11956451717E-02
1.02799072344E-01
1.00640984346E-01
5.56754493332E-02
6.92520775623E-04
-6.54190555949E-02
-1.36185015783E-01
-2.00653868453E-01
-2.56055530503E-01
-3.01294852799E-01
-3.09588996972E-01
-2.73062552342E-01
-2.26035560137E-01
-1.98672936932E-01
-1.69989692714E-01
-9.72750112736E-02
7.42607743349E-02
2.89248212330E-01
4.12822907943E-01
4.61863041938E-01
5.02367454745E-01
5.17925014495E-01
4.93477420602E-01
4.41651098370E-01
3.77600979192E-01
2.94192488565E-01
1.90765315983E-01
5.49185080204E-02
-1.03539908523E-01
-2.58100882561E-01
-4.00776267474E-01
-5.35785608452E-01
-6.28068028087E-01
-6.83067061779E-01
-7.16018166592E-01
-7.24586098048E-01
-7.16114797397E-01
-6.97336210784E-01
-6.39100045094E-01
-4.97036655286E-01
-2.67570701540E-01
2.23056110288E-02
2.91100302777E-01
4.40105005476E-01
5.23722862849E-01
5.92878309605E-01
6.25410680925E-01
6.20804612510E-01
5.86548991819E-01
5.35318559557E-01
4.61637570057E-01
3.68372737229E-01
2.49017586807E-01
1.17841267796E-01
8.66456226245E-03
-7.00090188752E-02
-1.21948077047E-01
-1.47861238163E-01
-1.39808671004E-01
-9.24595761129E-02
-5.71571216904E-02
-4.92172904722E-02
-2.02441538362E-02
4.19860851640E-02
9.54068156928E-02
9.93364684661E-02
6.02976228822E-02
7.52109772596E-03
-5.88320556593E-02
-1.39454358049E-01
-1.92665721832E-01
-1.87721445597E-01
-1.24154480448E-01
-3.26128969916E-02
4.71880435483E-03
-3.25323713200E-02
-9.62925980803E-02
-1.33801455904E-01
-1.55253494814E-01
-1.93535399085E-01
-2.49194743284E-01
-2.91132513045E-01
-2.81501642724E-01
-1.63998582748E-01
2.49629581911E-03
1.08902918250E-01
1.71954519101E-01
1.97819364814E-01
1.71326418862E-01
1.03378857180E-01
2.73465180700E-02
-6.39212781035E-02
-1.59054306513E-01
-2.10268633640E-01
-1.98463570186E-01
-9.89821555112E-02
7.07337499195E-02
2.02393222959E-01
3.19332603234E-01
4.37785866134E-01
5.06023320234E-01
5.50022547188E-01
5.90849062681E-01
5.97081749662E-01
5.31002383560E-01
3.85315338530E-01
2.23571474586E-01
8.25388133737E-02
-5.33724151259E-02
-1.76351220769E-01
-2.80937963023E-01
-3.92868646525E-01
-5.04042388714E-01
-5.41551246537E-01
-5.09904657605E-01
-4.22324937190E-01
-3.18350190041E-01
-2.66572183212E-01
-2.20044450171E-01
-1.21271661406E-01
2.14359337757E-02
1.18807575855E-01
1.57186110932E-01
1.62677961734E-01
1.49729433743E-01
1.25974360626E-01
1.15312761708E-01
1.31144108742E-01
1.62742382271E-01
1.78138890678E-01
1.72953037428E-01
1.64272370032E-01
1.57572634156E-01
1.43690008375E-01
1.10094698190E-01
6.92037621594E-02
2.54783224892E-02
-1.97448946724E-02
-7.39708819172E-02
-1.39534883721E-01
-2.16259743606E-01
-2.79053662308E-01
-2.97300779489E-01
-2.89038845584E-01
-2.66684919152E-01
-2.20012239902E-01
-1.97706628873E-01
-1.73983766025E-01
-9.82413193326E-02
-5.36300972750E-03
7.04438575018E-02
9.46981897829E-02
6.38246472976E-02
-1.77156477485E-04
-6.87206081299E-02
-1.10336275205E-01
-9.37640919925E-02
-4.99098112478E-02
-8.69677253108E-03
5.78818527347E-02
1.17712426722E-01
1.35798492559E-01
1.35685756619E-01
1.38278683244E-01
1.49584487535E-01
1.75352702442E-01
1.95870643561E-01
1.98399149649E-01
1.87930812343E-01
1.67622237969E-01
1.35540810410E-01
1.01816659151E-01
6.87850286671E-02
4.02950460607E-02
2.77813566965E-02
3.84429556142E-02
8.10732461509E-02
1.44398634285E-01
1.70923790504E-01
1.25024157701E-01
3.80886426593E-02
-5.31791535141E-02
-1.24782580687E-01
-1.68330863879E-01
-2.07063711911E-01
-2.61869483991E-01
-2.96704889519E-01
-2.96914256265E-01
-2.55443535399E-01
-1.57347162275E-01
-3.89261096438E-02
5.58042904078E-02
1.05472524641E-01
1.07775558848E-01
8.14275591058E-02
3.20653224248E-02
-1.71680731817E-02
-4.75101462346E-02
-8.85943438768E-02
-1.49391225923E-01
-1.99671455260E-01
-2.24376731302E-01
-2.10123687432E-01
-1.39856986407E-01
-4.88790826515E-02
9.85634220189E-03
4.08909360304E-02
7.17000579785E-02
9.45532435741E-02
1.10529536816E-01
1.24331636926E-01
1.11721316756E-01
7.20060555305E-02
3.12117503060E-02
-1.12735940218E-03
-2.82645107260E-02
-4.45951169233E-02
-3.84590607486E-02
3.15660632610E-03
1.11640791084E-01
2.05839721703E-01
1.99913032275E-01
1.19983250660E-01
2.66862075630E-02
-2.76686207563E-02
-4.66082587129E-02
-4.30168137602E-02
-1.93261611802E-02
4.62217354893E-03
1.31095793339E-02
3.02776525156E-03
-3.71867551375E-02
-8.97217032790E-02
-1.18791470721E-01
-1.18888101527E-01
-9.97390968241E-02
-8.11215615538E-02
-6.51935837145E-02
-3.49803517361E-02
2.13876183727E-02
6.70295690266E-02
7.73046447207E-02
6.06197255685E-02
3.45455131096E-02
2.09366746119E-02
1.61856599884E-02
-2.22250853572E-03
-5.02963344714E-02
-1.05891258133E-01
-1.24573213941E-01
-1.02493074792E-01
-5.92024737486E-02
-2.68150486375E-02
-2.38355987889E-02
-3.79598015847E-02
-5.89770018682E-02
-7.46472975585E-02
-8.45036397604E-02
-9.77259550345E-02
-1.12864781292E-01
-1.15425497649E-01
-9.69690137216E-02
-5.73020678992E-02
7.50499259164E-03
8.64040456097E-02
1.42981382465E-01
1.56944533917E-01
1.39196675900E-01
9.35225149778E-02
5.58848160794E-02
6.93487083682E-02
1.49954905624E-01
2.67828383689E-01
3.39399600593E-01
3.42073052889E-01
3.11489402822E-01
2.47101075823E-01
1.45976937448E-01
3.84590607486E-02
-5.31952586485E-02
-1.10883849771E-01
-1.21239451137E-01
-8.02357791664E-02
-2.24183469690E-02
-6.32931778651E-03
-1.99381562842E-02
-3.74605424209E-02
-5.42259872447E-02
-7.34072022161E-02
-9.39251433357E-02
-1.25104683373E-01
-1.61196289377E-01
-1.99268826902E-01
-2.44653095407E-01
-2.80921857888E-01
-2.49774528120E-01
-1.24331636926E-01
4.68015203247E-02
2.66250080526E-01
4.26238484829E-01
3.95219996135E-01
2.53188816595E-01
1.15296656574E-01
-8.05256715841E-03
-1.03217805837E-01
-1.51694260130E-01
-1.73307350383E-01
-1.94823809831E-01
-2.24022418347E-01
-2.57843200412E-01
-2.69245635509E-01
-2.23152741094E-01
-1.33189460800E-01
-1.06293886491E-02
1.84741995748E-01
3.63299619919E-01
4.23822714681E-01
4.18057076596E-01
4.09263673259E-01
4.05929910455E-01
3.92868646525E-01
3.59273336340E-01
2.95174901759E-01
2.06822134897E-01
1.06084519745E-01
2.96334471429E-03
-9.30071506796E-02
-1.65335308896E-01
-2.15792694711E-01
-2.37212523352E-01
-2.25294723958E-01
-2.19915609096E-01
-2.46811183405E-01
-2.89521999613E-01
-3.55971783805E-01
-4.28299942022E-01
-4.52973007795E-01
-4.14916575404E-01
-3.14549378342E-01
-1.83662951749E-01
-5.71571216904E-02
5.16652708884E-02
1.11495844875E-01
1.18372737229E-01
1.01607292405E-01
9.87566836307E-02
1.21287766540E-01
1.53320878696E-01
1.75562069188E-01
1.80506345423E-01
1.76963215873E-01
1.75191651098E-01
1.68620756297E-01
1.36845326290E-01
6.64175739226E-02
-3.61721316756E-02
-1.49906590221E-01
-2.48244540359E-01
-3.23052889261E-01
-3.92047284674E-01
-4.20263479997E-01
-4.09150937319E-01
-4.06123172067E-01
-4.16865296657E-01
-4.20553372415E-01
-4.06751272306E-01
-3.60078593055E-01
-3.00570121755E-01
-2.55427430265E-01
-2.26953552793E-01
-2.08835276686E-01
-1.96659795143E-01
-1.79556142498E-01
-1.41934548734E-01
-7.14423758294E-02
1.99864716872E-02
1.55317915351E-01
3.21941634993E-01
4.35611673001E-01
5.07376151517E-01
5.45915737937E-01
5.61843715777E-01
5.71216903949E-01
5.72279842814E-01
5.66337048251E-01
5.53146943246E-01
5.20936674612E-01
4.66356374412E-01
4.03659086517E-01
3.38578238743E-01
2.69100689300E-01
1.96724215680E-01
1.28309605102E-01
7.17161631128E-02
3.63009727501E-02
1.84564839271E-02
9.66308059009E-03
-7.37615151710E-03
-4.29684983573E-02
-9.05913805321E-02
-1.22302390002E-01
-1.26248147910E-01
-1.15876441410E-01
-9.91432068543E-02
-6.38246472976E-02
-1.81021709721E-02
8.45519551633E-03
-3.36597307222E-03
-5.20517941120E-02
-1.10593957354E-01
-1.59682406751E-01
-2.01958384333E-01
-2.45732139406E-01
-2.90907041165E-01
-3.37466984475E-01
-3.72399020808E-01
-3.65989177350E-01
-3.18366295175E-01
-2.55733427817E-01
-1.86449139986E-01
-1.16424015976E-01
-4.71397281453E-02
2.29176061328E-02
8.77729820267E-02
1.36249436320E-01
1.78557624171E-01
2.28918379179E-01
2.64414095214E-01
2.69455002255E-01
2.52657347162E-01
2.04325839077E-01
1.26682986536E-01
4.71236230110E-02
-2.76847258906E-02
-8.55826837596E-02
-9.69045931843E-02
-6.59344198931E-02
-7.71435933776E-03
4.75423565033E-02
7.81904271082E-02
8.73864588031E-02
7.26341557689E-02
2.21284545513E-02
-4.89757134575E-02
-1.15570443858E-01
-1.53063196547E-01
-1.51098370160E-01
-1.06326096760E-01
-3.05353346647E-02
4.63827868324E-02
1.29501385042E-01
2.18723829157E-01
3.01842427366E-01
3.56760935386E-01
3.68533788572E-01
3.52573600464E-01
3.07366488437E-01
2.10413579849E-01
1.00802035689E-01
2.02602589706E-02
-5.25188430072E-02
-1.29453069639E-01
-1.97497262127E-01
-2.23249371900E-01
-2.03472266959E-01
-1.56976744186E-01
-9.66791213039E-02
-4.33872318495E-02
-8.69677253108E-04
5.43065129163E-02
1.27923081879E-01
1.83856213361E-01
1.92601301295E-01
1.64884365136E-01
1.13653932874E-01
5.97983637184E-02
1.38665206468E-02
-2.75075694131E-02
-6.38407524319E-02
-9.51652386781E-02
-1.11189847323E-01
-1.10883849771E-01
-1.06728725118E-01
-9.93203633318E-02
-8.36339625072E-02
-5.06989628294E-02
-1.62661856600E-03
4.63988919668E-02
8.29736520003E-02
1.03330541777E-01
1.07163563744E-01
9.47787154545E-02
5.82361656896E-02
2.22250853572E-03
-5.25671584101E-02
-1.00769825420E-01
-1.26602460865E-01
-1.25958255492E-01
-9.34741995748E-02
-2.45925401018E-02
4.80738259357E-02
8.84332925337E-02
9.46337692456E-02
9.12677961734E-02
9.26045223217E-02
1.00302776525E-01
1.03684854732E-01
9.00115956967E-02
4.64472073697E-02
-1.80699607035E-02
-9.48270308574E-02
-1.74998389487E-01
-2.37631256845E-01
-2.80905752754E-01
-2.96849835728E-01
-2.94562906655E-01
-2.84303936095E-01
-2.45136249436E-01
-1.70505057012E-01
-7.95110481221E-02
1.44946208851E-02
8.16852412549E-02
8.92546543838E-02
4.44984861174E-02
-4.03755717323E-02
-1.29018231012E-01
-1.96933582426E-01
-2.47890227404E-01
-2.85238033885E-01
-2.92662500805E-01
-2.75607163564E-01
-2.31301939058E-01
-1.75690910262E-01
-1.25877729820E-01
-8.51156348644E-02
-5.82361656896E-02
-4.12291438511E-02
-2.22089802229E-02
1.19983250660E-02
5.72698576306E-02
1.02090446434E-01
1.45058944792E-01
1.86577981060E-01
2.14149971011E-01
2.33443921922E-01
2.58261933905E-01
2.81936481350E-01
2.97751723249E-01
3.02116214649E-01
2.85624557109E-01
2.50177156477E-01
2.10574631192E-01
1.80345294080E-01
1.63821426271E-01
1.46025252851E-01
1.23816272628E-01
9.98035173613E-02
6.77543000709E-02
3.22907943052E-02
-7.18288990530E-03
-5.58526058107E-02
-1.07791663982E-01
-1.65560780777E-01
-2.25181988018E-01
-2.85688977646E-01
-3.48563422019E-01
-3.97684081685E-01
-4.08184629260E-01
-3.89341622109E-01
-3.35163950267E-01
-2.64703987631E-01
-2.04454680152E-01
-1.48747020550E-01
-9.39573536043E-02
-5.38233588868E-02
-1.12252786188E-02
3.97152612253E-02
9.08812729498E-02
1.40275719900E-01
1.85112413838E-01
2.07418024866E-01
2.00508922244E-01
1.73693873607E-01
1.32062101398E-01
8.59208915802E-02
5.39521999613E-02
3.00843909038E-02
-1.85209044643E-03
-2.54139019519E-02
-3.26451072602E-02
-3.24840559170E-02
-3.05353346647E-02
-2.67667332346E-02
-2.23056110288E-02
-1.33672614830E-02
9.13161115764E-03
4.12291438511E-02
7.81421117052E-02
1.07582297236E-01
1.16391805708E-01
1.09305546608E-01
8.94962313986E-02
5.54660825871E-02
1.65721832120E-02
-1.84725890614E-02
-4.86375056368E-02
-7.39547767828E-02
-9.15576885911E-02
-1.00818140823E-01
-9.26367325903E-02
-5.42420923791E-02
6.65142047285E-03
6.70295690266E-02
1.25668363074E-01
1.84403787928E-01
2.37180313084E-01
2.62127166141E-01
2.59888552471E-01
2.35924112607E-01
1.90362687625E-01
1.33994717516E-01
8.02679894350E-02
2.81034593829E-02
-2.33524447594E-02
-6.59022096244E-02
-9.85795271533E-02
-1.25120788507E-01
-1.36829221156E-01
-1.30596534175E-01
-1.11560265413E-01
-9.01565419056E-02
-7.68214906912E-02
-7.16517425755E-02
-7.59357083038E-02
-8.79501385042E-02
-1.07791663982E-01
-1.33511563486E-01
-1.57202216066E-01
-1.75771435934E-01
-1.82616118018E-01
-1.64143528957E-01
-1.20836822779E-01
-7.13296398892E-02
-3.48676157959E-02
-4.38059653418E-03
3.29349996779E-02
8.22489209560E-02
1.38021001095E-01
1.80345294080E-01
1.95435804935E-01
1.91361205952E-01
1.77977839335E-01
1.60761450750E-01
1.40468981511E-01
1.19773883914E-01
9.94492044064E-02
7.90439992270E-02
6.54351607292E-02
5.99110996586E-02
5.85099529730E-02
5.92829994202E-02
6.44849578045E-02
7.33105714102E-02
7.96076789280E-02
7.82709527797E-02
7.30528892611E-02
6.91232364878E-02
6.63048379823E-02
5.82683759583E-02
4.19377697610E-02
2.25955034465E-02
4.07459898216E-03
-1.28680023191E-02
-2.96656574116E-02
-4.50299555498E-02
-5.71893319590E-02
-6.74321973845E-02
-7.89795786897E-02
-8.98827546222E-02
-9.30554660826E-02
-8.51156348644E-02
-6.12478258069E-02
-2.80390388456E-02
9.66308059009E-04
1.48328287058E-02
1.75062810024E-02
1.58957675707E-02
1.14668556336E-02
1.33350512143E-02
2.99072344263E-02
5.11015911873E-02
6.61437866392E-02
7.37615151710E-02
7.06210139793E-02
6.34059138053E-02
5.76402757199E-02
5.13270630677E-02
4.58835276686E-02
4.41924885654E-02
4.45951169233E-02
4.46756425949E-02
4.44340655801E-02
4.40314372222E-02
3.75893834955E-02
1.45751465567E-02
-2.11782516266E-02
-5.70282806159E-02
-9.11872705018E-02
-1.22656702957E-01
-1.37715003543E-01
-1.34332925337E-01
-1.24975842299E-01
-1.18533788572E-01
-1.19741673646E-01
-1.26248147910E-01
-1.31852734652E-01
-1.30258326354E-01
-1.21980287316E-01
-1.13718353411E-01
-1.04264639567E-01
-9.22663145011E-02
-8.13792437029E-02
-7.58390774979E-02
-6.39212781035E-02
-3.76054886298E-02
-6.49036912968E-03
2.23217161631E-02
4.52232171616E-02
5.11015911873E-02
3.99407331057E-02
2.39000193262E-02
1.67976550924E-02
2.15164594473E-02
3.57533981833E-02
5.79945886749E-02
8.08155640018E-02
9.49880822006E-02
1.00673194614E-01
1.09772595503E-01
1.22302390002E-01
1.28245184565E-01
1.26248147910E-01
1.15876441410E-01
9.86922630935E-02
8.09282999420E-02
6.39373832378E-02
4.49011144753E-02
2.39000193262E-02
8.60014172518E-03
-1.93261611802E-04
-7.66604393481E-03
-1.32545255427E-02
-1.42208336018E-02
-1.40114668556E-02
-1.77800682858E-02
-2.14681440443E-02
-1.91812149713E-02
-4.57385814598E-03
2.23539264317E-02
4.73652000258E-02
5.58365006764E-02
4.82348772789E-02
3.30638407524E-02
1.80055401662E-02
7.73046447207E-03
-3.22102686336E-04
-9.77581653031E-03
-2.34651806996E-02
-4.03111511950E-02
-5.52889261096E-02
-6.50486375056E-02
-7.10558526058E-02
-8.16530309863E-02
-1.00560458674E-01
-1.22350705405E-01
-1.34429556142E-01
-1.32013785995E-01
-1.13670038008E-01
-8.21845004187E-02
-5.02802293371E-02
-2.26438188494E-02
-1.04200219030E-02
-1.25297944985E-02
-1.97448946724E-02
-2.82000901888E-02
-3.41912001546E-02
-3.41912001546E-02
-2.19512980738E-02
4.54164787734E-03
3.42234104232E-02
6.18598209109E-02
8.73864588031E-02
1.01172453778E-01
1.02058236166E-01
9.21052631579E-02
6.73033563100E-02
3.65264446305E-02
7.74656960639E-03
-2.11782516266E-02
-4.93783418154E-02
-6.89138697417E-02
-6.91393416221E-02
-5.23577916640E-02
-3.17754300071E-02
-1.97609998067E-02
-1.37537847066E-02
-1.26747407073E-02
-1.99059460156E-02
-3.14694324551E-02
-3.98924177028E-02
-4.08587257618E-02
-3.86040069574E-02
-3.65103394962E-02
-3.75571732268E-02
-4.54647941764E-02
-6.02976228822E-02
-8.15725053147E-02
-1.04264639567E-01
-1.16488436514E-01
-1.09176705534E-01
-8.00264124203E-02
-4.37576499388E-02
-1.01301294853E-02
2.35457063712E-02
5.41776718418E-02
6.64497841912E-02
5.99755201958E-02
4.30329188945E-02
2.65412613541E-02
2.27726599240E-02
3.49320363332E-02
5.77369065258E-02
7.64349674676E-02
8.45197448947E-02
8.14436642402E-02
6.69007279521E-02
4.27752367455E-02
2.39322295948E-02
1.86497455389E-02
1.84242736584E-02
1.59762932423E-02
1.14346453649E-02
5.78174321974E-03
1.11125426786E-03
3.52702441538E-03
1.18211685885E-02
1.46073568254E-02
5.68511241384E-03
-1.54287186755E-02
-4.22276621787E-02
-6.06680409715E-02
-6.37119113573E-02
-5.69799652129E-02
-4.24048186562E-02
-2.18546672679E-02
-4.83154029505E-03
2.54461122206E-03
-2.33524447594E-03
-1.88752174193E-02
-3.48193003930E-02
-4.06493590157E-02
-3.24357405141E-02
-7.66604393481E-03
2.73465180700E-02
6.15860336275E-02
8.59853121175E-02
8.90452876377E-02
7.49855053791E-02
5.36784126780E-02
3.61238162726E-02
2.37067577144E-02
8.47130065065E-03
-8.14919796431E-03
-2.05984667912E-02
-2.90214520389E-02
-3.56406622431E-02
-3.81691683309E-02
-3.31765766926E-02
-2.11460413580E-02
-1.09837016041E-02
-1.61051343168E-04
1.79733298976E-02
4.05044128068E-02
6.22624492688E-02
7.79649552277E-02
8.34568060298E-02
8.35695419700E-02
8.31669136121E-02
8.22006055531E-02
7.80454808993E-02
7.17966887844E-02
6.61759969078E-02
6.12317206726E-02
5.25027378728E-02
3.64298138246E-02
1.19983250660E-02
-1.53320878696E-02
-4.14546157315E-02
-6.71261998325E-02
-8.87876054886E-02
-9.74682728854E-02
-9.14932680539E-02
-7.67892804226E-02
-5.63518649746E-02
-3.31121561554E-02
-8.71287766540E-03
1.48811441087E-02
3.84107453456E-02
6.21336081943E-02
8.42781678799E-02
9.82735296012E-02
9.97390968241E-02
8.64684661470E-02
6.39695935064E-02
4.11325130452E-02
1.97448946724E-02
-1.93261611802E-03
-2.10010951491E-02
-3.35308896476E-02
-3.84268504799E-02
-4.01662049861E-02
-3.99407331057E-02
-3.57211879147E-02
-2.54622173549E-02
-1.21432712749E-02
-2.57682149069E-03
-3.04387038588E-03
-1.58474521678E-02
-3.13405913805E-02
-4.42569091026E-02
-5.49990336919E-02
-6.03781485538E-02
-6.37119113573E-02
-7.33749919474E-02
-8.69677253108E-02
-1.02283708046E-01
-1.13734458545E-01
-1.12993622367E-01
-9.63892288862E-02
-6.74644076532E-02
-3.56245571088E-02
-4.97648650390E-03
2.48502222509E-02
4.83798234877E-02
5.62713393030E-02
5.47252464086E-02
5.13270630677E-02
4.09231462990E-02
2.39483347291E-02
6.32931778651E-03
-1.21271661406E-02
-2.85866134124E-02
-3.91032661212E-02
-4.98292855762E-02
-6.63209431167E-02
-8.44070089545E-02
-9.59866005282E-02
-9.66308059009E-02
-8.77890871610E-02
-7.54203440057E-02
-6.24879211493E-02
-5.05379114862E-02
-3.70418089287E-02
-1.73774399278E-02
4.04238871352E-03
2.18546672679E-02
3.19364813503E-02
3.53346646911E-02
3.52380338852E-02
3.75893834955E-02
4.22759775817E-02
4.61734200863E-02
4.56741609225E-02
3.82013785995E-02
2.51723249372E-02
1.14024350963E-02
6.60310506990E-04
-4.60606841461E-03
-3.89744250467E-03
1.75545964053E-03
9.92076273916E-03
1.86658506732E-02
2.56071635637E-02
2.64768408169E-02
1.87302712105E-02
4.89596083231E-03
-1.28518971848E-02
-3.05836500676E-02
-4.81382464730E-02
-6.86400824583E-02
-8.78535076983E-02
-9.88533144366E-02
-1.00238355988E-01
-9.27977839335E-02
-7.60323391097E-02
-5.22611608581E-02
-2.62030535335E-02
-9.01887521742E-04
2.41577014752E-02
4.95071828899E-02
7.44218256780E-02
9.47626103202E-02
1.06728725118E-01
1.13895509889E-01
1.14120981769E-01
1.05198737357E-01
9.07041164723E-02
7.38742511113E-02
5.68994395413E-02
4.17606132835E-02
2.74914642788E-02
1.59118727050E-02
7.60162339754E-03
1.43335695420E-03
-6.44205372673E-03
-1.30773690653E-02
-1.54931392128E-02
-1.36410487663E-02
-1.16118018424E-02
-1.11125426786E-02
-6.74805127875E-03
9.34097790376E-03
3.31926818270E-02
5.69799652129E-02
7.74012755266E-02
8.68066739677E-02
8.64684661470E-02
7.77555884816E-02
5.97983637184E-02
3.75410680925E-02
1.55736648844E-02
-2.12587772982E-03
-1.32223152741E-02
-2.20801391484E-02
-2.99072344263E-02
-3.56245571088E-02
-4.04238871352E-02
-4.47883785351E-02
-4.89918185918E-02
-5.33724151259E-02
-5.66900727952E-02
-5.70443857502E-02
-5.43870385879E-02
-4.55775301166E-02
-3.13405913805E-02
-1.67171294209E-02
-6.21658184629E-03
-4.30007086259E-03
-8.08477742704E-03
-1.07904399923E-02
-6.34542292083E-03
6.94131289055E-03
2.62513689364E-02
4.37415448045E-02
5.30181021710E-02
5.66578625266E-02
5.72537524963E-02
5.69155446756E-02
5.75758551826E-02
6.31321265219E-02
7.02344907557E-02
7.17161631128E-02
6.96224956516E-02
6.67557817432E-02
6.40662243123E-02
6.30516008504E-02
6.16504541648E-02
5.68672292727E-02
4.92011853379E-02
3.70901243316E-02
1.79250144946E-02
-3.63976035560E-03
-2.34168652967E-02
-3.39657282742E-02
-3.29672099465E-02
-2.45281195645E-02
-1.35283128261E-02
-3.63976035560E-03
8.21361850158E-04
-1.48167235715E-03
-4.50943760871E-03
-5.99110996586E-03
-3.44649874380E-03
1.40114668556E-03
4.54164787734E-03
4.63827868324E-03
5.02480190685E-03
8.14919796431E-03
1.76351220769E-02
3.33215229015E-02
4.83959286220E-02
5.77691167944E-02
5.91058429427E-02
5.33240997230E-02
4.51426914900E-02
3.97635766282E-02
3.63976035560E-02
3.51252979450E-02
3.23068994395E-02
2.61225278619E-02
1.62339753914E-02
1.17567480513E-03
-1.92456355086E-02
-4.14707208658E-02
-5.96695226438E-02
-7.02989112929E-02
-7.64510726019E-02
-7.94949429878E-02
-7.56297107518E-02
-6.89460800103E-02
-6.20691876570E-02
-5.26959994846E-02
-3.87167428976E-02
-2.18063518650E-02
-1.22237969465E-02
-1.31417896025E-02
-1.87785866134E-02
-2.36423371771E-02
-2.64446305482E-02
-2.93113444566E-02
-3.45133028409E-02
-4.14707208658E-02
-4.53681633705E-02
-4.09392514334E-02
-2.12587772982E-02
4.44501707144E-03
2.82000901888E-02
5.09888552471E-02
7.22798428139E-02
8.69355150422E-02
9.75487985570E-02
1.09192810668E-01
1.18582103975E-01
1.21577658958E-01
1.15570443858E-01
9.48914513947E-02
6.52096888488E-02
3.61560265413E-02
8.55182632223E-03
-1.93744765831E-02
-3.97152612253E-02
-4.68820459963E-02
-4.13096695226E-02
-2.43670682213E-02
-5.34690459318E-03
5.07311730980E-03
6.95741802487E-03
5.42743026477E-03
2.02924692392E-03
-7.11846936803E-03
-2.20157186111E-02
-3.68163370483E-02
-4.97648650390E-02
-5.81878502867E-02
-6.20530825227E-02
-6.27778135670E-02
-6.25362365522E-02
-6.26972878954E-02
-6.46137988791E-02
-6.66913612060E-02
-6.68040971462E-02
-6.53385299233E-02
-5.92024737486E-02
-5.03124396057E-02
-4.50460606841E-02
-4.56097403852E-02
-5.05057012175E-02
-5.55627133930E-02
-5.48218772145E-02
-4.68337305933E-02
-3.39496231399E-02
-1.81343812407E-02
-7.16678477098E-03
-5.68511241384E-03
-9.55034464987E-03
-1.72808091219E-02
-2.48502222509E-02
-2.85382980094E-02
-2.82323004574E-02
-2.22572956258E-02
-9.37318817239E-03
8.00425175546E-03
2.38678090575E-02
3.34825742447E-02
3.72511756748E-02
3.69451781228E-02
3.17271146041E-02
2.31913934162E-02
1.51066159892E-02
1.04200219030E-02
7.77877987502E-03
3.92965277330E-03
-1.62661856600E-03
-5.44353539909E-03
-4.39670166849E-03
2.70566256523E-03
1.38504155125E-02
2.24344521033E-02
2.35779166398E-02
1.75868066740E-02
8.19751336726E-03
-2.86671390839E-03
-1.37215744379E-02
-2.24827675063E-02
-2.88281904271E-02
-3.16626940669E-02
-3.14533273207E-02
-3.04548089931E-02
-2.42865425498E-02
-1.10803324100E-02
6.94131289055E-03
2.57198995040E-02
3.97152612253E-02
4.57385814598E-02
4.70753076081E-02
4.66404689815E-02
4.39348064163E-02
3.79275913161E-02
3.22907943052E-02
2.73143078013E-02
2.15325645816E-02
1.36732590350E-02
4.62217354893E-03
-4.99259163821E-03
-1.25781099014E-02
-1.76512272112E-02
-1.93744765831E-02
-1.90684790311E-02
-1.89879533595E-02
-2.05179411196E-02
-2.72015718611E-02
-3.69290729885E-02
-4.60445790118E-02
-4.91206596663E-02
-4.82831926818E-02
-4.54808993107E-02
-3.87489531663E-02
-2.56876892353E-02
-1.16923275140E-02
-1.93261611802E-03
8.03646202409E-03
1.72969142563E-02
2.60097919217E-02
3.73478064807E-02
5.09405398441E-02
6.18115055080E-02
6.51130580429E-02
5.96212072409E-02
4.62217354893E-02
2.76042002190E-02
1.25942150358E-02
4.54164787734E-03
7.89151581524E-04
3.57533981833E-03
1.09192810668E-02
1.85531147330E-02
2.57198995040E-02
3.17271146041E-02
3.56567673774E-02
3.60271854667E-02
3.49320363332E-02
3.00521806352E-02
1.94066868518E-02
4.13901951942E-03
-1.32062101398E-02
-2.94401855311E-02
-4.18411389551E-02
-5.27604200219E-02
-5.91219480770E-02
-5.83972170328E-02
-5.20356889776E-02
-3.81369580622E-02
-1.88752174193E-02
-1.52998776010E-03
1.05488629775E-02
1.55736648844E-02
1.38504155125E-02
1.10159118727E-02
8.95445468015E-03
1.04361270373E-02
1.68459704954E-02
2.46891709077E-02
3.18237454100E-02
3.67519165110E-02
4.05527282098E-02
4.57224763255E-02
4.99903369194E-02
4.72846743542E-02
3.53507698254E-02
1.97932100754E-02
2.01314178960E-03
-1.78283836887E-02
-3.21458480964E-02
-3.87328480320E-02
-3.93126328674E-02
-3.61077111383E-02
-3.22907943052E-02
-2.79907234426E-02
-2.01153127617E-02
-7.82709527797E-03
8.84171873993E-03
2.85221928751E-02
4.76873027121E-02
5.85743735103E-02
5.72859627649E-02
4.24531340591E-02
2.03246795078E-02
2.25471880435E-03
-5.34690459318E-03
-3.65586548992E-03
-8.21361850158E-04
-2.86671390839E-03
-1.03717065000E-02
-1.81021709721E-02
-2.01797332990E-02
-1.66527088836E-02
-7.02183856213E-03
3.05997552020E-03
5.33079945887E-03
4.34838626554E-04
-6.78026154738E-03
-1.21432712749E-02
-1.57347162275E-02
-1.70714423758E-02
-1.65882883463E-02
-1.48972492431E-02
-1.58957675707E-02
-1.73452296592E-02
-1.68298653611E-02
-1.41242027959E-02
-1.07099143207E-02
-7.44057205437E-03
-8.19751336726E-03
-9.26045223217E-03
-5.68511241384E-03
4.10680925079E-03
1.41886233331E-02
2.09044643432E-02
2.18868775366E-02
1.63145010629E-02
4.12291438511E-03
-1.17728531856E-02
-2.63318946080E-02
-3.54151903627E-02
-4.23242929846E-02
-4.44018553115E-02
-4.37415448045E-02
-4.30651291632E-02
-3.92482123301E-02
-3.16626940669E-02
-2.27887650583E-02
-1.50905108549E-02
-9.53423951556E-03
-8.03646202409E-03
-8.68066739677E-03
-8.92224441152E-03
-1.04844424403E-02
-1.46073568254E-02
-1.92939509116E-02
-2.41415963409E-02
-2.90697674419E-02
-3.25806867229E-02
-3.44005669007E-02
-3.42556206919E-02
-3.13405913805E-02
-2.42865425498E-02
-1.45107260195E-02
-5.26637892160E-03
4.84764542936E-03
1.54770340785E-02
2.18868775366E-02
1.78444888230E-02
5.00869677253E-03
-1.14990659022E-02
-2.63318946080E-02
-3.69290729885E-02
-4.27591316112E-02
-4.65760484442E-02
-4.94427623526E-02
-4.96521290988E-02
-4.44662758487E-02
-3.39979385428E-02
-1.59762932423E-02
2.59292662501E-03
1.92617406429E-02
3.62204470785E-02
4.91850802036E-02
5.38555691554E-02
5.26959994846E-02
4.62217354893E-02
3.00521806352E-02
1.10803324100E-02
-5.12143271275E-03
-1.72647039876E-02
-2.41577014752E-02
-2.69438897120E-02
-2.69277845777E-02
-2.67345229659E-02
-2.58648457128E-02
-2.13554081041E-02
-1.52193519294E-02
-9.59866005282E-03
-4.58996328029E-03
-3.59144495265E-03
-5.87837402564E-03
-5.95889969722E-03
-1.48167235715E-03
7.66604393481E-03
1.92939509116E-02
2.85221928751E-02
2.93596598596E-02
1.78605939574E-02
-1.64272370032E-03
-1.86336404046E-02
-2.94723957998E-02
-3.52863492882E-02
-3.19847967532E-02
-2.16936159248E-02
-1.23043226181E-02
-5.45964053340E-03
-4.99259163821E-04
4.62217354893E-03
1.00979192166E-02
1.35122076918E-02
1.38504155125E-02
1.26425304387E-02
9.21213682922E-03
5.39521999613E-03
3.41428847517E-03
5.49185080204E-03
1.18533788572E-02
1.92295303743E-02
2.38678090575E-02
2.74753591445E-02
3.18237454100E-02
3.59305546608E-02
4.07782000902E-02
4.63022611609E-02
4.79449848612E-02
4.31456548348E-02
3.41106744830E-02
2.05662565226E-02
4.94427623526E-03
-7.47278232300E-03
-1.12091734845E-02
-1.01140243510E-02
-9.87244733621E-03
-8.21361850158E-03
-3.60755008697E-03
1.83598531212E-03
1.09192810668E-02
2.25149777749E-02
3.11473297687E-02
3.29833150808E-02
2.97139728145E-02
2.14842491786E-02
1.11608580816E-02
3.68807575855E-03
2.73787283386E-03
6.07163563744E-03
9.13161115764E-03
1.00818140823E-02
9.69529085873E-03
8.90613927720E-03
4.62217354893E-03
-1.59440829737E-03
-6.03942536881E-03
-9.24434709785E-03
-1.23043226181E-02
-1.51227211235E-02
-1.95033176577E-02
-2.24344521033E-02
-2.10333054178E-02
-1.52837724667E-02
-5.89447915996E-03
6.16826644334E-03
2.11299362237E-02
3.58822392579E-02
4.79127745925E-02
5.96373123752E-02
7.07981704567E-02
7.06854345165E-02
5.81556400180E-02
3.57050827804E-02
9.37318817239E-03
-1.54126135412E-02
-3.94897893448E-02
-5.96534175095E-02
-6.67074663403E-02
-6.34864394769E-02
-5.56593441989E-02
-4.56580557882E-02
-3.39979385428E-02
-1.70392321072E-02
4.47722734008E-03
2.56232686981E-02
3.84590607486E-02
3.87650583006E-02
2.89731366360E-02
1.75868066740E-02
9.46981897829E-03
5.55627133930E-03
7.40836178574E-03
1.47200927656E-02
2.12587772982E-02
2.34812858339E-02
2.30786574760E-02
2.27404496554E-02
2.10816208207E-02
1.66849191522E-02
1.23687431553E-02
8.66456226245E-03
4.44501707144E-03
7.56941312891E-04
-2.30303420731E-03
1.28841074535E-04
7.56941312891E-03
1.58474521678E-02
2.25955034465E-02
2.71854667268E-02
2.89570315016E-02
2.94885009341E-02
2.89731366360E-02
2.62835792051E-02
2.44314887586E-02
2.34329704310E-02
1.91490047027E-02
1.57830316305E-02
1.18050634542E-02
5.89447915996E-03
1.49777749146E-03
-8.37466984475E-04
-1.33672614830E-03
4.34838626554E-04
3.78470656445E-03
8.22972363590E-03
1.04039167687E-02
1.00173935451E-02
6.65142047285E-03
-7.73046447207E-04
-9.58255491851E-03
-1.36571539007E-02
-1.10320170070E-02
-1.57830316305E-03
1.02428654255E-02
1.92456355086E-02
2.31108677446E-02
2.23700315661E-02
1.73774399278E-02
1.01945500225E-02
2.99555498293E-03
-5.36300972750E-03
-1.29646331250E-02
-1.79250144946E-02
-2.31913934162E-02
-3.18076402757E-02
-4.30007086259E-02
-5.09405398441E-02
-5.12787476648E-02
-4.74135154287E-02
-3.73961218837E-02
-2.63641048766E-02
-1.79411196289E-02
-1.44946208851E-02
-1.40597822586E-02
-1.21754815435E-02
-1.06615989177E-02
-7.71435933776E-03
-3.36597307222E-03
-8.69677253108E-04
-7.73046447207E-04
1.43335695420E-03
6.20047671198E-03
1.14829607679E-02
1.45590414224E-02
1.39309411840E-02
8.16530309863E-03
-9.98518327643E-04
-1.14829607679E-02
-2.09688848805E-02
-2.63479997423E-02
-2.55105327578E-02
-1.98093152097E-02
-1.45590414224E-02
-1.33511563486E-02
-1.69587064356E-02
-2.29659215358E-02
-2.75558848161E-02
-2.80390388456E-02
-2.40932809380E-02
-1.69264961670E-02
-8.24582877021E-03
-1.70714423758E-03
2.75397796818E-03
3.89744250467E-03
2.97944984861E-03
5.15364298138E-04
-1.11125426786E-03
-2.91502931134E-03
-4.38059653418E-03
-4.17122978806E-03
-1.44946208851E-04
7.68214906912E-03
1.48328287058E-02
1.93905817175E-02
2.22572956258E-02
1.98737357470E-02
1.31739998712E-02
5.71732268247E-03
-2.12587772982E-03
-9.98518327643E-03
-1.34155768859E-02
-1.28680023191E-02
-1.01945500225E-02
-5.78174321974E-03
-1.40114668556E-03
3.52702441538E-03
8.21361850158E-03
1.39470463184E-02
1.87946917477E-02
2.26599239838E-02
2.60097919217E-02
2.93757649939E-02
3.20009018875E-02
3.23874251111E-02
2.75719899504E-02
1.81021709721E-02
4.76711975778E-03
-9.77581653031E-03
-2.19351929395E-02
-3.25484764543E-02
-4.22598724473E-02
-4.94588674870E-02
-5.31630483798E-02
-5.44031437222E-02
-5.28570508278E-02
-4.92978161438E-02
-4.21954519101E-02
-3.35469947819E-02
-2.60903175932E-02
-2.02280487019E-02
-1.50905108549E-02
-1.18694839915E-02
-1.17084326483E-02
-1.22721123494E-02
-1.36410487663E-02
-1.58957675707E-02
-1.64111318688E-02
-1.56058751530E-02
-1.33511563486E-02
-1.23526380210E-02
-1.27874766476E-02
-1.30290536623E-02
-1.30290536623E-02
-1.31095793339E-02
-1.32384204084E-02
-1.32867358114E-02
-1.18372737229E-02
-9.77581653031E-03
-9.16382142627E-03
-7.29562584552E-03
-4.20344005669E-03
2.25471880435E-04
8.10088256136E-03
1.85047993300E-02
2.90375571732E-02
3.69451781228E-02
4.00695741802E-02
3.82657991368E-02
3.19203762159E-02
2.51401146686E-02
2.13070927012E-02
2.05018359853E-02
1.85531147330E-02
1.43335695420E-02
7.90762094956E-03
4.99259163821E-04
-4.71880435483E-03
-6.21658184629E-03
-4.36449139986E-03
-3.22102686336E-04
5.97500483154E-03
9.98518327643E-03
9.37318817239E-03
4.63827868324E-03
-3.17271146041E-03
-8.42298524770E-03
-9.45371384397E-03
-7.10236423372E-03
-2.70566256523E-03
9.34097790376E-04
1.65882883463E-03
1.14346453649E-03
8.53572118791E-04
-2.04535205824E-03
-6.84468208465E-03
-1.14668556336E-02
-1.50260903176E-02
-1.67493396895E-02
-1.27391612446E-02
5.15364298138E-04
1.81826966437E-02
3.03742833215E-02
3.86845326290E-02
4.34516523868E-02
4.21793467758E-02
3.68485473169E-02
2.96495522773E-02
1.80377504348E-02
6.82857695033E-03
-8.37466984475E-04
-4.30007086259E-03
-4.39670166849E-03
-3.26934226631E-03
5.47574566772E-04
5.65290214520E-03
6.89299748760E-03
4.23565032532E-03
-1.43335695420E-03
-7.10236423372E-03
-9.16382142627E-03
-8.72898279972E-03
-8.24582877021E-03
-6.23268698061E-03
-4.10680925079E-03
-2.19029826709E-03
-1.75545964053E-03
-1.12735940218E-03
2.41577014752E-03
5.34690459318E-03
6.61921020421E-03
1.11125426786E-02
1.70875475101E-02
1.95194227920E-02
1.88913225536E-02
1.82310120466E-02
1.50260903176E-02
7.89151581524E-03
-1.83598531212E-03
-1.14990659022E-02
-1.76995426142E-02
-2.13876183727E-02
-2.48985376538E-02
-2.53816916833E-02
-2.25632931779E-02
-1.75545964053E-02
-1.01784448882E-02
-2.41577014752E-03
3.59144495265E-03
8.58403659087E-03
1.07421245893E-02
9.46981897829E-03
4.55775301166E-03
-2.57682149069E-04
-7.40836178574E-04
-1.01462346196E-03
-7.52109772596E-03
-1.64433421375E-02
-2.35296012369E-02
-2.68633640405E-02
-2.76364104877E-02
-2.91663982478E-02
-2.71371513238E-02
-2.07595181344E-02
-1.38343103781E-02
-6.10384590607E-03
1.64272370032E-03
1.01945500225E-02
1.65560780777E-02
2.06950975971E-02
2.17258261934E-02
1.94872125234E-02
1.78122785544E-02
2.01314178960E-02
2.16291953875E-02
2.06306770598E-02
1.70875475101E-02
1.14024350963E-02
6.82857695033E-03
5.92668942859E-03
6.71584101011E-03
8.87392900857E-03
8.98666494879E-03
4.33228113122E-03
9.50202924692E-04
2.22250853572E-03
9.14771629195E-03
1.94872125234E-02
2.42704374154E-02
2.31591831476E-02
2.03729949108E-02
1.66043934806E-02
1.48006184372E-02
1.58152418991E-02
1.94066868518E-02
2.39966501321E-02
2.78779875024E-02
2.81839850544E-02
2.50434838627E-02
1.85370095987E-02
9.87244733621E-03
-1.49777749146E-03
-1.42208336018E-02
-2.44153836243E-02
-2.81195645172E-02
-2.73465180700E-02
-2.67345229659E-02
-2.65412613541E-02
-2.39483347291E-02
-2.00508922244E-02
-1.77639631515E-02
-1.39953617213E-02
-8.76119306835E-03
-5.31469432455E-04
1.09837016041E-02
2.18868775366E-02
3.12600657089E-02
3.85556915545E-02
4.60123687432E-02
5.16008503511E-02
5.40971461702E-02
5.32757843200E-02
5.02802293371E-02
4.47400631321E-02
3.90388455840E-02
3.60110803324E-02
3.19364813503E-02
2.49951684597E-02
1.78928042260E-02
8.34245957611E-03
-5.28248405592E-03
-1.61534497198E-02
-2.42221220125E-02
-3.23391097082E-02
-3.66874959737E-02
-3.59627649295E-02
-3.21458480964E-02
-2.32074985505E-02
-1.29485279907E-02
-1.09514913354E-03
1.20144302003E-02
2.42221220125E-02
3.37080461251E-02
3.94897893448E-02
3.98602074341E-02
3.79759067191E-02
3.64298138246E-02
3.20653224248E-02
2.47696965793E-02
1.76029118083E-02
9.74360626168E-03
2.06145719255E-03
-6.11995104039E-03
-1.28196869162E-02
-1.68781807640E-02
-1.91006892997E-02
-1.81182761064E-02
-1.56541905559E-02
-1.40114668556E-02
-1.39470463184E-02
-1.41725181988E-02
-1.41564130645E-02
-1.40919925272E-02
-1.43335695420E-02
-1.61373445855E-02
-1.83759582555E-02
-1.94066868518E-02
-2.01475230303E-02
-2.01153127617E-02
-1.97126844038E-02
-1.99542614185E-02
-2.10655156864E-02
-2.12265670296E-02
-2.17580364620E-02
-2.35457063712E-02
-2.48341171165E-02
-2.56393738324E-02
-2.65573664884E-02
-2.74270437415E-02
-2.81678799201E-02
-2.78296720995E-02
-2.47535914450E-02
-2.00186819558E-02
-1.40436771243E-02
-8.76119306835E-03
-5.31469432455E-03
-3.01166011725E-03
-1.27230561103E-03
-4.02628357921E-04
6.60310506990E-04
1.99703665529E-03
2.06145719255E-03
1.12735940218E-03
-1.27230561103E-03
-4.54164787734E-03
-7.82709527797E-03
-1.10481221413E-02
-1.28518971848E-02
-1.26908458417E-02
-1.21432712749E-02
-1.27391612446E-02
-1.35927333634E-02
-1.40919925272E-02
-1.45429362881E-02
-1.41242027959E-02
-1.27391612446E-02
-1.06454937834E-02
-8.39077497906E-03
-6.57089480126E-03
-5.39521999613E-03
-5.10532757843E-03
-4.76711975778E-03
-4.07459898216E-03
-3.15660632610E-03
-2.33524447594E-03
-1.49777749146E-03
-1.06293886491E-03
-9.01887521742E-04
-7.73046447207E-04
-9.98518327643E-04
-8.53572118791E-04
1.93261611802E-04
1.27230561103E-03
2.31913934162E-03
3.34986793790E-03
4.13901951942E-03
4.84764542936E-03
5.33079945887E-03
5.44353539909E-03
5.18585325002E-03
5.10532757843E-03
5.13753784707E-03
4.71880435483E-03
3.97796817625E-03
3.04387038588E-03
2.07756232687E-03
1.17567480513E-03
5.95889969722E-04
2.73787283386E-04
1.77156477485E-04
1.77156477485E-04
2.09366746119E-04
4.67048895188E-04
9.01887521742E-04
1.33672614830E-03
1.86819558075E-03
2.39966501321E-03
2.73787283386E-03
2.88281904271E-03
2.93113444566E-03
2.91502931134E-03
2.93113444566E-03
2.91502931134E-03
2.89892417703E-03
2.91502931134E-03
2.91502931134E-03
2.86671390839E-03
2.81839850544E-03
2.70566256523E-03
2.57682149069E-03
2.44798041616E-03
2.25471880435E-03
2.04535205824E-03
1.85209044643E-03
1.73935450622E-03
1.73935450622E-03
1.77156477485E-03
1.77156477485E-03
1.77156477485E-03
1.73935450622E-03
1.72324937190E-03
1.69103910327E-03
1.65882883463E-03
1.61051343168E-03
1.57830316305E-03
1.52998776010E-03
1.48167235715E-03
1.46556722283E-03
1.44946208851E-03
1.43335695420E-03
1.41725181988E-03
1.38504155125E-03
1.35283128261E-03
1.32062101398E-03
1.28841074535E-03
1.25620047671E-03
1.22399020808E-03
1.19177993944E-03
1.14346453649E-03
1.11125426786E-03
1.07904399923E-03
1.04683373059E-03
1.01462346196E-03
9.82413193326E-04
9.50202924692E-04
9.17992656059E-04
9.01887521742E-04
8.69677253108E-04
8.37466984475E-04
8.05256715841E-04
7.56941312891E-04
7.24731044257E-04
6.92520775623E-04
6.60310506990E-04
