1.03470397119E-04
1.03470397119E-04
1.03470397119E-04
1.03470397119E-04
8.27763176955E-05
8.27763176955E-05
8.27763176955E-05
8.27763176955E-05
8.27763176955E-05
8.27763176955E-05
6.20822382716E-05
6.20822382716E-05
6.20822382716E-05
4.13881588478E-05
4.13881588478E-05
2.06940794239E-05
2.06940794239E-05
2.06940794239E-05
2.06940794239E-05
0.00000000000E+00
2.06940794239E-05
4.13881588478E-05
2.06940794239E-05
-4.13881588478E-05
-6.20822382716E-05
-6.20822382716E-05
-6.20822382716E-05
-6.20822382716E-05
-8.27763176955E-05
-1.44858555967E-04
-1.86246714815E-04
-1.03470397119E-04
1.44858555967E-04
2.27634873663E-04
4.13881588478E-05
-4.13881588478E-05
8.27763176955E-05
2.06940794239E-04
8.27763176955E-05
-1.03470397119E-04
-1.44858555967E-04
-1.86246714815E-04
-2.48328953087E-04
-2.06940794239E-04
-1.44858555967E-04
-2.27634873663E-04
-4.55269747325E-04
-5.17351985597E-04
-1.65552635391E-04
1.86246714815E-04
4.13881588478E-05
0.00000000000E+00
-2.06940794239E-05
-2.89717111934E-04
-4.55269747325E-04
-5.17351985597E-04
-3.72493429630E-04
0.00000000000E+00
-6.20822382716E-05
-4.13881588478E-04
-3.10411191358E-04
4.13881588478E-05
8.27763176955E-05
-1.65552635391E-04
-2.48328953087E-04
-4.13881588478E-05
8.27763176955E-05
-2.27634873663E-04
-5.17351985597E-04
-6.41516462140E-04
-7.03598700412E-04
-7.65680938683E-04
-1.65552635391E-04
8.07069097531E-04
5.38046065021E-04
-3.93187509054E-04
-5.38046065021E-04
0.00000000000E+00
2.06940794239E-05
-1.24164476543E-04
-2.27634873663E-04
-3.51799350206E-04
-6.00128303292E-04
-8.07069097531E-04
-8.89845415227E-04
-1.36580924198E-03
-1.82107898930E-03
-1.63483227449E-03
-1.22095068601E-03
-8.89845415227E-04
-8.07069097531E-04
-1.05539805062E-03
-9.10539494651E-04
-6.82904620988E-04
-3.51799350206E-04
-6.00128303292E-04
-9.10539494651E-04
-7.65680938683E-04
-8.89845415227E-04
-1.26233884486E-03
-1.67622043333E-03
-1.11748028889E-03
-4.13881588478E-05
-2.48328953087E-04
-7.24292779836E-04
-1.44858555967E-04
6.41516462140E-04
4.75963826749E-04
-5.79434223869E-04
-9.72621732922E-04
-3.51799350206E-04
5.79434223869E-04
6.82904620988E-04
-4.96657906173E-04
-1.46927963910E-03
-1.53136187737E-03
-1.88316122757E-03
-2.44190137202E-03
-2.54537176914E-03
-1.96593754527E-03
-1.13817436831E-03
-7.86375018107E-04
-1.86246714815E-04
8.07069097531E-04
6.62210541564E-04
5.58740144445E-04
1.11748028889E-03
7.24292779836E-04
-2.48328953087E-04
-7.24292779836E-04
-1.17956252716E-03
-1.75899675103E-03
-1.90385530700E-03
-1.65552635391E-03
-8.27763176955E-04
-7.24292779836E-04
-1.46927963910E-03
-1.01400989177E-03
-1.65552635391E-04
-2.48328953087E-04
-5.38046065021E-04
-7.03598700412E-04
-1.38650332140E-03
-2.21426649835E-03
-1.82107898930E-03
-1.01400989177E-03
-7.03598700412E-04
-5.38046065021E-04
-1.94524346584E-03
-3.41452310494E-03
-3.58007574033E-03
-2.40051321317E-03
-6.41516462140E-04
2.06940794239E-04
3.31105270782E-04
-4.55269747325E-04
-1.40719740082E-03
-1.55205595679E-03
-2.02801978354E-03
-2.15218426008E-03
-2.02801978354E-03
-1.71760859218E-03
-3.51799350206E-04
2.27634873663E-04
-4.13881588478E-04
-6.41516462140E-04
-3.93187509054E-04
-1.32442108313E-03
-3.22827639012E-03
-2.73161848395E-03
-1.09678620947E-03
-1.15886844774E-03
-6.00128303292E-04
-8.27763176955E-05
-9.31233574074E-04
-6.20822382716E-04
7.24292779836E-04
1.44858555967E-04
-2.29704281605E-03
-2.29704281605E-03
-8.89845415227E-04
-2.19357241893E-03
-3.86979285226E-03
-3.12480599301E-03
-9.10539494651E-04
2.69023032510E-04
6.82904620988E-04
4.34575667901E-04
0.00000000000E+00
6.00128303292E-04
-8.27763176955E-05
-1.61413819506E-03
-1.94524346584E-03
-1.94524346584E-03
-1.44858555967E-03
-1.75899675103E-03
-2.62814808683E-03
-1.77969083045E-03
1.24164476543E-04
8.89845415227E-04
-9.31233574074E-04
-2.60745400741E-03
-1.84177306873E-03
-1.05539805062E-03
-1.80038490988E-03
-3.26966454897E-03
-3.66285205803E-03
-2.27634873663E-03
-4.55269747325E-04
1.07609213004E-03
-5.58740144445E-04
-3.45591126379E-03
-3.55938166091E-03
-1.48997371852E-03
-6.82904620988E-04
-1.92454938642E-03
-2.33843097490E-03
4.96657906173E-04
2.85578296050E-03
1.55205595679E-03
-1.01400989177E-03
-3.31105270782E-03
-3.89048693169E-03
-3.02133559589E-03
-2.15218426008E-03
-2.50398361029E-03
-4.07673364650E-03
-3.12480599301E-03
-7.44986859260E-04
6.00128303292E-04
1.24164476543E-03
7.65680938683E-04
-2.06940794239E-04
-1.86246714815E-04
1.36580924198E-03
1.15886844774E-03
-2.83508888107E-03
-5.77364815926E-03
-5.25629617366E-03
-4.57339155268E-03
-5.52531920618E-03
-6.16683566832E-03
-3.39382902552E-03
1.03470397119E-04
1.01400989177E-03
-1.65552635391E-04
-9.51927653498E-04
-8.27763176955E-05
7.86375018107E-04
9.93315812346E-04
-5.79434223869E-04
-3.31105270782E-03
-4.90449682346E-03
-4.38714483786E-03
-3.82840469342E-03
-2.50398361029E-03
0.00000000000E+00
4.75963826749E-04
-1.28303292428E-03
-1.05539805062E-03
5.58740144445E-04
-3.31105270782E-04
-2.19357241893E-03
-3.08341783416E-03
-2.17287833951E-03
-1.59344411564E-03
-2.35912505432E-03
-2.29704281605E-03
-2.02801978354E-03
-1.46927963910E-03
-2.44190137202E-03
-5.19421393539E-03
-7.78097386338E-03
-9.82968772634E-03
-7.76027978395E-03
-2.27634873663E-03
4.34575667901E-03
9.97454628231E-03
1.02642633942E-02
5.02866130000E-03
-2.09010202181E-03
-3.82840469342E-03
6.20822382716E-05
2.93855927819E-03
1.03470397119E-03
-2.73161848395E-03
-3.72493429630E-03
-6.82904620988E-04
2.52467768971E-03
1.63483227449E-03
-2.71092440453E-03
-6.58071725679E-03
-6.06336527120E-03
-3.49729942264E-03
-2.54537176914E-03
-1.80038490988E-03
3.84909877284E-03
1.16921548745E-02
1.10920265712E-02
-1.86246714815E-04
-1.33890693872E-02
-1.70105332864E-02
-7.30501003663E-03
3.99395732881E-03
5.23560209424E-03
-3.06272375473E-03
-1.01814870765E-02
-9.87107588519E-03
-5.79434223869E-03
-4.46992115556E-03
-1.14231318420E-02
-1.74037207955E-02
-8.15346729301E-03
8.56734888149E-03
1.42582207231E-02
5.64948368272E-03
-3.68354613745E-03
-1.01400989177E-03
8.42249032552E-03
9.51927653498E-03
-3.06272375473E-03
-1.89143885934E-02
-2.28255696045E-02
-1.12368851272E-02
4.92519090288E-03
9.41580613786E-03
-4.13881588478E-04
-1.01194048383E-02
-1.11748028889E-02
-9.16747718478E-03
-1.07816153798E-02
-1.36580924198E-02
-9.95385220288E-03
-1.53136187737E-03
4.51130931441E-03
3.24897046955E-03
-5.52531920618E-03
-1.46514082321E-02
-1.39064213728E-02
-1.90385530700E-03
5.58740144445E-03
-2.17287833951E-03
-1.40098917700E-02
-1.78176023840E-02
-1.01194048383E-02
2.71092440453E-03
8.27763176955E-03
9.51927653498E-04
-1.24785298926E-02
-1.92454938642E-02
-1.35132338638E-02
2.48328953087E-04
8.46387848437E-03
4.57339155268E-03
-3.97326324938E-03
-9.00192454939E-03
-8.83637191400E-03
-7.76027978395E-03
-7.78097386338E-03
-9.64344101153E-03
-9.27094758190E-03
-2.00732570412E-03
1.10299443329E-02
1.82314839724E-02
1.26026943691E-02
-7.24292779836E-04
-1.44237733584E-02
-2.54330236119E-02
-3.43521718436E-02
-3.62353330712E-02
-2.72334085218E-02
-7.69819754568E-03
1.10092502535E-02
1.44444674379E-02
1.80038490988E-03
-1.33476812284E-02
-1.42375266436E-02
2.81439480165E-03
2.14183722037E-02
2.29497340811E-02
7.40848043375E-03
-1.20439542247E-02
-2.20598886659E-02
-1.97628458498E-02
-1.17542371128E-02
-6.70488173334E-03
-5.89781263580E-03
-1.94524346584E-03
5.15282577655E-03
7.44986859260E-03
3.51799350206E-04
-1.27889410840E-02
-2.38809676552E-02
-2.92821223848E-02
-2.76886782691E-02
-2.12942077272E-02
-1.36167042609E-02
-5.44254288848E-03
6.95321068642E-03
2.80404776194E-02
5.01831426029E-02
5.50669453469E-02
3.60490863564E-02
5.25629617366E-03
-1.67828984128E-02
-1.72588622395E-02
-6.53932909795E-03
-4.36645075844E-03
-1.78796846222E-02
-3.04202967531E-02
-2.25151584132E-02
6.20822382716E-04
1.66794280156E-02
1.02021811560E-02
-8.50526664321E-03
-9.18817126420E-03
1.96593754527E-02
5.55636032531E-02
6.39033172609E-02
3.25931750926E-02
-1.39064213728E-02
-3.80771061399E-02
-2.54537176914E-02
1.42789148025E-03
1.11954969683E-02
-1.03470397119E-02
-4.57339155268E-02
-5.71363532893E-02
-2.92200401465E-02
1.06574509033E-02
2.78956190634E-02
1.15886844774E-02
-1.56033358856E-02
-2.23909939366E-02
6.82904620988E-04
3.73321192807E-02
6.18752974774E-02
6.41516462140E-02
5.35769716284E-02
4.72859714836E-02
5.35562775490E-02
6.47310804379E-02
6.71315936511E-02
5.64741427478E-02
4.26504976926E-02
3.63388034683E-02
3.58628396416E-02
2.57848229622E-02
-6.10475343004E-03
-5.54601328560E-02
-1.08685305134E-01
-1.52225648242E-01
-1.71657388821E-01
-1.52784388386E-01
-9.30819692486E-02
-7.88444426050E-03
7.97549820996E-02
1.51066779794E-01
1.99159820375E-01
2.27303768392E-01
2.35001965938E-01
2.14225110196E-01
1.64993895247E-01
1.08540446578E-01
6.93458601494E-02
4.46992115556E-02
7.47056267202E-03
-5.76950934338E-02
-1.35028868241E-01
-1.93262007740E-01
-2.15487449041E-01
-2.15135649691E-01
-2.20681662976E-01
-2.41272272003E-01
-2.51350288682E-01
-2.20226393229E-01
-1.47755727086E-01
-6.68418765391E-02
-1.14852140803E-02
2.83508888107E-03
-1.44651615173E-02
-3.32139974753E-02
-1.49204312646E-02
5.86263270078E-02
1.62013947810E-01
2.41624071353E-01
2.63166608033E-01
2.34070732363E-01
1.98911491422E-01
2.09734494961E-01
2.74072387890E-01
3.40686629555E-01
3.48488297498E-01
2.81811973594E-01
1.90178589905E-01
1.44527450696E-01
1.65325000517E-01
2.00235912505E-01
1.79334892287E-01
8.47836433996E-02
-3.57800633239E-02
-1.14521035532E-01
-1.17770006001E-01
-7.26776069367E-02
-3.31726093165E-02
-2.88682407963E-02
-3.89669515552E-02
-1.98870103263E-02
4.00637377646E-02
1.10175278853E-01
1.51232332430E-01
1.48997371852E-01
1.25675144341E-01
1.14996999358E-01
1.29172443764E-01
1.48976677772E-01
1.39891976905E-01
7.65060116301E-02
-4.05603956708E-02
-1.76892990915E-01
-2.79307989984E-01
-3.04140885293E-01
-2.50481137347E-01
-1.71264201312E-01
-1.29503549035E-01
-1.43823851996E-01
-1.83059826584E-01
-2.05140409329E-01
-2.02388096766E-01
-1.99118432217E-01
-2.14866626658E-01
-2.28441942760E-01
-1.90820106368E-01
-8.19071663597E-02
6.77110278749E-02
2.04126399437E-01
2.85909401320E-01
3.06975974174E-01
2.92655671212E-01
2.69354137781E-01
2.51557229477E-01
2.41479212797E-01
2.29600811208E-01
2.08410073878E-01
1.89868178714E-01
1.96573060447E-01
2.24468679511E-01
2.38271630487E-01
2.06568300809E-01
1.26151108168E-01
2.16046189185E-02
-7.04840345177E-02
-1.31076299071E-01
-1.68656747305E-01
-1.91275376115E-01
-1.90613165573E-01
-1.52411894957E-01
-7.96515117025E-02
-9.93315812346E-03
4.55269747325E-03
-5.62258137947E-02
-1.61869089254E-01
-2.62732032366E-01
-3.27504500962E-01
-3.54386110134E-01
-3.56579682553E-01
-3.39175961757E-01
-2.94600914678E-01
-2.20557498500E-01
-1.24205864702E-01
-2.11493491712E-02
6.52277383441E-02
1.23502266002E-01
1.64207520228E-01
2.04043623119E-01
2.50688078141E-01
2.90358628396E-01
2.96753098938E-01
2.50377666949E-01
1.44630921093E-01
-8.69151335803E-03
-1.61165490553E-01
-2.54185377563E-01
-2.71630486518E-01
-2.42948492436E-01
-2.06982182398E-01
-1.87798770772E-01
-1.88067793804E-01
-1.96055708462E-01
-2.05347350123E-01
-2.19005442543E-01
-2.34774331064E-01
-2.42286281895E-01
-2.34857107382E-01
-2.15922024709E-01
-2.00773958570E-01
-2.09424083770E-01
-2.42100035180E-01
-2.79059661031E-01
-3.02402582621E-01
-3.12521987459E-01
-3.20468513958E-01
-3.29035862840E-01
-3.25124681829E-01
-2.85888707241E-01
-1.99449537487E-01
-7.71475280922E-02
5.32872545165E-02
1.62593382033E-01
2.34422531714E-01
2.71651180597E-01
2.80735881464E-01
2.60248742835E-01
2.07292593589E-01
1.31572956977E-01
6.03439356000E-02
2.76679841897E-02
5.17351985597E-02
1.20832729756E-01
1.97918175610E-01
2.51909028827E-01
2.79577013017E-01
2.98491401610E-01
3.20778925150E-01
3.44121846740E-01
3.61835978726E-01
3.68706413095E-01
3.58649090495E-01
3.28249487822E-01
2.79473542619E-01
2.13728452290E-01
1.34325269540E-01
5.49841690292E-02
-1.03263456325E-02
-5.58533203650E-02
-8.19071663597E-02
-8.91294000786E-02
-7.61128241210E-02
-4.55476688120E-02
-5.83573039753E-03
3.19516586305E-02
5.54394387766E-02
5.79434223869E-02
4.37886720609E-02
2.55571880885E-02
1.25820002897E-02
1.61413819506E-02
4.65823727831E-02
9.26680876601E-02
1.20998282391E-01
1.03056515531E-01
3.55317343708E-02
-6.00956066469E-02
-1.50321792935E-01
-2.04126399437E-01
-2.21116238644E-01
-2.32208265215E-01
-2.62090515903E-01
-2.98884589119E-01
-2.98988059516E-01
-2.30656209259E-01
-1.04298160296E-01
3.37313494609E-02
1.37532851851E-01
2.01146452000E-01
2.46011216191E-01
2.87668398071E-01
3.19102704716E-01
3.21792935041E-01
2.86840634894E-01
2.22295801171E-01
1.49080148170E-01
8.11828735799E-02
1.21474246218E-02
-7.21395608716E-02
-1.78010471204E-01
-2.86137036194E-01
-3.60304616849E-01
-3.81060778511E-01
-3.62498189268E-01
-3.40189971649E-01
-3.43997682263E-01
-3.62477495189E-01
-3.44225317137E-01
-2.45824969476E-01
-7.46642385613E-02
1.17583759286E-01
2.75065703702E-01
3.68623636778E-01
4.00078637502E-01
3.90331726093E-01
3.66657699232E-01
3.46584442191E-01
3.21399747532E-01
2.68340127889E-01
1.82128593010E-01
8.54665480206E-02
4.55269747325E-03
-4.38093661403E-02
-5.20456097511E-02
-3.20137408687E-02
-9.02261862881E-03
8.93984231111E-03
4.07673364650E-02
1.12203298636E-01
2.20867909691E-01
3.39900254537E-01
4.47012809635E-01
5.31092854334E-01
5.89015582642E-01
6.18359787265E-01
6.15835109575E-01
5.85414812822E-01
5.37073443288E-01
4.78343645883E-01
3.94491236057E-01
2.60414295470E-01
8.36040808725E-02
-1.05643275459E-01
-3.03644227387E-01
-5.30306479316E-01
-7.56472073340E-01
-9.18920596817E-01
-9.92819154440E-01
-1.00000000000E+00
-9.72766591478E-01
-9.36241541295E-01
-9.05159034000E-01
-8.70682697680E-01
-7.94176686050E-01
-6.50559774848E-01
-4.66568714691E-01
-2.89841276411E-01
-1.37470769613E-01
-8.27763176955E-04
1.25385427229E-01
2.45866357635E-01
3.59621712228E-01
4.51172319599E-01
4.97713304224E-01
4.93015748194E-01
4.64126813319E-01
4.38817954183E-01
4.23152536059E-01
4.20172588622E-01
4.23007677503E-01
4.10508453531E-01
3.70072222337E-01
3.09210934752E-01
2.44831653664E-01
1.86639902324E-01
1.45003414523E-01
1.30082983258E-01
1.43451358566E-01
1.76975767233E-01
2.21054156406E-01
2.68609150922E-01
3.16184839517E-01
3.58711172733E-01
3.85137512158E-01
3.84206278584E-01
3.47743310639E-01
2.73844753016E-01
1.66835668315E-01
3.92152805082E-02
-9.72207851334E-02
-2.34795025143E-01
-3.64588291290E-01
-4.75218839890E-01
-5.59485131304E-01
-6.18152846471E-01
-6.62065683008E-01
-7.03246901062E-01
-7.35033007057E-01
-7.43827990812E-01
-7.29362829295E-01
-7.07634045899E-01
-6.86753719761E-01
-6.47269416220E-01
-5.65920990005E-01
-4.48026819527E-01
-3.17695507315E-01
-1.93717277487E-01
-9.53583179852E-02
-3.86151522050E-02
-8.65012519918E-03
2.56813525650E-02
8.34592223165E-02
1.63234898496E-01
2.54702729549E-01
3.41017734826E-01
4.13943670716E-01
4.75984520829E-01
5.28009436500E-01
5.64306851810E-01
5.78461602136E-01
5.72791424373E-01
5.62361608344E-01
5.66500424229E-01
5.90795273472E-01
6.14779711525E-01
5.97438072967E-01
5.08101732094E-01
3.61318626741E-01
1.94441570267E-01
2.46466485938E-02
-1.48666266581E-01
-3.25704116052E-01
-4.94836827184E-01
-6.31272892825E-01
-7.16035842146E-01
-7.51319247563E-01
-7.56409991102E-01
-7.54133642365E-01
-7.55830556878E-01
-7.55002793701E-01
-7.25969000269E-01
-6.41102580552E-01
-5.02948906318E-01
-3.64133021543E-01
-2.81232539370E-01
-2.51019183412E-01
-2.39099393663E-01
-2.31711607309E-01
-2.16936034601E-01
-1.80204043623E-01
-1.24371417338E-01
-5.79848105457E-02
1.92454938642E-02
1.08809469611E-01
2.04022929040E-01
2.92966082404E-01
3.64898702481E-01
4.17813463568E-01
4.60443267181E-01
5.03445564224E-01
5.53939118018E-01
6.11489352896E-01
6.64093702792E-01
7.01363739834E-01
7.24499720630E-01
7.36419510378E-01
7.38592388718E-01
7.13987128283E-01
6.32762866544E-01
5.01893508267E-01
3.67112968980E-01
2.53792190054E-01
1.52515365354E-01
5.51290275852E-02
-4.02706785589E-02
-1.37243134739E-01
-2.21012768247E-01
-2.75210562258E-01
-3.10638826232E-01
-3.44432257931E-01
-3.87496637212E-01
-4.35279266602E-01
-4.82399685450E-01
-5.19090288269E-01
-5.30203008919E-01
-5.19545558016E-01
-4.96388883141E-01
-4.73997889204E-01
-4.59470645448E-01
-4.49309852451E-01
-4.39645717360E-01
-4.33623740248E-01
-4.27208575627E-01
-4.20793411005E-01
-4.30147134905E-01
-4.69403803572E-01
-5.31920617511E-01
-5.98948740765E-01
-6.59499617160E-01
-7.04923121495E-01
-7.11772861784E-01
-6.61010284957E-01
-5.61409680690E-01
-4.35217184364E-01
-2.95490760094E-01
-1.45437990191E-01
1.50652898206E-02
1.84736047017E-01
3.53661817354E-01
5.06218570867E-01
6.33528547483E-01
7.35757299837E-01
8.19444157027E-01
8.89928191544E-01
9.46298863895E-01
9.81396022598E-01
9.91080851768E-01
9.77360677110E-01
9.42863646711E-01
8.97419448296E-01
8.54810338762E-01
8.06510357387E-01
7.22016431099E-01
5.80137822569E-01
3.93829025516E-01
1.97131800592E-01
2.68402210128E-02
-9.67448213066E-02
-1.82045816692E-01
-2.49839620884E-01
-3.24979823273E-01
-4.14916292449E-01
-4.96347494982E-01
-5.41791693397E-01
-5.43302361194E-01
-5.07605074188E-01
-4.41611654906E-01
-3.39589843346E-01
-2.00194524347E-01
-5.81503631811E-02
2.79370072222E-02
3.63388034683E-02
4.92519090288E-03
-2.08803261387E-02
-3.32967737930E-02
-4.32920141548E-02
-5.75295407984E-02
-8.33764459988E-02
-1.31117687230E-01
-1.99180514455E-01
-2.70161206879E-01
-3.20220185005E-01
-3.30877635908E-01
-2.94766467314E-01
-2.19357241893E-01
-1.20874117915E-01
-1.24371417338E-02
9.82554891046E-02
1.96614448606E-01
2.69023032510E-01
3.22537921901E-01
3.72865923059E-01
4.23173230139E-01
4.66113444943E-01
5.01479626679E-01
5.31506735923E-01
5.54973821990E-01
5.62941042568E-01
5.45019969787E-01
4.93802123213E-01
4.04569252737E-01
2.81874055833E-01
1.46990046148E-01
2.82681124930E-02
-6.11510046976E-02
-1.24330029179E-01
-1.61951865571E-01
-1.77182708027E-01
-1.80100573226E-01
-1.83701343046E-01
-1.89702626079E-01
-1.80845560085E-01
-1.39167684126E-01
-7.30914885251E-02
-8.42249032552E-03
3.61525567535E-02
5.73226000041E-02
6.63659127124E-02
7.20774786334E-02
6.04060178383E-02
1.96593754527E-02
-3.26138691720E-02
-7.50988142292E-02
-9.88349233284E-02
-1.05974380730E-01
-1.06346874159E-01
-1.10195972932E-01
-1.21143140947E-01
-1.35815243259E-01
-1.51273720589E-01
-1.66628727521E-01
-1.72981809904E-01
-1.53508681166E-01
-1.02042505639E-01
-3.52420172589E-02
2.06940794239E-02
5.42184880906E-02
7.42296628934E-02
8.71013802951E-02
9.65171864330E-02
1.13051755893E-01
1.40988763115E-01
1.75672040229E-01
2.10976139726E-01
2.38851064710E-01
2.60228048755E-01
2.85536907891E-01
3.18440494175E-01
3.49626471866E-01
3.66823251868E-01
3.63967468907E-01
3.47412205368E-01
3.34912981396E-01
3.36423649194E-01
3.50247294249E-01
3.68375307824E-01
3.75887258655E-01
3.58938807607E-01
3.11363119012E-01
2.38106077851E-01
1.49369865282E-01
5.70742710511E-02
-2.66539742980E-02
-8.56941828943E-02
-1.16424890839E-01
-1.37201746580E-01
-1.72319599363E-01
-2.29497340811E-01
-3.03913250419E-01
-3.86813732591E-01
-4.68638122633E-01
-5.37094137367E-01
-5.75771371811E-01
-5.74302092171E-01
-5.40550048631E-01
-4.91463692238E-01
-4.33023611945E-01
-3.65540218943E-01
-2.93711069263E-01
-2.25358524926E-01
-1.72154046727E-01
-1.40305858494E-01
-1.39333236761E-01
-1.69815615752E-01
-2.12031537777E-01
-2.40361732508E-01
-2.42079341101E-01
-2.24592843987E-01
-2.10251846947E-01
-2.19709041243E-01
-2.55633963123E-01
-3.01843842477E-01
-3.39424290710E-01
-3.59849347102E-01
-3.63781222192E-01
-3.55400120026E-01
-3.38824162407E-01
-3.20075326449E-01
-3.02257724065E-01
-2.82577654533E-01
-2.52012499224E-01
-2.07127040954E-01
-1.49059454090E-01
-8.71013802951E-02
-3.39796784140E-02
6.20822382716E-03
3.69803199305E-02
5.94747842642E-02
7.15187384889E-02
7.46021563231E-02
7.22637253482E-02
6.83525443371E-02
6.10475343004E-02
4.52993398589E-02
2.29497340811E-02
-8.69151335803E-04
-2.57434348033E-02
-4.40576950934E-02
-3.82633528547E-02
-4.26298036132E-03
4.61477971152E-02
9.87521470107E-02
1.47072822465E-01
1.94565734743E-01
2.48246176769E-01
3.06479316268E-01
3.55627754899E-01
3.81164248908E-01
3.83544068042E-01
3.69844587464E-01
3.46832771144E-01
3.23469155475E-01
3.00291786520E-01
2.71816733233E-01
2.38064689692E-01
2.07934110051E-01
1.88916251061E-01
1.81114583118E-01
1.78941704778E-01
1.78486435031E-01
1.78134635681E-01
1.71802247377E-01
1.47052128386E-01
9.87107588519E-02
3.36899613021E-02
-3.66078265008E-02
-1.00738778635E-01
-1.58413177990E-01
-2.20040146514E-01
-2.83695134822E-01
-3.35471721540E-01
-3.71562196056E-01
-3.99106015769E-01
-4.27332740103E-01
-4.59429257289E-01
-4.90532458664E-01
-5.13171781553E-01
-5.14330650001E-01
-4.75156757652E-01
-3.90455890570E-01
-2.83819299298E-01
-1.86370879291E-01
-1.13258696687E-01
-6.31169422428E-02
-3.15170829626E-02
-1.23129772572E-02
1.09678620947E-02
5.45495933613E-02
1.18556381019E-01
1.94027688678E-01
2.68733315398E-01
3.29656685222E-01
3.74190344143E-01
4.02396374397E-01
4.05479792231E-01
3.72141630280E-01
3.03644227387E-01
2.19046830702E-01
1.50176934379E-01
1.12327463113E-01
9.91246404404E-02
1.02684022101E-01
1.21370775821E-01
1.51211638350E-01
1.84798129255E-01
2.13149018066E-01
2.21530120233E-01
2.00525629617E-01
1.63172816257E-01
1.28758562175E-01
9.75311963247E-02
6.10061461416E-02
1.46514082321E-02
-4.10363594975E-02
-1.04173995820E-01
-1.65366388676E-01
-2.10624340376E-01
-2.34732942905E-01
-2.44438466155E-01
-2.50977795253E-01
-2.64097841608E-01
-2.89510171140E-01
-3.22310287027E-01
-3.54530968690E-01
-3.77625561327E-01
-3.73921321110E-01
-3.27628665439E-01
-2.45431781967E-01
-1.50652898206E-01
-5.97024191379E-02
2.09217142975E-02
8.22589657099E-02
1.18597769178E-01
1.30890052356E-01
1.19653167229E-01
8.88396829667E-02
5.07211886679E-02
2.27634873663E-02
1.46721023115E-02
2.25565465720E-02
3.77460008692E-02
5.66190013037E-02
8.05827452766E-02
1.12327463113E-01
1.49514723838E-01
1.87302112866E-01
2.21923307742E-01
2.47625354386E-01
2.65774062041E-01
2.87378680959E-01
3.17612730998E-01
3.48239968545E-01
3.69720422987E-01
3.72865923059E-01
3.44266705296E-01
2.82225855183E-01
2.10334623264E-01
1.55102125282E-01
1.22550338348E-01
1.04091219502E-01
9.27715580572E-02
9.05779856383E-02
1.00656002318E-01
1.25199180514E-01
1.58744283261E-01
1.89454297126E-01
2.09465471928E-01
2.15508143120E-01
2.05637067235E-01
1.78776152143E-01
1.47238375101E-01
1.28241210190E-01
1.20460236326E-01
1.10858183474E-01
8.78877553132E-02
4.50096227469E-02
-1.32235167519E-02
-7.25327483807E-02
-1.21515634377E-01
-1.60937855679E-01
-1.91027047162E-01
-2.04209175755E-01
-1.91647869545E-01
-1.56633487159E-01
-1.18577075099E-01
-9.37027916313E-02
-8.08931564679E-02
-7.41882747346E-02
-6.94700246260E-02
-6.26823665749E-02
-5.32665604371E-02
-4.44094944436E-02
-3.41659251288E-02
-1.50445957412E-02
1.22715890984E-02
4.00223496058E-02
6.07371231091E-02
7.36295345902E-02
8.32315874428E-02
9.15506073712E-02
9.27094758190E-02
8.14725906918E-02
5.68673302568E-02
2.52674709766E-02
-3.24897046955E-03
-2.30325103988E-02
-3.38969020963E-02
-3.81391883782E-02
-3.90704219523E-02
-4.08087246239E-02
-4.95830142996E-02
-6.87871200050E-02
-9.63309397181E-02
-1.26192496327E-01
-1.50445957412E-01
-1.63441839290E-01
-1.61206878712E-01
-1.50259710697E-01
-1.39809200588E-01
-1.34635680732E-01
-1.37098276183E-01
-1.45934648097E-01
-1.53467293007E-01
-1.48252384993E-01
-1.29441466796E-01
-1.06222709683E-01
-8.67288868655E-02
-8.17830018832E-02
-9.69310680214E-02
-1.20025660658E-01
-1.36953417627E-01
-1.42954700660E-01
-1.38795190696E-01
-1.24061006146E-01
-9.97040746642E-02
-6.80421331457E-02
-3.13308362477E-02
1.12161910477E-02
6.12337810153E-02
1.16135173727E-01
1.71181424994E-01
2.24427291352E-01
2.72810049045E-01
3.14984582911E-01
3.42859507895E-01
3.45487655982E-01
3.21358359373E-01
2.73699894460E-01
2.08223827163E-01
1.32442108313E-01
5.68259420980E-02
-1.02642633942E-02
-6.17097448420E-02
-9.07642323531E-02
-9.81106305486E-02
-9.61033048445E-02
-9.53583179852E-02
-8.89845415227E-02
-6.70488173334E-02
-3.94222213025E-02
-1.99283984852E-02
-7.94652649877E-03
-4.05603956708E-03
-1.47755727086E-02
-4.04776193531E-02
-7.31328766840E-02
-1.03387620802E-01
-1.31924756327E-01
-1.62179500445E-01
-1.82356227883E-01
-1.76230780374E-01
-1.46348529686E-01
-1.12886203257E-01
-1.00117956253E-01
-1.16549055315E-01
-1.45810483621E-01
-1.69256875608E-01
-1.80286819941E-01
-1.81093889038E-01
-1.77203402107E-01
-1.69567286799E-01
-1.58702895102E-01
-1.49473335679E-01
-1.45024108603E-01
-1.42251101960E-01
-1.35008174161E-01
-1.16135173727E-01
-8.49905841939E-02
-5.07625768268E-02
-2.14804544420E-02
4.01465140823E-03
3.12687540095E-02
6.42965047700E-02
9.96419924260E-02
1.30020901020E-01
1.50528733729E-01
1.56302381889E-01
1.44879250047E-01
1.20522318565E-01
8.94811994288E-02
6.19787678745E-02
4.68513958157E-02
4.13881588478E-02
3.79322475840E-02
3.12066717712E-02
2.10458787741E-02
1.56240299650E-02
2.00525629617E-02
2.87026881609E-02
3.76425304720E-02
4.60857148770E-02
5.15282577655E-02
5.44047348054E-02
5.83366098959E-02
6.34480475136E-02
7.50367319910E-02
1.02042505639E-01
1.40305858494E-01
1.74989135608E-01
1.98000951928E-01
2.11555573950E-01
2.23309811063E-01
2.40630755541E-01
2.62545785651E-01
2.81377397926E-01
2.90275852079E-01
2.86323282909E-01
2.64718663990E-01
2.25917265070E-01
1.76561885645E-01
1.25178486435E-01
8.10587091033E-02
4.92726031083E-02
3.03168263560E-02
2.32808393519E-02
2.13769840449E-02
1.26854706868E-02
-6.08405935062E-03
-2.94062868613E-02
-5.48600045527E-02
-8.36868571902E-02
-1.17500982969E-01
-1.57502638495E-01
-1.99077044058E-01
-2.33449909981E-01
-2.57682676986E-01
-2.72851437204E-01
-2.80321999876E-01
-2.82246549262E-01
-2.80052976843E-01
-2.67677917348E-01
-2.38995923266E-01
-1.95745297270E-01
-1.47548786292E-01
-1.07298801813E-01
-7.96928998613E-02
-6.09233698239E-02
-5.01417544441E-02
-4.67065372597E-02
-4.38921424580E-02
-3.92566686671E-02
-4.18227345157E-02
-5.78606460692E-02
-8.35419986342E-02
-1.10547772282E-01
-1.29296608240E-01
-1.35463443909E-01
-1.30765887879E-01
-1.18659851417E-01
-1.02953045134E-01
-8.51147486704E-02
-6.14614158889E-02
-3.36071849844E-02
-5.69087184157E-03
2.24116880161E-02
5.01210603646E-02
7.62990708358E-02
1.03429008961E-01
1.30082983258E-01
1.49928605426E-01
1.62117418207E-01
1.67270243983E-01
1.64331684705E-01
1.52101483765E-01
1.34573598493E-01
1.18163193510E-01
1.05581193221E-01
9.01847981293E-02
6.94493305465E-02
5.43012644083E-02
5.29561492457E-02
6.40481758169E-02
8.37489394284E-02
1.08105870910E-01
1.31138381309E-01
1.53074105498E-01
1.74078596114E-01
1.89102497775E-01
1.95724603191E-01
1.91254682035E-01
1.71533224345E-01
1.41402644703E-01
1.08188647228E-01
7.89686070815E-02
5.93092316288E-02
5.01417544441E-02
5.01831426029E-02
5.98472776939E-02
7.38985576227E-02
8.20934130745E-02
8.04792748795E-02
7.10013865033E-02
5.52945802206E-02
3.41866192082E-02
1.23543654161E-02
-2.64884216626E-03
-4.71825010864E-03
4.67686194980E-03
2.16873952362E-02
3.98154088115E-02
5.29975374045E-02
6.05715704737E-02
6.56002317737E-02
6.94079423877E-02
6.46896922790E-02
4.83413695342E-02
2.90337934317E-02
1.40719740082E-02
3.39382902552E-03
-7.13945740124E-03
-2.34463919873E-02
-4.57959977650E-02
-6.79386627486E-02
-8.35006104753E-02
-9.06814560354E-02
-9.28129462161E-02
-9.21093475157E-02
-8.88810711256E-02
-8.35006104753E-02
-8.02723340852E-02
-8.05206630383E-02
-8.01481696087E-02
-8.13691202947E-02
-8.76187322807E-02
-9.43236140140E-02
-9.63723278770E-02
-9.24818409453E-02
-8.64391697535E-02
-8.08103801502E-02
-7.08358338679E-02
-5.41564058523E-02
-3.22827639012E-02
-5.85642447696E-03
2.64056453449E-02
5.70949651305E-02
7.72923866482E-02
8.56321006560E-02
8.26107650601E-02
6.66763239037E-02
4.12019121329E-02
1.36994805786E-02
-8.54665480206E-03
-2.36533327815E-02
-3.33795501107E-02
-4.07673364650E-02
-5.05142478737E-02
-6.30548600046E-02
-7.31949589223E-02
-7.73958570453E-02
-7.66508701860E-02
-7.47884030379E-02
-7.65887879478E-02
-8.65633342301E-02
-1.03097903690E-01
-1.17976946796E-01
-1.21557022536E-01
-1.06843532065E-01
-7.48918734350E-02
-3.58628396416E-02
-1.03470397119E-03
2.84957473667E-02
5.82331394988E-02
8.84671895371E-02
1.12327463113E-01
1.20460236326E-01
1.05912298491E-01
7.16635970449E-02
3.17447178362E-02
-8.07069097531E-04
-2.35291683049E-02
-3.86979285226E-02
-4.83206754548E-02
-5.97024191379E-02
-7.91548537963E-02
-9.98903213791E-02
-1.07464354448E-01
-9.81106305486E-02
-8.41835150963E-02
-7.51608964675E-02
-7.46849326408E-02
-7.92790182729E-02
-7.88858307638E-02
-6.91182252757E-02
-5.69087184157E-02
-5.37839124227E-02
-6.43999751671E-02
-8.55286302589E-02
-1.07257413654E-01
-1.19384144196E-01
-1.21453552139E-01
-1.19239285640E-01
-1.17107795460E-01
-1.19053038926E-01
-1.21370775821E-01
-1.18701239575E-01
-1.11685946651E-01
-1.05891604412E-01
-1.07857541957E-01
-1.18245969828E-01
-1.26647766074E-01
-1.29255220082E-01
-1.34056246508E-01
-1.43203029613E-01
-1.51356496906E-01
-1.60234256979E-01
-1.74182066511E-01
-1.91751339942E-01
-2.10769198932E-01
-2.29580117128E-01
-2.38871758790E-01
-2.25544771641E-01
-1.81300829833E-01
-1.11147900586E-01
-3.04823789914E-02
4.60236326387E-02
1.08726693293E-01
1.54646855535E-01
1.86184632577E-01
2.09072284419E-01
2.22047472218E-01
2.20826521532E-01
2.07147735033E-01
1.85915609544E-01
1.63379757052E-01
1.42437348675E-01
1.18039029034E-01
8.55286302589E-02
4.75963826749E-02
9.89176996461E-03
-2.62607867889E-02
-6.23719553836E-02
-9.02054922087E-02
-9.95799101877E-02
-8.84464954576E-02
-6.37377646255E-02
-3.61525567535E-02
-1.03470397119E-02
1.60172174741E-02
4.05397015914E-02
5.65362249860E-02
5.98265836144E-02
4.96864846967E-02
3.32553856342E-02
1.89557767523E-02
8.29832584897E-03
9.93315812346E-04
6.82904620988E-04
9.22955942305E-03
2.43569314819E-02
3.97119384144E-02
4.99555077292E-02
6.27237547338E-02
9.02054922087E-02
1.33663058999E-01
1.84032448317E-01
2.30697597417E-01
2.64035759369E-01
2.76493595182E-01
2.61759410633E-01
2.25875876912E-01
1.85439645717E-01
1.52060095607E-01
1.25737226579E-01
1.03346232643E-01
8.37903275873E-02
6.69660410157E-02
5.69087184157E-02
5.83366098959E-02
7.32777352399E-02
9.73863377688E-02
1.18990956687E-01
1.27392752933E-01
1.16673219792E-01
8.84051072988E-02
5.79020342280E-02
4.12433002918E-02
4.16571818803E-02
5.45702874408E-02
7.23051135070E-02
8.50526664321E-02
9.09297849885E-02
9.78623015955E-02
1.09223351199E-01
1.25695838421E-01
1.44817167808E-01
1.59303023405E-01
1.59944539867E-01
1.38360615028E-01
9.69103739420E-02
4.76998530720E-02
1.65552635391E-04
-4.09949713387E-02
-7.68785050597E-02
-1.07174637336E-01
-1.26958177265E-01
-1.29627713511E-01
-1.11561782174E-01
-7.92997123523E-02
-4.36231194255E-02
-1.41961384848E-02
2.21426649835E-03
8.40179624609E-03
1.07195331416E-02
1.41547503259E-02
2.16873952362E-02
2.83095006519E-02
2.65298098214E-02
1.23543654161E-02
-7.65680938683E-03
-2.30738985576E-02
-3.16619415185E-02
-3.48902179087E-02
-3.73942015189E-02
-4.33540963930E-02
-5.33700308342E-02
-6.87664259255E-02
-8.72048506922E-02
-1.02704716181E-01
-1.08043788672E-01
-9.69724561803E-02
-6.79593568280E-02
-3.09169546593E-02
9.72621732922E-04
2.17494774745E-02
3.16619415185E-02
3.38555139375E-02
3.15998592803E-02
2.64056453449E-02
1.52308424560E-02
-3.97326324938E-03
-3.15584711214E-02
-6.63866067918E-02
-1.03491091199E-01
-1.36063572212E-01
-1.56964592430E-01
-1.58558036546E-01
-1.41485421021E-01
-1.16155867806E-01
-9.45305548083E-02
-8.41835150963E-02
-8.28590940132E-02
-8.62943111976E-02
-9.78416075161E-02
-1.21432858059E-01
-1.50714980444E-01
-1.74306230987E-01
-1.85315481241E-01
-1.84591188461E-01
-1.74430395464E-01
-1.55453924632E-01
-1.28841338493E-01
-9.50686008733E-02
-5.69294124951E-02
-2.06319971856E-02
1.11954969683E-02
3.67940732157E-02
5.32872545165E-02
5.86884092461E-02
5.68466361774E-02
5.53566624589E-02
6.05301823148E-02
7.15601266478E-02
8.13691202947E-02
8.41421269375E-02
8.17209196449E-02
7.94859590671E-02
8.22589657099E-02
8.93570349523E-02
9.65378805124E-02
9.73242555305E-02
8.38524098255E-02
5.55429091737E-02
1.95765991350E-02
-1.22508950189E-02
-3.18068000745E-02
-3.88220929992E-02
-3.76839186309E-02
-3.43935600025E-02
-3.34623264284E-02
-3.58214514827E-02
-3.51799350206E-02
-2.83301947313E-02
-2.06526912650E-02
-1.55619477268E-02
-1.06574509033E-02
-6.53932909795E-03
-7.88444426050E-03
-1.86453655609E-02
-3.64215797860E-02
-5.45909815202E-02
-6.80421331457E-02
-7.67129524243E-02
-8.39144920638E-02
-9.08677027502E-02
-9.60619166856E-02
-9.42408376963E-02
-8.82188605840E-02
-8.42249032552E-02
-8.50733605116E-02
-9.12401961799E-02
-1.02621939863E-01
-1.15017693438E-01
-1.23626430478E-01
-1.25530285785E-01
-1.16983630983E-01
-9.71587028951E-02
-7.00701529292E-02
-4.34989549490E-02
-2.22047472218E-02
-5.95989487408E-03
7.16015148066E-03
1.75485793514E-02
2.62607867889E-02
3.53247935766E-02
4.41404714111E-02
5.33493367548E-02
6.69453469362E-02
8.24245183453E-02
9.69103739420E-02
1.08374893943E-01
1.15866150694E-01
1.22074374521E-01
1.27744552284E-01
1.32235167519E-01
1.39146990046E-01
1.47072822465E-01
1.51646214018E-01
1.50239016617E-01
1.43244417772E-01
1.31862674089E-01
1.17211265857E-01
1.00366285206E-01
8.30453407280E-02
6.86422614490E-02
5.94954783436E-02
5.65776131449E-02
6.25168139395E-02
7.20567845539E-02
7.38364753844E-02
6.43171988494E-02
4.78654057074E-02
3.02547441177E-02
1.13403555243E-02
-8.69151335803E-03
-2.33636156696E-02
-2.84129710490E-02
-2.37154150198E-02
-1.32235167519E-02
1.30372700370E-03
1.84384247667E-02
3.63594975478E-02
5.58119322062E-02
7.58231070091E-02
9.22955942305E-02
1.02787492498E-01
1.08788775531E-01
1.08995716326E-01
9.95385220288E-02
8.45353144465E-02
7.20153963951E-02
6.41102580552E-02
5.77985638309E-02
4.69755602922E-02
2.82888065724E-02
5.91850671523E-03
-1.54998654885E-02
-3.23862342984E-02
-4.54855865737E-02
-5.61844256358E-02
-6.30134718457E-02
-6.36342942284E-02
-5.47565341556E-02
-3.54903462119E-02
-1.03470397119E-02
1.67208161745E-02
3.98361028910E-02
5.18179748774E-02
5.07004945885E-02
3.52834054177E-02
5.71156592099E-03
-3.06686257062E-02
-6.67591002214E-02
-9.89176996461E-02
-1.20067048817E-01
-1.30310618132E-01
-1.36042878133E-01
-1.39105601887E-01
-1.43058171057E-01
-1.46182977050E-01
-1.37677710407E-01
-1.14934917120E-01
-8.39558802227E-02
-5.44668170436E-02
-3.34002441901E-02
-1.67622043333E-02
-5.38046065021E-04
1.47134904704E-02
2.56399644062E-02
3.21379053453E-02
3.38348198580E-02
2.98201684498E-02
2.26393228897E-02
1.70933096041E-02
1.78589905428E-02
2.15839248391E-02
2.19357241893E-02
1.89143885934E-02
1.27889410840E-02
4.32506259959E-03
-1.20025660658E-03
1.32442108313E-03
1.17128489539E-02
2.50605301823E-02
4.05810897502E-02
5.85435506901E-02
7.69405872980E-02
9.57721995737E-02
1.13072449972E-01
1.20749953438E-01
1.12161910477E-01
8.71634625334E-02
5.06798005091E-02
9.49858245556E-03
-2.71506322041E-02
-5.64120605095E-02
-7.73130807276E-02
-8.58183473708E-02
-8.34592223165E-02
-7.42503569729E-02
-6.15028040478E-02
-4.97071787762E-02
-4.31471555988E-02
-4.20503693893E-02
-4.57753036856E-02
-5.06384123502E-02
-4.93967675848E-02
-3.96705502556E-02
-2.78335368251E-02
-2.01146452000E-02
-1.75899675103E-02
-1.86867537198E-02
-2.05906090268E-02
-2.16046189185E-02
-1.95559050556E-02
-1.43409970407E-02
-9.60205285268E-03
-5.07004945885E-03
4.28367444074E-03
1.67828984128E-02
2.58055170416E-02
3.14756948037E-02
3.45591126379E-02
3.20965171864E-02
2.47501189910E-02
1.89764708317E-02
1.96800695321E-02
2.69850795687E-02
3.52834054177E-02
3.85944581255E-02
3.57386751650E-02
3.02133559589E-02
2.41292966082E-02
1.62034641889E-02
3.10411191358E-03
-1.64310990626E-02
-3.42487014465E-02
-4.23814746601E-02
-4.27953562486E-02
-4.04569252737E-02
-3.65457442626E-02
-3.00891914823E-02
-1.88936945140E-02
-3.70424021687E-03
1.00159344412E-02
1.78382964634E-02
2.15218426008E-02
2.67781387745E-02
3.54075698943E-02
4.43681062848E-02
4.78447116280E-02
4.28160503280E-02
3.18895763922E-02
1.55412536473E-02
-6.45655278025E-03
-3.19930467893E-02
-5.93713138671E-02
-8.21348012334E-02
-9.44063903317E-02
-9.83796535811E-02
-9.92901930758E-02
-9.59170581297E-02
-8.28797880926E-02
-6.09440639033E-02
-3.24483165366E-02
-2.54537176914E-03
2.47501189910E-02
4.91898267906E-02
6.79386627486E-02
7.97756761790E-02
8.39144920638E-02
7.80787616663E-02
6.28893073692E-02
4.31471555988E-02
2.28462636840E-02
3.97326324938E-03
-1.18784015893E-02
-2.16460070774E-02
-2.43569314819E-02
-2.21219709041E-02
-2.19150301099E-02
-2.58055170416E-02
-2.77300664280E-02
-2.26186288103E-02
-9.37441797902E-03
1.06574509033E-02
3.07720961033E-02
4.17813463568E-02
3.80357179811E-02
2.41913788465E-02
8.71220743745E-03
-2.81439480165E-03
-1.09057798564E-02
-2.02801978354E-02
-3.25517869338E-02
-4.48854582704E-02
-5.47151459967E-02
-6.00335244087E-02
-6.25995902572E-02
-6.43999751671E-02
-6.54346791383E-02
-6.54346791383E-02
-6.23098731453E-02
-5.27285143720E-02
-3.59042278004E-02
-1.58723589181E-02
2.81439480165E-03
1.73416385572E-02
2.58882933593E-02
3.07307079445E-02
3.52213231794E-02
4.29402148045E-02
5.53773565383E-02
6.63038304741E-02
6.89526726404E-02
6.22477909070E-02
4.77205471515E-02
3.05030730708E-02
1.94317405790E-02
1.55619477268E-02
1.32028226724E-02
1.23336713366E-02
1.31614345136E-02
1.31407404342E-02
1.10506384124E-02
4.78033234692E-03
-6.66349357449E-03
-1.60379115535E-02
-1.96179872938E-02
-1.93903524202E-02
-1.69691451276E-02
-1.40305858494E-02
-9.78829956749E-03
-2.54537176914E-03
5.21490801482E-03
9.47788837614E-03
9.68482917037E-03
5.62878960329E-03
-6.41516462140E-04
-7.88444426050E-03
-1.48790431058E-02
-1.96593754527E-02
-2.18943360305E-02
-2.22668294601E-02
-1.71760859218E-02
-4.38714483786E-03
9.45719429671E-03
1.99283984852E-02
2.75231256338E-02
3.28828922045E-02
3.29656685222E-02
2.43362374025E-02
7.07737516297E-03
-1.26647766074E-02
-2.73989611572E-02
-3.46418889556E-02
-3.67112968980E-02
-3.80564120605E-02
-4.06224779091E-02
-4.54028102560E-02
-5.32251722782E-02
-6.13993336506E-02
-6.72143699688E-02
-7.12911036153E-02
-7.52229787058E-02
-7.86375018107E-02
-7.61335182004E-02
-6.47724685967E-02
-4.97692610144E-02
-3.48695238292E-02
-1.90385530700E-02
-4.26298036132E-03
4.30436852017E-03
7.13945740124E-03
6.60141133622E-03
4.20089812305E-03
8.27763176955E-05
-7.13945740124E-03
-1.43409970407E-02
-1.62241582683E-02
-9.25025350247E-03
5.67017776214E-03
2.24116880161E-02
3.83875173313E-02
5.18179748774E-02
6.18959915568E-02
7.05254226766E-02
7.51608964675E-02
6.98839062144E-02
5.61223433976E-02
3.62353330712E-02
1.52515365354E-02
-3.51799350206E-04
-9.70552324980E-03
-1.55826418062E-02
-1.76934379074E-02
-1.77969083045E-02
-2.12114314095E-02
-2.80818657782E-02
-3.48281356704E-02
-4.06638660679E-02
-4.58166918445E-02
-4.94795439025E-02
-4.95416261408E-02
-4.93760735054E-02
-5.45288992819E-02
-6.11510046976E-02
-6.42137284523E-02
-6.36963764667E-02
-5.90195145169E-02
-5.01210603646E-02
-3.94222213025E-02
-2.33015334313E-02
-2.60745400741E-03
2.03836682325E-02
4.26091095338E-02
6.06750408708E-02
7.65887879478E-02
9.27922521367E-02
1.08085176831E-01
1.21722575171E-01
1.31635039215E-01
1.34614986652E-01
1.30393394450E-01
1.20170519214E-01
1.05995074809E-01
9.25439231836E-02
8.26314591395E-02
7.44366036877E-02
6.47724685967E-02
5.24181031807E-02
4.22986983424E-02
3.67940732157E-02
3.45591126379E-02
3.51592409412E-02
3.97533265733E-02
4.82585932165E-02
6.12130869358E-02
7.93411005111E-02
9.60412226062E-02
1.04132607661E-01
1.03449703040E-01
9.67241272272E-02
8.62322289593E-02
7.30914885251E-02
5.65983072243E-02
3.68768495333E-02
1.54170891708E-02
-4.26298036132E-03
-1.77969083045E-02
-2.60331519152E-02
-3.15584711214E-02
-2.88475467169E-02
-1.83970366078E-02
-4.57339155268E-03
1.33476812284E-02
3.24690106161E-02
4.84862280901E-02
6.20201560334E-02
7.26569128572E-02
7.66094820272E-02
7.55954721354E-02
7.09599983445E-02
6.32824948782E-02
5.31217018811E-02
3.96084680173E-02
2.34256979078E-02
9.51927653498E-03
-2.33843097490E-03
-1.33683753078E-02
-1.93489642613E-02
-2.37154150198E-02
-3.37313494609E-02
-4.64995964655E-02
-5.72191296070E-02
-6.63038304741E-02
-6.98632121350E-02
-6.61589719181E-02
-5.86263270078E-02
-4.95002379819E-02
-3.99602673675E-02
-3.05030730708E-02
-2.07975498210E-02
-1.42789148025E-02
-1.19197897482E-02
-1.06367568239E-02
-1.28303292428E-02
-2.14597603626E-02
-3.23655402189E-02
-4.08915009416E-02
-4.93346853465E-02
-5.91850671523E-02
-6.99459884527E-02
-8.12656498976E-02
-9.17368540860E-02
-9.82554891046E-02
-9.82968772634E-02
-8.89638474432E-02
-7.58438010885E-02
-6.50001034704E-02
-5.46530637585E-02
-4.42439418082E-02
-3.57800633239E-02
-2.90544875111E-02
-2.62607867889E-02
-2.90544875111E-02
-3.61111685947E-02
-4.58373859239E-02
-5.92885375494E-02
-7.34846760342E-02
-8.29832584897E-02
-8.56734888149E-02
-8.13691202947E-02
-7.42710510523E-02
-6.90561430375E-02
-6.68004883803E-02
-6.67797943009E-02
-6.66349357449E-02
-6.14614158889E-02
-5.08660472239E-02
-3.89255633963E-02
-2.77300664280E-02
-1.75071911926E-02
-9.76760548807E-03
-3.49729942264E-03
3.68354613745E-03
1.25613062103E-02
1.97835399292E-02
2.26186288103E-02
2.40465202905E-02
2.50398361029E-02
2.49570597852E-02
2.63021749477E-02
2.84543592078E-02
2.60124578358E-02
1.99490925646E-02
1.65345694597E-02
1.94731287379E-02
2.49984479440E-02
2.87026881609E-02
2.88682407963E-02
2.51433065000E-02
1.80659313370E-02
8.69151335803E-03
7.65680938683E-04
-5.13213169712E-03
-6.93251660700E-03
-1.17956252716E-03
7.47056267202E-03
1.47962667881E-02
2.14804544420E-02
2.59710696770E-02
2.57641288827E-02
2.29497340811E-02
1.75899675103E-02
7.44986859260E-03
-3.10411191358E-03
-9.64344101153E-03
-1.30579641165E-02
-1.71553918424E-02
-2.34670860667E-02
-3.01926618794E-02
-3.17447178362E-02
-2.90751815905E-02
-2.61366223124E-02
-2.08182439004E-02
-1.09057798564E-02
3.66285205803E-03
2.08803261387E-02
3.56972870062E-02
4.48026819527E-02
4.94174616642E-02
5.19835275128E-02
5.59154026033E-02
5.99714421704E-02
6.13786395712E-02
6.12958632535E-02
6.13993336506E-02
5.97645013762E-02
5.65155309066E-02
5.22111623864E-02
4.59201622416E-02
3.68147672951E-02
2.38602735757E-02
1.02849574737E-02
-9.93315812346E-04
-1.07402272210E-02
-1.80659313370E-02
-2.09010202181E-02
-2.07975498210E-02
-2.04664445502E-02
-2.07561616621E-02
-2.05699149473E-02
-1.85418951638E-02
-1.50239016617E-02
-1.15059081597E-02
-6.41516462140E-03
2.83508888107E-03
1.33269871490E-02
2.19771123482E-02
2.68816091716E-02
2.62814808683E-02
2.27634873663E-02
1.86246714815E-02
1.26233884486E-02
6.14614158889E-03
1.73830267161E-03
2.48328953087E-04
2.13149018066E-03
7.01529292469E-03
1.15679903979E-02
1.42582207231E-02
1.49825135029E-02
1.48169608675E-02
1.48997371852E-02
1.46307141527E-02
1.25199180514E-02
7.59472714856E-03
9.93315812346E-04
-3.66285205803E-03
-5.81503631811E-03
-7.09806924239E-03
-5.87711855638E-03
-1.59344411564E-03
2.25565465720E-03
3.43521718436E-03
1.24164476543E-04
-8.56734888149E-03
-2.10872669329E-02
-3.68147672951E-02
-5.20456097511E-02
-6.10682283799E-02
-6.36342942284E-02
-6.18546033980E-02
-5.99093599321E-02
-5.96610309790E-02
-5.75916230366E-02
-5.03073070794E-02
-3.74562837572E-02
-2.20391945864E-02
-8.11207913416E-03
3.00064151646E-03
9.00192454939E-03
7.88444426050E-03
3.70424021687E-03
-1.07609213004E-03
-5.44254288848E-03
-6.08405935062E-03
-5.25629617366E-03
-6.45655278025E-03
-6.37377646255E-03
-3.80771061399E-03
2.48328953087E-03
1.32442108313E-02
2.65711979803E-02
3.85737640461E-02
4.89414978375E-02
5.79848105457E-02
6.43999751671E-02
6.90147548786E-02
7.05875049148E-02
6.77938041926E-02
5.85435506901E-02
4.24021687395E-02
2.31980630342E-02
4.15950996420E-03
-1.44444674379E-02
-2.90544875111E-02
-3.87186226021E-02
-4.59408563210E-02
-4.96037083790E-02
-4.70169484510E-02
-4.06638660679E-02
-3.11238954535E-02
-1.90799412288E-02
-7.44986859260E-03
3.43521718436E-03
1.27268588457E-02
1.68242865716E-02
1.62241582683E-02
1.24578358132E-02
5.89781263580E-03
-8.27763176955E-04
-8.38110216667E-03
-1.83556484490E-02
-2.65091157420E-02
-2.71506322041E-02
-2.23289116984E-02
-1.65552635391E-02
-8.77428967572E-03
-1.44858555967E-04
7.24292779836E-03
1.48790431058E-02
2.24323820955E-02
2.86406059226E-02
3.29656685222E-02
3.47039711938E-02
3.53454876560E-02
3.42900896054E-02
2.99857210852E-02
2.15218426008E-02
1.13403555243E-02
-1.86246714815E-04
-1.21681187012E-02
-2.16046189185E-02
-2.93235105436E-02
-3.35864909050E-02
-3.00684974029E-02
-1.97421517704E-02
-7.30501003663E-03
5.11143761770E-03
1.94317405790E-02
3.22206816630E-02
4.12846884506E-02
4.83413695342E-02
5.17972807980E-02
5.12178465741E-02
4.62719615918E-02
3.56558988473E-02
2.13149018066E-02
7.53264491029E-03
-1.53136187737E-03
-3.20758231070E-03
-3.93187509054E-04
3.06272375473E-03
7.32570411605E-03
1.47962667881E-02
2.50191420235E-02
3.44556422408E-02
4.06224779091E-02
3.86772344432E-02
2.86613000021E-02
1.48376549469E-02
2.48328953087E-04
-1.26647766074E-02
-2.24944643338E-02
-3.13929184860E-02
-3.98567969704E-02
-4.77412412309E-02
-5.39494650580E-02
-5.65983072243E-02
-5.58119322062E-02
-5.33907249136E-02
-5.00589781264E-02
-4.20503693893E-02
-3.02754381971E-02
-1.72174740807E-02
-2.56606584856E-03
1.28717174017E-02
2.59710696770E-02
3.34623264284E-02
3.49523001469E-02
3.35037145873E-02
2.98201684498E-02
2.45431781967E-02
1.90385530700E-02
1.69277569687E-02
1.82728721313E-02
2.03422800737E-02
2.25979347309E-02
2.23702998572E-02
2.01560333589E-02
1.90178589905E-02
1.76106615897E-02
1.50652898206E-02
1.07402272210E-02
3.39382902552E-03
-4.55269747325E-03
-1.25820002897E-02
-2.09631024564E-02
-2.73368789189E-02
-3.12894480889E-02
-3.62974153095E-02
-4.16571818803E-02
-4.45750470790E-02
-4.75549945161E-02
-4.94795439025E-02
-4.34368727107E-02
-3.16826355980E-02
-2.13769840449E-02
-1.47134904704E-02
-9.99524036173E-03
-8.36040808725E-03
-1.03677337914E-02
-1.23957535749E-02
-1.33476812284E-02
-1.27061647663E-02
-1.12575792066E-02
-9.68482917037E-03
-8.15346729301E-03
-7.26362187778E-03
-7.69819754568E-03
-5.85642447696E-03
-1.88316122757E-03
-1.11748028889E-03
-4.24228628189E-03
-8.46387848437E-03
-1.32442108313E-02
-2.11493491712E-02
-3.31933033959E-02
-4.49475405087E-02
-5.17558926391E-02
-5.46737578379E-02
-5.41977940111E-02
-4.94795439025E-02
-4.25263332161E-02
-3.71044844070E-02
-3.39382902552E-02
-3.15170829626E-02
-2.71092440453E-02
-2.22875235395E-02
-2.05699149473E-02
-1.96179872938E-02
-1.56861122033E-02
-1.01607929971E-02
-4.78033234692E-03
2.87647703992E-03
1.10713324918E-02
1.74037207955E-02
2.32187571136E-02
2.74610433955E-02
2.94269809408E-02
2.75852078720E-02
2.09217142975E-02
1.09264739358E-02
1.24164476543E-04
-8.15346729301E-03
-9.14678310535E-03
-2.75231256338E-03
7.80166794280E-03
2.12114314095E-02
3.50350764646E-02
4.85276162490E-02
5.77364815926E-02
6.21443205099E-02
6.35929060696E-02
6.35308238313E-02
6.07578171885E-02
5.54394387766E-02
4.89828859963E-02
4.30022970428E-02
4.07259483062E-02
4.21124516276E-02
4.22986983424E-02
3.82012706165E-02
3.06893197856E-02
2.25151584132E-02
1.75485793514E-02
1.59137470770E-02
1.62241582683E-02
1.57481944416E-02
1.40926680877E-02
1.32442108313E-02
9.95385220288E-03
2.27634873663E-03
-3.78701653457E-03
-2.75231256338E-03
3.72493429630E-03
1.16300726362E-02
1.91213293877E-02
2.28255696045E-02
2.29911222399E-02
2.15218426008E-02
1.69070628893E-02
1.03677337914E-02
4.57339155268E-03
9.93315812346E-04
-6.20822382716E-05
8.69151335803E-04
1.34511516255E-03
-1.94524346584E-03
-7.05668108354E-03
-7.84305610165E-03
-5.62878960329E-03
-6.14614158889E-03
-8.71220743745E-03
-1.11127206506E-02
-1.41340562465E-02
-1.81900958136E-02
-2.05285267885E-02
-2.06940794239E-02
-1.81073194959E-02
-1.20853423835E-02
-3.16619415185E-03
9.12608902593E-03
2.18322537922E-02
3.11859776918E-02
3.62974153095E-02
3.50764646235E-02
2.66539742980E-02
1.36787864992E-02
-3.31105270782E-04
-1.24371417338E-02
-2.04250563914E-02
-2.36740268609E-02
-2.66953624568E-02
-3.23862342984E-02
-3.24483165366E-02
-2.58882933593E-02
-1.82107898930E-02
-9.74691140865E-03
1.65552635391E-04
1.04505101091E-02
1.89350826728E-02
2.20391945864E-02
1.93903524202E-02
1.25199180514E-02
4.53200339383E-03
-3.49729942264E-03
-1.16921548745E-02
-1.80452372576E-02
-1.98249280881E-02
-1.69277569687E-02
-1.30372700370E-02
-1.09471680152E-02
-1.02021811560E-02
-8.44318440494E-03
-6.47724685967E-03
-6.82904620988E-03
-6.37377646255E-03
-5.31837841194E-03
-6.62210541564E-03
-7.88444426050E-03
-6.68418765391E-03
-4.20089812305E-03
-4.96657906173E-04
4.42853299671E-03
6.24961198601E-03
3.95256916996E-03
4.13881588478E-05
-5.50462512675E-03
-9.72621732922E-03
-8.44318440494E-03
-3.45591126379E-03
2.19357241893E-03
6.97390476585E-03
8.81567783457E-03
6.47724685967E-03
-1.24164476543E-04
-8.93984231111E-03
-1.61206878712E-02
-2.20391945864E-02
-2.88268526375E-02
-3.53040994971E-02
-4.03948430354E-02
-4.46371293173E-02
-4.66651491008E-02
-4.24642509778E-02
-3.62353330712E-02
-3.31933033959E-02
-3.23862342984E-02
-2.96753098938E-02
-2.36119446226E-02
-1.89764708317E-02
-1.75278852720E-02
-1.83970366078E-02
-1.98042340087E-02
-2.28876518428E-02
-2.90544875111E-02
-3.41245369700E-02
-3.68768495333E-02
-4.10570535770E-02
-4.55476688120E-02
-5.04521656354E-02
-5.52738861412E-02
-5.80882809428E-02
-5.82952217371E-02
-5.44047348054E-02
-4.57959977650E-02
-3.54903462119E-02
-2.49777538646E-02
-1.53136187737E-02
-8.13277321358E-03
-1.71760859218E-03
4.98727314115E-03
9.02261862881E-03
8.58804296091E-03
9.27094758190E-03
1.08023094593E-02
6.82904620988E-03
-3.29035862840E-03
-1.28303292428E-02
-1.72174740807E-02
-2.05285267885E-02
-2.55985762473E-02
-2.87647703992E-02
-2.73575729984E-02
-2.23496057778E-02
-1.32028226724E-02
1.65552635391E-04
1.12989673654E-02
1.74451089543E-02
2.21219709041E-02
2.53709413737E-02
2.67781387745E-02
2.75231256338E-02
3.08341783416E-02
3.88013989198E-02
4.53407280177E-02
4.62926556712E-02
4.50510109058E-02
4.42025536494E-02
4.48647641910E-02
4.80930405811E-02
5.37839124227E-02
5.79434223869E-02
5.76950934338E-02
5.63913664301E-02
5.48393104733E-02
5.05970241914E-02
4.40783891729E-02
3.79736357428E-02
3.50350764646E-02
3.55110402914E-02
3.68975436128E-02
3.89048693169E-02
4.16778759597E-02
4.22366161041E-02
3.88427870786E-02
3.45384185585E-02
3.16205533597E-02
3.23034579807E-02
3.76011423132E-02
4.38300602198E-02
4.78240175486E-02
4.95623202202E-02
5.00796722058E-02
5.09281294622E-02
5.19835275128E-02
5.14454814478E-02
4.99348136498E-02
4.78447116280E-02
4.31471555988E-02
3.66078265008E-02
3.17861059951E-02
2.78956190634E-02
2.35291683049E-02
2.16460070774E-02
2.22047472218E-02
2.34877801461E-02
2.40879084494E-02
2.58675992798E-02
3.03789085943E-02
3.38348198580E-02
2.99029447675E-02
2.07354675827E-02
1.10506384124E-02
2.69023032510E-04
-1.10920265712E-02
-1.87695300375E-02
-2.11493491712E-02
-2.10665728535E-02
-2.07975498210E-02
-1.97421517704E-02
-1.72588622395E-02
-1.48376549469E-02
-1.27475529251E-02
-1.08850857770E-02
-1.03884278708E-02
-1.17749311922E-02
-1.44858555967E-02
-1.73623326366E-02
-1.84591188461E-02
-1.57481944416E-02
-1.16093785568E-02
-1.02021811560E-02
-1.10092502535E-02
-1.13403555243E-02
-1.03263456325E-02
-7.67750346626E-03
-5.48393104733E-03
-6.33238830371E-03
-9.27094758190E-03
-1.39685036111E-02
-1.83142602901E-02
-2.04457504708E-02
-2.04664445502E-02
-2.09631024564E-02
-2.43983196408E-02
-2.89510171140E-02
-3.06272375473E-02
-2.94062868613E-02
-2.91372638288E-02
-2.98201684498E-02
-2.68195269333E-02
-2.21219709041E-02
-2.03629741531E-02
-2.01560333589E-02
-1.83763425284E-02
-1.52308424560E-02
-1.38029509757E-02
-1.64517931420E-02
-2.02595037560E-02
-2.29911222399E-02
-2.39430498934E-02
-2.21633590630E-02
-2.09010202181E-02
-2.08803261387E-02
-1.93282701819E-02
-1.62241582683E-02
-1.60379115535E-02
-2.04457504708E-02
-2.70678558864E-02
-3.24690106161E-02
-3.43728659231E-02
-3.46832771144E-02
-3.66699087391E-02
-3.96084680173E-02
-4.28160503280E-02
-4.62305734329E-02
-4.95830142996E-02
-4.94588498231E-02
-4.48233760321E-02
-3.96291620967E-02
-3.63594975478E-02
-3.38555139375E-02
-3.19309645510E-02
-2.84750532873E-02
-2.29497340811E-02
-1.99283984852E-02
-1.99904807235E-02
-1.93489642613E-02
-1.48169608675E-02
-7.80166794280E-03
-1.03470397119E-03
3.24897046955E-03
5.87711855638E-03
8.25693769013E-03
9.97454628231E-03
8.91914823169E-03
3.10411191358E-03
-4.63547379095E-03
-1.02228752354E-02
-1.42375266436E-02
-2.01767274383E-02
-2.56606584856E-02
-2.71920203630E-02
-2.53709413737E-02
-2.13976781243E-02
-1.45065496761E-02
-4.82172050576E-03
3.86979285226E-03
9.51927653498E-03
1.21681187012E-02
1.33683753078E-02
1.39064213728E-02
1.40719740082E-02
1.50445957412E-02
1.70726155247E-02
1.93903524202E-02
1.87281418786E-02
1.36373983403E-02
7.76027978395E-03
3.08341783416E-03
2.48328953087E-04
-1.24164476543E-03
-1.71760859218E-03
-3.51799350206E-04
1.44858555967E-03
3.29035862840E-03
6.33238830371E-03
8.58804296091E-03
8.91914823169E-03
9.10539494651E-03
1.10092502535E-02
1.51273720589E-02
2.08182439004E-02
2.56813525650E-02
2.79163131428E-02
2.91993460671E-02
3.09997309770E-02
3.22413757424E-02
3.37106553815E-02
3.58421455622E-02
3.65664383420E-02
3.65250501831E-02
3.90083397140E-02
4.39749187757E-02
4.73480537218E-02
4.90863563934E-02
4.86103925667E-02
4.45957411585E-02
3.94843035408E-02
3.48902179087E-02
3.06479316268E-02
2.87647703992E-02
3.02754381971E-02
3.40417606523E-02
3.79736357428E-02
4.13053825301E-02
4.31471555988E-02
4.24021687395E-02
3.70424021687E-02
2.91786519877E-02
2.22668294601E-02
1.73209444778E-02
1.61206878712E-02
1.83970366078E-02
1.93075761025E-02
1.67208161745E-02
1.30579641165E-02
9.66413509095E-03
8.15346729301E-03
8.67081927860E-03
1.00987107589E-02
9.53997061441E-03
4.24228628189E-03
-3.26966454897E-03
-1.04712041885E-02
-1.65345694597E-02
-2.05492208679E-02
-2.12528195683E-02
-1.81487076547E-02
-1.30993522753E-02
-9.89176996461E-03
-9.49858245556E-03
-1.05332864268E-02
-1.22302009395E-02
-1.51687602177E-02
-1.79624609399E-02
-1.97421517704E-02
-2.05285267885E-02
-2.00318688823E-02
-1.93489642613E-02
-1.94317405790E-02
-1.84591188461E-02
-1.58930529975E-02
-1.25820002897E-02
-9.51927653498E-03
-7.01529292469E-03
-5.58740144445E-03
-5.00796722058E-03
-6.43585870083E-03
-1.10092502535E-02
-1.53550069325E-02
-1.78796846222E-02
-1.99904807235E-02
-2.10458787741E-02
-2.06113031062E-02
-2.00732570412E-02
-2.22047472218E-02
-2.76472901103E-02
-3.13929184860E-02
-3.01305796412E-02
-2.60331519152E-02
-2.21219709041E-02
-2.10872669329E-02
-1.98456221675E-02
-1.33269871490E-02
-2.93855927819E-03
5.27699025309E-03
8.31901992840E-03
8.23624361070E-03
3.86979285226E-03
-4.59408563210E-03
-1.30165759576E-02
-1.92454938642E-02
-2.07975498210E-02
-1.87074477992E-02
-1.54377832502E-02
-1.11334147300E-02
-5.50462512675E-03
1.26233884486E-03
7.34639819548E-03
1.11127206506E-02
1.36580924198E-02
1.77969083045E-02
2.35705564638E-02
2.78128427457E-02
2.90958756700E-02
2.86406059226E-02
2.59917637564E-02
2.30532044782E-02
2.13355958860E-02
1.95765991350E-02
1.50445957412E-02
7.63611530741E-03
-9.51927653498E-04
-8.31901992840E-03
-1.18990956687E-02
-1.18577075099E-02
-1.03470397119E-02
-7.82236202223E-03
-4.01465140823E-03
-1.65552635391E-03
-9.10539494651E-04
-8.69151335803E-04
-5.58740144445E-04
-1.44858555967E-04
4.34575667901E-04
1.59344411564E-03
3.51799350206E-03
6.00128303292E-03
6.62210541564E-03
5.38046065021E-03
9.51927653498E-04
-5.13213169712E-03
-8.04999689589E-03
-8.62943111976E-03
-9.43650021729E-03
-1.01814870765E-02
-1.11127206506E-02
-1.21681187012E-02
-1.10920265712E-02
-7.13945740124E-03
-4.46992115556E-03
-6.47724685967E-03
-1.02642633942E-02
-1.12989673654E-02
-9.56066469383E-03
-9.82968772634E-03
-1.09264739358E-02
-1.34718457049E-02
-1.78589905428E-02
-2.07768557416E-02
-2.14390662831E-02
-2.09631024564E-02
-1.93282701819E-02
-1.78382964634E-02
-1.93903524202E-02
-2.33843097490E-02
-2.58055170416E-02
-2.33015334313E-02
-2.05492208679E-02
-2.02388096766E-02
-2.07354675827E-02
-2.09010202181E-02
-2.08389379798E-02
-2.08182439004E-02
-2.06319971856E-02
-2.03836682325E-02
-2.12321254889E-02
-2.39844380523E-02
-2.63435631066E-02
-2.54951058502E-02
-2.25979347309E-02
-2.07975498210E-02
-1.85625892432E-02
-1.51066779794E-02
-1.45686319144E-02
-1.70312273659E-02
-1.77555201457E-02
-1.36373983403E-02
-8.89845415227E-03
-7.69819754568E-03
-7.80166794280E-03
-6.24961198601E-03
-2.06940794239E-03
2.75231256338E-03
5.46323696790E-03
6.99459884527E-03
8.73290151688E-03
1.13610496037E-02
1.53343128531E-02
2.02388096766E-02
2.45431781967E-02
2.82681124930E-02
3.29035862840E-02
3.75804482338E-02
3.97326324938E-02
3.97326324938E-02
4.01051259235E-02
4.17399581980E-02
4.21952279453E-02
4.00430436852E-02
3.81805765371E-02
3.67940732157E-02
3.43935600025E-02
3.07927901827E-02
2.53709413737E-02
2.08803261387E-02
2.05492208679E-02
2.41913788465E-02
2.96753098938E-02
3.45384185585E-02
3.64215797860E-02
3.68354613745E-02
3.51592409412E-02
2.94890631790E-02
2.40672143700E-02
2.05699149473E-02
1.80866254165E-02
2.01146452000E-02
2.38809676552E-02
2.40258262111E-02
2.05906090268E-02
1.65138753803E-02
1.38029509757E-02
1.27889410840E-02
1.35132338638E-02
1.54377832502E-02
1.90178589905E-02
2.30945926370E-02
2.54537176914E-02
2.51019183412E-02
2.20598886659E-02
1.84384247667E-02
1.63276286654E-02
1.28303292428E-02
6.70488173334E-03
5.38046065021E-04
-3.37313494609E-03
-4.13881588478E-03
-2.87647703992E-03
6.82904620988E-04
6.43585870083E-03
1.18990956687E-02
1.54998654885E-02
1.61620760300E-02
1.41754444054E-02
1.25613062103E-02
1.23129772572E-02
1.07816153798E-02
5.79434223869E-03
1.82107898930E-03
-1.15886844774E-03
-5.85642447696E-03
-9.97454628231E-03
-1.29337996399E-02
-1.61620760300E-02
-1.87281418786E-02
-1.94938228173E-02
-1.95559050556E-02
-2.01974215177E-02
-2.11286550918E-02
-2.12942077272E-02
-1.89971649111E-02
-1.46927963910E-02
-1.23750594955E-02
-1.20853423835E-02
-1.08023094593E-02
-9.14678310535E-03
-9.37441797902E-03
-1.20025660658E-02
-1.60586056329E-02
-2.10665728535E-02
-2.42120729259E-02
-2.42741551642E-02
-2.36533327815E-02
-2.19978064276E-02
-2.09631024564E-02
-2.05699149473E-02
-1.85832833226E-02
-1.51273720589E-02
-1.30786581959E-02
-1.28303292428E-02
-1.20025660658E-02
-1.11541088095E-02
-1.12368851272E-02
-1.39478095317E-02
-1.87488359580E-02
-2.12735136477E-02
-2.11079610124E-02
-2.05285267885E-02
-2.05699149473E-02
-2.09837965358E-02
-2.05699149473E-02
-1.80659313370E-02
-1.36994805786E-02
-9.62274693210E-03
-8.00860873704E-03
-7.86375018107E-03
-9.35372389959E-03
-1.15059081597E-02
-1.39064213728E-02
-1.53550069325E-02
-1.31407404342E-02
-9.64344101153E-03
-7.76027978395E-03
-6.76696397161E-03
-3.51799350206E-03
2.89717111934E-04
2.04871386296E-03
2.42120729259E-03
1.09678620947E-03
-2.93855927819E-03
-7.13945740124E-03
-9.08470086708E-03
-7.42917451317E-03
-5.79434223869E-03
-9.72621732922E-03
-1.46514082321E-02
-1.64310990626E-02
-1.76106615897E-02
-2.24116880161E-02
-2.99029447675E-02
-3.42900896054E-02
-3.38969020963E-02
-2.92821223848E-02
-2.33843097490E-02
-1.97007636115E-02
-1.55205595679E-02
-1.02021811560E-02
-6.82904620988E-03
-4.32506259959E-03
-4.90449682346E-03
-9.58135877325E-03
-1.55412536473E-02
-1.99904807235E-02
-2.12528195683E-02
-2.02801978354E-02
-1.83970366078E-02
-1.58516648387E-02
-1.18370134305E-02
-6.78765805103E-03
-2.64884216626E-03
5.79434223869E-04
5.04935537943E-03
7.47056267202E-03
6.70488173334E-03
4.65616787037E-03
2.79370072222E-03
2.21426649835E-03
1.59344411564E-03
1.46927963910E-03
3.10411191358E-03
3.91118101111E-03
4.46992115556E-03
5.89781263580E-03
7.28431595720E-03
7.63611530741E-03
8.25693769013E-03
1.10092502535E-02
1.39271154523E-02
1.68863688099E-02
1.96179872938E-02
2.07768557416E-02
2.13976781243E-02
2.25151584132E-02
2.36740268609E-02
2.54744117708E-02
2.71092440453E-02
2.73989611572E-02
2.88061585580E-02
2.88889348757E-02
2.53295532148E-02
1.93903524202E-02
1.45479378350E-02
1.23129772572E-02
1.35960101815E-02
1.63483227449E-02
1.86660596403E-02
2.40465202905E-02
2.98408625292E-02
3.25310928543E-02
3.41659251288E-02
3.64422738654E-02
3.72079548041E-02
3.62767212301E-02
3.45384185585E-02
3.19723527099E-02
3.08548724210E-02
3.28415040457E-02
3.53661817354E-02
3.62974153095E-02
3.51385468617E-02
3.25310928543E-02
3.08755665004E-02
2.91372638288E-02
2.62814808683E-02
2.36533327815E-02
2.05078327091E-02
1.70726155247E-02
1.23543654161E-02
8.62943111976E-03
8.75359559630E-03
1.12368851272E-02
1.21060364630E-02
1.21060364630E-02
1.26233884486E-02
1.21060364630E-02
1.19404838276E-02
1.25199180514E-02
1.12368851272E-02
8.56734888149E-03
4.55269747325E-03
-6.62210541564E-04
-3.33174678724E-03
-4.01465140823E-03
-5.25629617366E-03
-6.64279949506E-03
-7.92583241934E-03
-8.69151335803E-03
-7.01529292469E-03
-5.13213169712E-03
-5.62878960329E-03
-6.22891790659E-03
-6.33238830371E-03
-7.32570411605E-03
-9.66413509095E-03
-1.31407404342E-02
-1.64931813008E-02
-1.69070628893E-02
-1.45479378350E-02
-1.14852140803E-02
-1.00987107589E-02
-1.07609213004E-02
-1.12782732860E-02
-1.20232601453E-02
-1.39478095317E-02
-1.41133621671E-02
-1.15266022391E-02
-9.04331270823E-03
-9.02261862881E-03
-1.22095068601E-02
-1.56654181239E-02
-1.80866254165E-02
-1.93696583407E-02
-1.73623326366E-02
-1.33269871490E-02
-1.02435693148E-02
-8.75359559630E-03
-9.06400678766E-03
-9.85038180577E-03
-9.99524036173E-03
-7.59472714856E-03
-2.35912505432E-03
2.71092440453E-03
2.81439480165E-03
-2.46259545144E-03
-9.68482917037E-03
-1.71140036835E-02
-2.06113031062E-02
-2.07768557416E-02
-2.26600169691E-02
-2.74403493161E-02
-3.23034579807E-02
-3.79115535045E-02
-4.27125799309E-02
-4.61064089564E-02
-5.06177182708E-02
-5.53566624589E-02
-5.77364815926E-02
-5.62051197152E-02
-5.13420110506E-02
-4.34575667901E-02
-3.34002441901E-02
-2.17908656333E-02
-1.24992239720E-02
-8.48457256379E-03
-8.91914823169E-03
-9.29164166132E-03
-8.54665480206E-03
-1.05746745856E-02
-1.27889410840E-02
-1.06781449827E-02
-7.32570411605E-03
-6.78765805103E-03
-7.71889162511E-03
-8.56734888149E-03
-1.04298160296E-02
-1.21888127807E-02
-1.17335430333E-02
-8.87776007284E-03
-3.86979285226E-03
7.65680938683E-04
4.32506259959E-03
6.64279949506E-03
6.43585870083E-03
7.73958570453E-03
1.13610496037E-02
1.35132338638E-02
1.33683753078E-02
1.33269871490E-02
1.22302009395E-02
7.78097386338E-03
1.77969083045E-03
-2.85578296050E-03
-5.52531920618E-03
-6.51863501852E-03
-6.29100014486E-03
-5.91850671523E-03
-3.58007574033E-03
-1.55205595679E-03
-1.55205595679E-03
-7.65680938683E-04
9.51927653498E-04
2.17287833951E-03
4.98727314115E-03
8.79498375515E-03
1.01400989177E-02
1.10713324918E-02
1.29131055605E-02
1.29958818782E-02
1.08436976181E-02
8.23624361070E-03
4.09742772593E-03
2.48328953087E-04
-2.83508888107E-03
-4.22159220247E-03
-2.44190137202E-03
1.96593754527E-03
7.59472714856E-03
1.46307141527E-02
2.17701715539E-02
2.59917637564E-02
2.83301947313E-02
3.04409908325E-02
3.23448461395E-02
3.38762080169E-02
3.38141257786E-02
3.04409908325E-02
2.68816091716E-02
2.48122012292E-02
2.02801978354E-02
1.47548786292E-02
1.25613062103E-02
1.45893259938E-02
1.84591188461E-02
2.15425366803E-02
2.14183722037E-02
2.01353392794E-02
1.94317405790E-02
1.76934379074E-02
1.49411253440E-02
1.15472963185E-02
7.13945740124E-03
5.07004945885E-03
6.72557581276E-03
6.56002317737E-03
2.89717111934E-03
7.65680938683E-04
4.55269747325E-04
-8.27763176955E-05
-1.03470397119E-03
-2.35912505432E-03
-2.56606584856E-03
-9.72621732922E-04
2.02801978354E-03
6.89112844815E-03
1.16921548745E-02
1.37408687375E-02
1.44858555967E-02
1.51894542971E-02
1.44030792790E-02
1.31821285930E-02
1.35546220226E-02
1.45479378350E-02
1.47134904704E-02
1.31200463547E-02
1.12575792066E-02
9.35372389959E-03
6.84974028930E-03
4.05603956708E-03
3.35244086667E-03
5.98058895350E-03
9.39511205844E-03
1.43616911202E-02
2.25151584132E-02
2.95925335761E-02
3.31726093165E-02
3.49936883058E-02
3.37313494609E-02
2.91165697494E-02
2.38602735757E-02
1.78176023840E-02
1.24578358132E-02
8.77428967572E-03
2.27634873663E-03
-6.62210541564E-03
-1.48376549469E-02
-2.15218426008E-02
-2.58055170416E-02
-2.57434348033E-02
-2.25358524926E-02
-1.87488359580E-02
-1.42582207231E-02
-9.89176996461E-03
-6.39447054198E-03
-3.95256916996E-03
-3.26966454897E-03
-4.36645075844E-03
-3.80771061399E-03
-3.43521718436E-03
-6.51863501852E-03
-1.25406121309E-02
-1.85418951638E-02
-2.08803261387E-02
-1.95559050556E-02
-1.81694017342E-02
-1.91627175465E-02
-1.92661879436E-02
-1.63483227449E-02
-1.18990956687E-02
-8.44318440494E-03
-7.69819754568E-03
-9.47788837614E-03
-1.19404838276E-02
-1.29751877988E-02
-1.12161910477E-02
-1.04918982679E-02
-1.30165759576E-02
-1.43203029613E-02
-1.43616911202E-02
-1.58723589181E-02
-1.90799412288E-02
-2.11493491712E-02
-2.12114314095E-02
-1.92868820231E-02
-1.58309707593E-02
-1.27475529251E-02
-9.95385220288E-03
-6.58071725679E-03
-2.60745400741E-03
1.80038490988E-03
4.20089812305E-03
3.08341783416E-03
3.53868758148E-03
6.00128303292E-03
5.04935537943E-03
1.84177306873E-03
-3.93187509054E-04
-1.94524346584E-03
-2.71092440453E-03
-3.78701653457E-03
-6.24961198601E-03
-9.18817126420E-03
-1.23750594955E-02
-1.48583490263E-02
-1.55826418062E-02
-1.61206878712E-02
-1.69070628893E-02
-1.72795563189E-02
-1.69277569687E-02
-1.50032075823E-02
-1.31407404342E-02
-1.27268588457E-02
-1.03470397119E-02
-7.59472714856E-03
-8.42249032552E-03
-9.60205285268E-03
-8.87776007284E-03
-7.61542122799E-03
-6.24961198601E-03
-5.58740144445E-03
-5.38046065021E-03
-3.80771061399E-03
-2.06940794239E-05
3.12480599301E-03
5.33907249136E-03
7.92583241934E-03
1.06160627444E-02
1.25613062103E-02
1.28096351634E-02
1.40512799288E-02
1.55619477268E-02
1.39271154523E-02
1.24371417338E-02
1.24371417338E-02
1.13610496037E-02
9.16747718478E-03
7.34639819548E-03
5.29768433251E-03
3.43521718436E-03
1.44858555967E-03
-6.82904620988E-04
-1.59344411564E-03
-2.29704281605E-03
-2.50398361029E-03
-1.75899675103E-03
-4.96657906173E-04
1.94524346584E-03
5.31837841194E-03
6.78765805103E-03
6.41516462140E-03
3.84909877284E-03
-7.65680938683E-04
-1.80038490988E-03
4.13881588478E-04
-3.72493429630E-04
-3.55938166091E-03
-3.53868758148E-03
-1.63483227449E-03
3.72493429630E-04
2.17287833951E-03
3.58007574033E-03
6.51863501852E-03
9.68482917037E-03
1.03884278708E-02
8.17416137243E-03
5.23560209424E-03
2.48328953087E-03
8.69151335803E-04
-4.55269747325E-04
-2.89717111934E-04
9.51927653498E-04
1.48997371852E-03
2.87647703992E-03
5.02866130000E-03
5.75295407984E-03
4.73894418807E-03
4.80102642634E-03
5.38046065021E-03
4.88380274403E-03
4.86310866461E-03
4.05603956708E-03
1.24164476543E-03
-5.17351985597E-04
-8.27763176955E-04
-2.56606584856E-03
-4.63547379095E-03
-4.18020404362E-03
-3.66285205803E-03
-4.34575667901E-03
-4.63547379095E-03
-5.50462512675E-03
-7.65680938683E-03
-1.04712041885E-02
-1.39064213728E-02
-1.45893259938E-02
-1.29131055605E-02
-1.12575792066E-02
-8.25693769013E-03
-2.56606584856E-03
4.11812180535E-03
1.00366285206E-02
1.51894542971E-02
1.65966516979E-02
1.44030792790E-02
1.17956252716E-02
8.96053639054E-03
7.44986859260E-03
9.33302982017E-03
1.22508950189E-02
1.16300726362E-02
9.16747718478E-03
7.88444426050E-03
7.49125675144E-03
7.13945740124E-03
8.17416137243E-03
9.87107588519E-03
1.08436976181E-02
1.28717174017E-02
1.51894542971E-02
1.65552635391E-02
1.59344411564E-02
1.21888127807E-02
9.53997061441E-03
7.57403306914E-03
6.62210541564E-03
8.60873704033E-03
1.25613062103E-02
1.54998654885E-02
1.49825135029E-02
1.28717174017E-02
1.22508950189E-02
1.35753161021E-02
1.63690168243E-02
1.75485793514E-02
1.34511516255E-02
7.11876332181E-03
2.95925335761E-03
-4.13881588478E-04
-6.04267119177E-03
-1.25613062103E-02
-1.58309707593E-02
-1.51273720589E-02
-1.31614345136E-02
-1.16093785568E-02
-9.93315812346E-03
-7.34639819548E-03
-4.57339155268E-03
-2.50398361029E-03
-1.55205595679E-03
-2.11079610124E-03
-4.53200339383E-03
-7.82236202223E-03
-9.49858245556E-03
-9.99524036173E-03
-9.41580613786E-03
-9.12608902593E-03
-9.12608902593E-03
-8.40179624609E-03
-7.86375018107E-03
-8.48457256379E-03
-1.16714607951E-02
-1.63897109037E-02
-1.80245431782E-02
-1.63069345860E-02
-1.36994805786E-02
-1.03470397119E-02
-8.65012519918E-03
-7.67750346626E-03
-6.29100014486E-03
-5.19421393539E-03
-4.63547379095E-03
-3.33174678724E-03
-4.34575667901E-03
-9.18817126420E-03
-1.36373983403E-02
-1.62655464272E-02
-1.92247997848E-02
-2.23909939366E-02
-2.38188854169E-02
-2.20805827453E-02
-2.05906090268E-02
-2.05906090268E-02
-1.92661879436E-02
-1.55412536473E-02
-1.22715890984E-02
-1.05539805062E-02
-8.85706599342E-03
-7.86375018107E-03
-8.48457256379E-03
-9.68482917037E-03
-1.06160627444E-02
-1.16093785568E-02
-1.19404838276E-02
-1.02435693148E-02
-6.41516462140E-03
-4.03534548766E-03
-6.02197711235E-03
-6.74626989218E-03
-4.34575667901E-03
-2.66953624568E-03
-2.40051321317E-03
-1.92454938642E-03
-1.82107898930E-03
-3.51799350206E-03
-5.64948368272E-03
-7.53264491029E-03
-7.65680938683E-03
-4.92519090288E-03
6.20822382716E-04
7.67750346626E-03
1.32855989901E-02
1.40512799288E-02
1.34925397844E-02
1.48790431058E-02
1.66380398568E-02
1.68035924922E-02
1.70933096041E-02
1.60172174741E-02
1.28096351634E-02
9.97454628231E-03
8.31901992840E-03
6.76696397161E-03
5.60809552387E-03
4.96657906173E-03
4.30436852017E-03
3.82840469342E-03
2.71092440453E-03
2.66953624568E-03
3.20758231070E-03
3.68354613745E-03
4.03534548766E-03
4.24228628189E-03
6.76696397161E-03
1.06160627444E-02
1.31200463547E-02
1.32028226724E-02
1.36373983403E-02
1.39271154523E-02
1.06160627444E-02
5.98058895350E-03
3.45591126379E-03
4.32506259959E-03
6.76696397161E-03
8.77428967572E-03
1.12161910477E-02
1.20439542247E-02
1.07609213004E-02
1.02021811560E-02
1.05746745856E-02
1.06367568239E-02
8.21554953128E-03
5.81503631811E-03
7.86375018107E-03
1.35960101815E-02
1.80866254165E-02
1.88109181963E-02
2.04664445502E-02
2.19564182687E-02
2.12114314095E-02
1.94317405790E-02
1.74658030338E-02
1.52101483765E-02
1.23129772572E-02
9.27094758190E-03
6.97390476585E-03
4.24228628189E-03
1.46927963910E-03
8.89845415227E-04
1.67622043333E-03
1.53136187737E-03
9.10539494651E-04
2.42120729259E-03
5.67017776214E-03
6.97390476585E-03
4.78033234692E-03
2.56606584856E-03
3.47660534321E-03
3.99395732881E-03
2.13149018066E-03
9.93315812346E-04
9.93315812346E-04
8.48457256379E-04
2.06940794239E-04
-3.72493429630E-04
6.41516462140E-04
1.67622043333E-03
5.17351985597E-04
-1.36580924198E-03
-4.49061523498E-03
-8.67081927860E-03
-1.04091219502E-02
-8.89845415227E-03
-5.85642447696E-03
-3.43521718436E-03
-6.41516462140E-04
3.24897046955E-03
7.57403306914E-03
8.65012519918E-03
6.66349357449E-03
5.42184880906E-03
4.34575667901E-03
2.17287833951E-03
2.06940794239E-04
-2.29704281605E-03
-6.27030606543E-03
-1.09264739358E-02
-1.51273720589E-02
-1.73416385572E-02
-1.72381681601E-02
-1.56861122033E-02
-1.39271154523E-02
-1.41133621671E-02
-1.51066779794E-02
-1.51894542971E-02
-1.41340562465E-02
-1.15266022391E-02
-8.23624361070E-03
-7.28431595720E-03
-9.70552324980E-03
-1.15472963185E-02
-1.25613062103E-02
-1.35546220226E-02
-1.46100200733E-02
-1.58516648387E-02
-1.55205595679E-02
-1.44444674379E-02
-1.48790431058E-02
-1.56240299650E-02
-1.55412536473E-02
-1.42168325642E-02
-1.10506384124E-02
-7.82236202223E-03
-5.75295407984E-03
-3.95256916996E-03
-2.73161848395E-03
-3.37313494609E-03
-3.89048693169E-03
-2.44190137202E-03
4.13881588478E-05
1.77969083045E-03
1.44858555967E-03
1.20025660658E-03
3.62146389918E-03
7.71889162511E-03
9.04331270823E-03
7.61542122799E-03
6.99459884527E-03
8.00860873704E-03
9.04331270823E-03
9.20886534363E-03
7.90513833992E-03
5.58740144445E-03
4.98727314115E-03
5.73226000041E-03
6.08405935062E-03
6.00128303292E-03
6.47724685967E-03
7.18084556009E-03
7.13945740124E-03
6.78765805103E-03
5.17351985597E-03
2.56606584856E-03
9.72621732922E-04
8.69151335803E-04
7.24292779836E-04
2.06940794239E-05
-1.24164476543E-04
1.59344411564E-03
4.11812180535E-03
5.40115472963E-03
5.50462512675E-03
4.88380274403E-03
3.86979285226E-03
3.00064151646E-03
3.33174678724E-03
3.89048693169E-03
2.77300664280E-03
1.32442108313E-03
7.24292779836E-04
2.06940794239E-05
-8.48457256379E-04
-5.79434223869E-04
1.84177306873E-03
4.90449682346E-03
6.22891790659E-03
5.27699025309E-03
4.24228628189E-03
4.01465140823E-03
2.81439480165E-03
9.10539494651E-04
-2.27634873663E-04
-9.51927653498E-04
-1.36580924198E-03
-1.51066779794E-03
-1.94524346584E-03
-2.04871386296E-03
-1.30372700370E-03
-7.44986859260E-04
-6.62210541564E-04
-1.24164476543E-04
6.62210541564E-04
1.03470397119E-03
1.22095068601E-03
2.27634873663E-04
-1.11748028889E-03
-1.92454938642E-03
-2.81439480165E-03
-3.14550007243E-03
-3.31105270782E-03
-4.24228628189E-03
-5.09074353827E-03
-5.35976657078E-03
-6.82904620988E-03
-8.98123046996E-03
-8.85706599342E-03
-8.07069097531E-03
-8.69151335803E-03
-8.73290151688E-03
-7.30501003663E-03
-6.24961198601E-03
-7.07737516297E-03
-8.69151335803E-03
-9.18817126420E-03
-8.77428967572E-03
-8.40179624609E-03
-8.29832584897E-03
-7.98791465762E-03
-7.28431595720E-03
-6.56002317737E-03
-5.48393104733E-03
-4.63547379095E-03
-4.80102642634E-03
-4.80102642634E-03
-4.65616787037E-03
-4.32506259959E-03
-3.78701653457E-03
-3.62146389918E-03
-3.68354613745E-03
-3.64215797860E-03
-3.53868758148E-03
-3.53868758148E-03
-3.18688823128E-03
-2.21426649835E-03
-1.34511516255E-03
-1.46927963910E-03
-2.11079610124E-03
-2.25565465720E-03
-2.48328953087E-03
-3.04202967531E-03
-2.93855927819E-03
-2.15218426008E-03
-1.48997371852E-03
-6.41516462140E-04
3.10411191358E-04
9.72621732922E-04
1.03470397119E-03
8.07069097531E-04
1.11748028889E-03
1.65552635391E-03
1.77969083045E-03
1.63483227449E-03
1.53136187737E-03
1.36580924198E-03
1.13817436831E-03
1.38650332140E-03
1.88316122757E-03
2.04871386296E-03
2.11079610124E-03
2.37981913375E-03
2.77300664280E-03
3.12480599301E-03
3.31105270782E-03
3.45591126379E-03
3.49729942264E-03
3.51799350206E-03
3.68354613745E-03
3.86979285226E-03
3.91118101111E-03
3.93187509054E-03
4.20089812305E-03
4.26298036132E-03
4.05603956708E-03
4.03534548766E-03
4.18020404362E-03
4.26298036132E-03
4.03534548766E-03
3.62146389918E-03
3.45591126379E-03
3.45591126379E-03
3.45591126379E-03
3.51799350206E-03
3.66285205803E-03
3.91118101111E-03
3.97326324938E-03
3.68354613745E-03
3.35244086667E-03
3.12480599301E-03
2.81439480165E-03
2.50398361029E-03
2.50398361029E-03
2.62814808683E-03
2.44190137202E-03
2.25565465720E-03
2.17287833951E-03
2.11079610124E-03
1.96593754527E-03
1.84177306873E-03
1.86246714815E-03
2.02801978354E-03
2.15218426008E-03
2.09010202181E-03
1.86246714815E-03
1.67622043333E-03
1.53136187737E-03
1.24164476543E-03
1.01400989177E-03
8.89845415227E-04
8.48457256379E-04
8.07069097531E-04
8.07069097531E-04
7.86375018107E-04
6.82904620988E-04
6.00128303292E-04
5.79434223869E-04
5.79434223869E-04
5.38046065021E-04
4.34575667901E-04
3.31105270782E-04
2.48328953087E-04
1.65552635391E-04
6.20822382716E-05
-2.06940794239E-05
-6.20822382716E-05
-4.13881588478E-05
-4.13881588478E-05
-6.20822382716E-05
-8.27763176955E-05
-1.03470397119E-04
-1.24164476543E-04
-1.44858555967E-04
-1.44858555967E-04
-1.44858555967E-04
-1.24164476543E-04
-1.24164476543E-04
-1.24164476543E-04
-1.44858555967E-04
-1.86246714815E-04
-2.06940794239E-04
-2.27634873663E-04
-2.06940794239E-04
-2.06940794239E-04
-2.06940794239E-04
-2.06940794239E-04
-1.86246714815E-04
-1.65552635391E-04
-1.44858555967E-04
-1.44858555967E-04
-1.44858555967E-04
-1.65552635391E-04
-1.65552635391E-04
-1.65552635391E-04
-1.65552635391E-04
-1.86246714815E-04
-1.86246714815E-04
-1.86246714815E-04
-1.86246714815E-04
-1.86246714815E-04
-1.86246714815E-04
-1.86246714815E-04
-1.86246714815E-04
-1.86246714815E-04
-1.86246714815E-04
-1.86246714815E-04
-2.06940794239E-04
-2.06940794239E-04
-2.06940794239E-04
-2.27634873663E-04
-2.27634873663E-04
-2.27634873663E-04
-2.27634873663E-04
-2.27634873663E-04
-2.48328953087E-04
-2.48328953087E-04
-2.48328953087E-04
-2.48328953087E-04
-2.48328953087E-04
-2.48328953087E-04
-2.48328953087E-04
-2.69023032510E-04
-2.69023032510E-04
-2.69023032510E-04
-2.69023032510E-04
-2.69023032510E-04
-2.69023032510E-04
-2.89717111934E-04
-2.89717111934E-04
-2.89717111934E-04
-2.89717111934E-04
-2.89717111934E-04
-2.89717111934E-04
-3.10411191358E-04
-3.10411191358E-04
-3.10411191358E-04
-3.10411191358E-04
-3.10411191358E-04
-3.10411191358E-04
