1.11748028889E-03
1.11748028889E-03
1.09678620947E-03
1.09678620947E-03
1.09678620947E-03
1.07609213004E-03
1.07609213004E-03
1.05539805062E-03
1.05539805062E-03
1.05539805062E-03
1.05539805062E-03
1.05539805062E-03
1.03470397119E-03
1.03470397119E-03
1.03470397119E-03
1.05539805062E-03
1.07609213004E-03
1.05539805062E-03
1.01400989177E-03
9.93315812346E-04
9.72621732922E-04
9.72621732922E-04
9.51927653498E-04
9.72621732922E-04
1.01400989177E-03
1.01400989177E-03
9.72621732922E-04
9.10539494651E-04
8.69151335803E-04
9.10539494651E-04
9.51927653498E-04
9.51927653498E-04
8.27763176955E-04
6.62210541564E-04
6.41516462140E-04
8.27763176955E-04
9.31233574074E-04
9.31233574074E-04
9.51927653498E-04
9.51927653498E-04
1.03470397119E-03
1.15886844774E-03
9.72621732922E-04
6.41516462140E-04
5.17351985597E-04
6.00128303292E-04
7.44986859260E-04
7.03598700412E-04
5.79434223869E-04
6.62210541564E-04
8.07069097531E-04
8.07069097531E-04
6.62210541564E-04
5.38046065021E-04
6.20822382716E-04
8.07069097531E-04
1.03470397119E-03
8.89845415227E-04
3.93187509054E-04
3.51799350206E-04
7.44986859260E-04
6.82904620988E-04
3.93187509054E-04
6.62210541564E-04
9.31233574074E-04
7.03598700412E-04
4.55269747325E-04
5.38046065021E-04
6.41516462140E-04
4.75963826749E-04
2.48328953087E-04
1.65552635391E-04
-1.03470397119E-04
-2.27634873663E-04
4.13881588478E-05
2.48328953087E-04
1.03470397119E-04
5.38046065021E-04
1.24164476543E-03
9.51927653498E-04
4.13881588478E-04
5.38046065021E-04
2.89717111934E-04
-1.65552635391E-04
4.34575667901E-04
9.72621732922E-04
9.31233574074E-04
4.34575667901E-04
-1.86246714815E-04
-3.51799350206E-04
-2.48328953087E-04
-3.10411191358E-04
-1.65552635391E-04
2.06940794239E-05
-4.13881588478E-05
2.27634873663E-04
1.01400989177E-03
1.38650332140E-03
4.96657906173E-04
-3.31105270782E-04
-4.13881588478E-05
8.27763176955E-04
4.96657906173E-04
-4.55269747325E-04
-3.10411191358E-04
5.58740144445E-04
3.51799350206E-04
1.86246714815E-04
9.93315812346E-04
9.10539494651E-04
5.38046065021E-04
5.79434223869E-04
5.58740144445E-04
4.13881588478E-04
0.00000000000E+00
-1.44858555967E-04
8.27763176955E-04
8.48457256379E-04
-7.86375018107E-04
-1.26233884486E-03
-3.10411191358E-04
-6.41516462140E-04
-2.31773689547E-03
-2.87647703992E-03
-2.04871386296E-03
-5.79434223869E-04
2.48328953087E-04
6.00128303292E-04
8.07069097531E-04
2.27634873663E-04
-3.31105270782E-04
2.69023032510E-04
2.06940794239E-05
-9.93315812346E-04
-8.48457256379E-04
-7.44986859260E-04
-1.05539805062E-03
-1.88316122757E-03
-1.80038490988E-03
-5.17351985597E-04
1.44858555967E-04
-5.38046065021E-04
-1.28303292428E-03
-6.82904620988E-04
3.10411191358E-04
1.51066779794E-03
3.10411191358E-03
2.40051321317E-03
-5.79434223869E-04
-1.61413819506E-03
4.13881588478E-05
6.00128303292E-04
-7.86375018107E-04
-2.13149018066E-03
-2.73161848395E-03
-1.40719740082E-03
5.38046065021E-04
9.72621732922E-04
7.24292779836E-04
8.69151335803E-04
1.03470397119E-04
-1.82107898930E-03
-2.66953624568E-03
-2.52467768971E-03
-2.58675992798E-03
-2.13149018066E-03
-1.03470397119E-03
-9.10539494651E-04
-8.69151335803E-04
1.03470397119E-04
1.65552635391E-04
-4.55269747325E-04
-1.38650332140E-03
-1.84177306873E-03
-2.23496057778E-03
-1.82107898930E-03
-6.82904620988E-04
2.69023032510E-04
7.03598700412E-04
3.10411191358E-04
2.48328953087E-04
8.69151335803E-04
-4.75963826749E-04
-2.62814808683E-03
-2.40051321317E-03
-8.69151335803E-04
-1.07609213004E-03
-1.73830267161E-03
-1.75899675103E-03
-1.75899675103E-03
4.34575667901E-04
2.85578296050E-03
1.11748028889E-03
-2.33843097490E-03
-2.15218426008E-03
-8.69151335803E-04
-2.44190137202E-03
-4.15950996420E-03
-3.58007574033E-03
-2.27634873663E-03
-1.20025660658E-03
8.89845415227E-04
1.40719740082E-03
-6.62210541564E-04
-1.42789148025E-03
-1.40719740082E-03
-1.92454938642E-03
-2.42120729259E-03
-2.56606584856E-03
-1.71760859218E-03
-1.17956252716E-03
-5.17351985597E-04
-5.58740144445E-04
-6.82904620988E-04
-5.38046065021E-04
-1.75899675103E-03
-3.16619415185E-03
-3.02133559589E-03
-2.29704281605E-03
-2.04871386296E-03
-8.89845415227E-04
5.58740144445E-04
6.62210541564E-04
8.27763176955E-05
2.06940794239E-05
2.48328953087E-04
-2.06940794239E-05
-1.67622043333E-03
-3.91118101111E-03
-5.35976657078E-03
-5.95989487408E-03
-6.02197711235E-03
-3.86979285226E-03
-1.44858555967E-03
-1.22095068601E-03
-1.26233884486E-03
-4.13881588478E-05
-4.13881588478E-05
-6.41516462140E-04
-2.06940794239E-05
9.10539494651E-04
2.06940794239E-04
-1.36580924198E-03
-2.46259545144E-03
-2.79370072222E-03
-3.02133559589E-03
-2.06940794239E-03
-9.10539494651E-04
5.38046065021E-04
2.17287833951E-03
2.04871386296E-03
3.51799350206E-04
-1.59344411564E-03
-2.11079610124E-03
-3.29035862840E-03
-6.06336527120E-03
-8.46387848437E-03
-8.33971400782E-03
-7.40848043375E-03
-7.71889162511E-03
-7.26362187778E-03
-5.21490801482E-03
-5.19421393539E-03
-4.11812180535E-03
-1.65552635391E-04
2.69023032510E-03
2.60745400741E-03
2.46259545144E-03
3.31105270782E-03
3.49729942264E-03
5.07004945885E-03
6.35308238313E-03
2.06940794239E-03
-5.19421393539E-03
-8.98123046996E-03
-1.08023094593E-02
-1.25820002897E-02
-1.13610496037E-02
-7.96722057819E-03
-3.97326324938E-03
-7.24292779836E-04
4.13881588478E-04
-1.20025660658E-03
-4.44922707613E-03
-7.40848043375E-03
-8.75359559630E-03
-8.00860873704E-03
-9.25025350247E-03
-1.32028226724E-02
-1.53550069325E-02
-1.39064213728E-02
-1.10092502535E-02
-8.40179624609E-03
-7.94652649877E-03
-1.00987107589E-02
-1.00987107589E-02
-6.97390476585E-03
-4.32506259959E-03
-1.55205595679E-03
3.97326324938E-03
9.33302982017E-03
8.67081927860E-03
1.28303292428E-03
-8.71220743745E-03
-1.56861122033E-02
-1.68656747305E-02
-1.18577075099E-02
-5.19421393539E-03
-3.37313494609E-03
-7.03598700412E-03
-1.14852140803E-02
-1.28510233222E-02
-1.46307141527E-02
-1.74037207955E-02
-1.70726155247E-02
-1.47134904704E-02
-1.26026943691E-02
-1.12368851272E-02
-1.08850857770E-02
-1.17335430333E-02
-1.15266022391E-02
-6.08405935062E-03
2.54537176914E-03
6.22891790659E-03
6.41516462140E-04
-5.60809552387E-03
-6.68418765391E-03
-3.97326324938E-03
-2.48328953087E-04
1.26233884486E-03
-1.88316122757E-03
-7.51195083087E-03
-1.11541088095E-02
-1.24785298926E-02
-1.31821285930E-02
-1.14438259214E-02
-6.20822382716E-03
-1.24164476543E-03
-1.40719740082E-03
-9.66413509095E-03
-1.97628458498E-02
-2.46673426733E-02
-2.36740268609E-02
-2.16046189185E-02
-2.03008919148E-02
-1.91006353082E-02
-1.72174740807E-02
-1.09678620947E-02
4.13881588478E-04
1.09678620947E-02
1.36373983403E-02
9.35372389959E-03
6.24961198601E-03
4.65616787037E-03
1.69691451276E-03
-1.65552635391E-04
-2.48328953087E-04
6.62210541564E-04
-7.86375018107E-04
-6.72557581276E-03
-1.27475529251E-02
-1.51066779794E-02
-1.79624609399E-02
-2.16873952362E-02
-2.01353392794E-02
-1.07609213004E-02
1.38650332140E-03
1.14231318420E-02
1.62034641889E-02
1.51894542971E-02
8.44318440494E-03
-3.91118101111E-03
-1.58930529975E-02
-2.18943360305E-02
-2.25772406514E-02
-1.94524346584E-02
-1.53963950914E-02
-1.50239016617E-02
-1.54377832502E-02
-8.83637191400E-03
9.35372389959E-03
3.36899613021E-02
5.22732446247E-02
5.40736295346E-02
3.73942015189E-02
1.01607929971E-02
-1.56240299650E-02
-3.29656685222E-02
-3.97740206527E-02
-3.51592409412E-02
-2.53088591354E-02
-1.81073194959E-02
-1.27889410840E-02
-6.89112844815E-03
-1.03470397119E-04
6.02197711235E-03
1.12368851272E-02
1.10920265712E-02
3.12480599301E-03
-7.59472714856E-03
-1.52515365354E-02
-1.89764708317E-02
-2.00318688823E-02
-1.82728721313E-02
-1.37615628169E-02
-9.27094758190E-03
-4.22159220247E-03
3.95256916996E-03
1.71553918424E-02
3.41866192082E-02
4.84448399313E-02
5.10936820976E-02
3.62974153095E-02
1.14645200008E-02
-1.01814870765E-02
-2.68816091716E-02
-4.39335306169E-02
-5.48600045527E-02
-5.16110340831E-02
-3.69803199305E-02
-1.98663162469E-02
-7.51195083087E-03
-3.51799350206E-03
-3.58007574033E-03
-1.32442108313E-03
7.26362187778E-03
2.13562899654E-02
3.04616849119E-02
3.00064151646E-02
2.64056453449E-02
2.51640005794E-02
2.68609150922E-02
3.31519152371E-02
3.87393166815E-02
3.45177244790E-02
1.61620760300E-02
-1.24785298926E-02
-4.30229911222E-02
-6.52277383441E-02
-7.24085839041E-02
-6.52691265029E-02
-4.63547379095E-02
-1.57275003621E-02
2.40465202905E-02
6.28686132897E-02
9.09090909091E-02
1.05912298491E-01
1.12472321669E-01
1.11044430189E-01
9.91867226786E-02
7.57403306914E-02
4.35610371873E-02
9.10539494651E-03
-2.53709413737E-02
-6.05922645531E-02
-9.22335119922E-02
-1.16631831633E-01
-1.29669101670E-01
-1.26668460154E-01
-1.07650601163E-01
-8.00653932910E-02
-5.60602611593E-02
-4.30022970428E-02
-3.52420172589E-02
-2.00525629617E-02
1.14024377626E-02
5.51083335058E-02
1.02497775386E-01
1.49080148170E-01
1.91378846512E-01
2.22771764998E-01
2.35436541605E-01
2.27903896695E-01
2.04395422470E-01
1.72981809904E-01
1.44568838855E-01
1.24992239720E-01
1.10092502535E-01
1.00469755603E-01
1.07733377481E-01
1.34263187302E-01
1.59778987232E-01
1.59654822755E-01
1.26502907518E-01
7.56575543737E-02
2.96960039733E-02
2.56606584856E-03
-4.32506259959E-03
1.67622043333E-03
9.25025350247E-03
6.89112844815E-03
-8.19485545186E-03
-2.33015334313E-02
-2.34256979078E-02
2.13149018066E-03
5.15075636860E-02
1.02953045134E-01
1.33476812284E-01
1.40781822321E-01
1.35939407735E-01
1.27661775966E-01
1.11830805207E-01
7.77062682367E-02
1.89143885934E-02
-6.00542184881E-02
-1.40450717050E-01
-1.95848767668E-01
-2.06278583697E-01
-1.72878339507E-01
-1.20377460009E-01
-8.16795314860E-02
-7.32777352399E-02
-8.79705316309E-02
-1.07153943257E-01
-1.13486331561E-01
-1.04877594520E-01
-9.69103739420E-02
-9.79036897544E-02
-9.32889100428E-02
-6.60968896799E-02
-1.70726155247E-02
3.80771061399E-02
7.94238768288E-02
1.01483765495E-01
1.09554456470E-01
1.09347515676E-01
1.07547130766E-01
1.11541088095E-01
1.21143140947E-01
1.24909463403E-01
1.06657285351E-01
6.21857086687E-02
7.09806924239E-03
-3.50557705440E-02
-5.70328828922E-02
-7.25948306190E-02
-9.52134594293E-02
-1.21826045568E-01
-1.36456759721E-01
-1.23626430478E-01
-8.06862156737E-02
-2.26393228897E-02
3.12894480889E-02
6.99252943733E-02
8.48043374790E-02
6.85594851313E-02
2.22047472218E-02
-4.12433002918E-02
-1.06615897192E-01
-1.56881816112E-01
-1.76065227738E-01
-1.62800322828E-01
-1.30621029324E-01
-9.82141009457E-02
-7.70854458539E-02
-6.67591002214E-02
-5.63706723506E-02
-4.07880305445E-02
-2.90130993523E-02
-3.28415040457E-02
-5.30389255634E-02
-8.11414854210E-02
-1.08540446578E-01
-1.35028868241E-01
-1.67125385427E-01
-2.02098379654E-01
-2.25130890052E-01
-2.23268422904E-01
-1.97587070339E-01
-1.65925128821E-01
-1.44879250047E-01
-1.36932723548E-01
-1.39912670985E-01
-1.50694286365E-01
-1.62345053080E-01
-1.64724872214E-01
-1.49866523188E-01
-1.17211265857E-01
-7.79545971897E-02
-4.84034517724E-02
-4.11605239741E-02
-6.05094882354E-02
-1.09057798564E-01
-1.79314198208E-01
-2.55633963123E-01
-3.27214783850E-01
-3.83088798295E-01
-4.09411667322E-01
-3.99126709848E-01
-3.53785981831E-01
-2.79928812367E-01
-1.88709310266E-01
-8.96053639054E-02
1.11748028889E-02
1.04380936614E-01
1.84694658858E-01
2.50770854459E-01
2.96484075906E-01
3.21917099518E-01
3.33195372804E-01
3.29387662190E-01
3.10183556484E-01
2.88496161248E-01
2.79639095255E-01
2.89903358649E-01
3.14715559878E-01
3.31022494464E-01
3.05299753740E-01
2.24944643338E-01
1.09471680152E-01
-1.11748028889E-02
-1.13941601308E-01
-1.84384247667E-01
-2.16873952362E-01
-2.14866626658E-01
-1.90985659003E-01
-1.63069345860E-01
-1.46907269830E-01
-1.41237092068E-01
-1.33683753078E-01
-1.16942242824E-01
-8.88603770461E-02
-4.64168201478E-02
5.31837841194E-03
5.67845539391E-02
1.00386979285E-01
1.34656374811E-01
1.64393766943E-01
1.95083086729E-01
2.28607495396E-01
2.57165325001E-01
2.67181259442E-01
2.49239492581E-01
2.10396705503E-01
1.70084638785E-01
1.39788506508E-01
1.22550338348E-01
1.17252654016E-01
1.13093144051E-01
9.66206568301E-02
6.19994619539E-02
1.00987107589E-02
-5.25008794984E-02
-1.08602528817E-01
-1.41961384848E-01
-1.49225006726E-01
-1.33580282681E-01
-1.03884278708E-01
-7.12083272976E-02
-3.83254350930E-02
-9.72621732922E-04
4.60857148770E-02
1.03222068166E-01
1.59178858928E-01
2.00194524347E-01
2.14949402976E-01
1.89806096476E-01
1.23150466651E-01
3.70010140099E-02
-3.95256916996E-02
-8.81774724251E-02
-1.05353558347E-01
-9.87107588519E-02
-7.92169360346E-02
-4.96244024585E-02
-7.82236202223E-03
3.84702936490E-02
7.80580675869E-02
1.09616538708E-01
1.39581565714E-01
1.78279494237E-01
2.30532044782E-01
2.85102332223E-01
3.25186764067E-01
3.46211948761E-01
3.49916188978E-01
3.29739461540E-01
2.87171740165E-01
2.41189495685E-01
2.06402748174E-01
1.88936945140E-01
1.89723320158E-01
1.99822030917E-01
2.08927425863E-01
2.15880636550E-01
2.28172919728E-01
2.48970469549E-01
2.65981002835E-01
2.70119818720E-01
2.65091157420E-01
2.61635246156E-01
2.72561720092E-01
3.00064151646E-01
3.29925708255E-01
3.48508991578E-01
3.60366699087E-01
3.74128261904E-01
3.84164890425E-01
3.69948057861E-01
3.00043457567E-01
1.54708937773E-01
-5.51704157441E-02
-2.97767108830E-01
-5.36680255779E-01
-7.35508970883E-01
-8.70993108872E-01
-9.43091281584E-01
-9.60867495809E-01
-9.27591416096E-01
-8.47815739917E-01
-7.38364753844E-01
-6.23119425532E-01
-5.23208410074E-01
-4.41425408191E-01
-3.52337396271E-01
-2.27676261821E-01
-8.03964985618E-02
4.64168201478E-02
1.28282598349E-01
1.75196076403E-01
2.01932827018E-01
2.10500175900E-01
2.00546323697E-01
1.76706744200E-01
1.46182977050E-01
1.21970904124E-01
1.15369492788E-01
1.36891335389E-01
1.96904165718E-01
2.86654388180E-01
3.76383916561E-01
4.31926825735E-01
4.35879394905E-01
3.94946505805E-01
3.32098586594E-01
2.76100407673E-01
2.48039235975E-01
2.50770854459E-01
2.74631128034E-01
3.05258365582E-01
3.28787533887E-01
3.35037145873E-01
3.15750263850E-01
2.74010305652E-01
2.31566748753E-01
2.04064317199E-01
1.85170622685E-01
1.61931171492E-01
1.24888769323E-01
6.80214390663E-02
-9.53997061441E-03
-1.02539163545E-01
-2.00194524347E-01
-2.89634335617E-01
-3.59125054322E-01
-4.03720795480E-01
-4.25656519670E-01
-4.34575667901E-01
-4.44964095772E-01
-4.60339796784E-01
-4.68700204871E-01
-4.56945967759E-01
-4.13115907539E-01
-3.29346274031E-01
-2.19853899799E-01
-1.13941601308E-01
-2.97787802910E-02
3.12894480889E-02
6.98632121350E-02
8.44732322083E-02
7.49332615939E-02
4.90035800757E-02
2.35912505432E-02
8.93984231111E-03
2.73161848395E-03
4.80102642634E-03
1.90799412288E-02
4.63754319889E-02
8.73910974070E-02
1.39416013079E-01
1.85501727956E-01
1.99077044058E-01
1.53301740372E-01
4.76170767543E-02
-8.30660348074E-02
-1.95352109761E-01
-2.76038325435E-01
-3.40686629555E-01
-4.05748815264E-01
-4.69672826604E-01
-5.18779877077E-01
-5.41977940111E-01
-5.42536680256E-01
-5.35624857728E-01
-5.34072801771E-01
-5.42578068415E-01
-5.56774206899E-01
-5.60416364878E-01
-5.30658278666E-01
-4.47240444509E-01
-3.18316329698E-01
-1.87778076692E-01
-8.93777290317E-02
-1.60379115535E-02
5.23767150218E-02
1.24205864702E-01
2.06237195538E-01
3.00995385220E-01
3.96498561761E-01
4.75839662273E-01
5.21801212673E-01
5.25215735778E-01
4.95230014693E-01
4.56325145376E-01
4.32485565880E-01
4.32320013244E-01
4.50841214329E-01
4.77226165594E-01
5.03693893177E-01
5.24036173251E-01
5.37714959750E-01
5.51828321917E-01
5.67245411088E-01
5.78875483724E-01
5.85973552966E-01
5.86594375349E-01
5.68880243362E-01
5.17000186247E-01
4.29402148045E-01
3.19785609337E-01
2.02491567163E-01
8.00653932910E-02
-4.18020404362E-02
-1.47921279722E-01
-2.32249653374E-01
-3.02899240527E-01
-3.68313225586E-01
-4.26815388117E-01
-4.67437866027E-01
-4.76357014258E-01
-4.53241727542E-01
-4.14005752954E-01
-3.78680959378E-01
-3.57138422697E-01
-3.52813360098E-01
-3.74004097428E-01
-4.24808062413E-01
-4.89849554043E-01
-5.37425242638E-01
-5.45164828343E-01
-5.11950830867E-01
-4.58332471080E-01
-4.02975808621E-01
-3.57241893094E-01
-3.22144734391E-01
-2.85661072367E-01
-2.41520600956E-01
-1.90695941891E-01
-1.43823851996E-01
-1.06160627444E-01
-6.78144982720E-02
-2.59296815181E-02
1.90178589905E-02
8.18036959626E-02
1.71822941456E-01
2.74155164208E-01
3.63801916272E-01
4.22759348550E-01
4.52413964365E-01
4.70066014113E-01
4.82917037436E-01
4.79564596569E-01
4.53821161766E-01
4.11584545661E-01
3.55896777932E-01
2.85371355255E-01
2.05885396188E-01
1.29462160876E-01
6.23512613041E-02
5.44254288848E-03
-3.99188792087E-02
-6.62003600770E-02
-6.08819816650E-02
-2.19771123482E-02
3.68147672951E-02
9.57101173354E-02
1.36249818927E-01
1.51935931130E-01
1.51046085715E-01
1.39043519649E-01
1.11147900586E-01
6.88698963227E-02
2.69643854893E-02
-4.20089812305E-03
-1.95145168967E-02
-1.81073194959E-02
2.48328953087E-04
3.68354613745E-02
8.99985514144E-02
1.46369223765E-01
1.86681290483E-01
2.02201850051E-01
1.96883471639E-01
1.75982451421E-01
1.33745835317E-01
6.59106429650E-02
-1.94110464996E-02
-1.06719367589E-01
-1.84198000952E-01
-2.50439749188E-01
-3.07824431430E-01
-3.62125695838E-01
-4.11770792376E-01
-4.35817312667E-01
-4.20958963641E-01
-3.80377873890E-01
-3.28373652298E-01
-2.58137946733E-01
-1.66463174886E-01
-6.82283798605E-02
1.89971649111E-02
8.04378867206E-02
1.06222709683E-01
1.01400989177E-01
7.26362187778E-02
1.64931813008E-02
-7.37950872255E-02
-1.94151853155E-01
-3.23800260745E-01
-4.36934792956E-01
-5.21242472529E-01
-5.75336796143E-01
-5.96072263725E-01
-5.84131779898E-01
-5.52449144300E-01
-5.15075636860E-01
-4.77060612959E-01
-4.29422842125E-01
-3.55710531217E-01
-2.55820209838E-01
-1.53963950914E-01
-7.58231070091E-02
-2.27841814457E-02
2.66953624568E-02
9.78416075161E-02
1.91730645862E-01
2.84543592078E-01
3.59104360243E-01
4.22469631438E-01
4.86621277652E-01
5.51973180473E-01
6.01825217805E-01
6.13765701633E-01
5.88291289862E-01
5.47151459967E-01
5.02245307617E-01
4.51710365664E-01
3.97491877574E-01
3.43356165801E-01
2.85185108540E-01
2.22068166298E-01
1.55081431203E-01
8.19278604391E-02
4.46992115556E-03
-7.27189950955E-02
-1.43368582249E-01
-1.91006353082E-01
-2.05823313950E-01
-1.95828073588E-01
-1.79728079796E-01
-1.77534507377E-01
-1.97483599942E-01
-2.27841814457E-01
-2.50274196552E-01
-2.55509798647E-01
-2.37443867310E-01
-1.89433603046E-01
-1.20211907373E-01
-5.51497216646E-02
-2.20805827453E-02
-3.11859776918E-02
-6.57243962502E-02
-1.04960370838E-01
-1.50590815968E-01
-2.10748504853E-01
-2.78852720237E-01
-3.34478405728E-01
-3.50185212011E-01
-3.05486000455E-01
-2.11803902903E-01
-1.00800860874E-01
4.78033234692E-03
9.40132028227E-02
1.62572687954E-01
2.07623698860E-01
2.30821761894E-01
2.35167518573E-01
2.23992715684E-01
1.95807379509E-01
1.49080148170E-01
9.00192454939E-02
3.12066717712E-02
-1.29544937193E-02
-3.05030730708E-02
-2.17287833951E-02
8.77428967572E-03
5.86470210873E-02
1.23316019287E-01
1.96014320303E-01
2.70161206879E-01
3.42424932227E-01
4.08418351510E-01
4.65740951514E-01
5.15862011878E-01
5.56608654264E-01
5.81379467334E-01
5.72956977009E-01
5.06818699170E-01
3.68934047969E-01
1.66545951203E-01
-6.25582020984E-02
-2.62318150777E-01
-3.97491877574E-01
-4.71183494402E-01
-5.08287978809E-01
-5.26353910146E-01
-5.25919334478E-01
-4.97733998303E-01
-4.34079009995E-01
-3.38637915692E-01
-2.34588084349E-01
-1.50508039650E-01
-9.19644889597E-02
-4.29816029634E-02
1.44651615173E-02
8.76394263601E-02
1.59468576040E-01
2.03215859942E-01
2.14970097055E-01
2.07354675827E-01
1.93965606440E-01
1.81445688389E-01
1.71284895391E-01
1.62717546510E-01
1.50073463982E-01
1.20377460009E-01
6.67591002214E-02
3.51799350206E-04
-5.69294124951E-02
-9.45926370465E-02
-1.21184529106E-01
-1.49576806076E-01
-1.86412267450E-01
-2.25006725576E-01
-2.56999772365E-01
-2.77445522836E-01
-2.83095006519E-01
-2.71692568756E-01
-2.41396436480E-01
-1.94069076837E-01
-1.39747118349E-01
-8.70806862157E-02
-3.64008857066E-02
1.23750594955E-02
5.09902117004E-02
6.43999751671E-02
4.04155371148E-02
-1.68035924922E-02
-8.75566500424E-02
-1.55971276618E-01
-2.14701074023E-01
-2.63808124496E-01
-3.10783684788E-01
-3.57821327318E-01
-4.04569252737E-01
-4.49040829419E-01
-4.85772820396E-01
-5.06694534694E-01
-5.02141837220E-01
-4.62140181694E-01
-3.88758976057E-01
-3.00871220744E-01
-2.15528837200E-01
-1.39436707158E-01
-7.51195083087E-02
-2.30532044782E-02
1.81694017342E-02
4.89414978375E-02
6.20822382716E-02
5.10729880181E-02
2.20805827453E-02
-4.40783891729E-03
-7.80166794280E-03
2.11079610124E-02
7.30087122074E-02
1.24930157482E-01
1.58868447737E-01
1.75816898785E-01
1.91813422180E-01
2.19212383337E-01
2.59503755975E-01
3.03540756989E-01
3.37685988039E-01
3.54158475260E-01
3.57283281253E-01
3.58255902986E-01
3.57428139809E-01
3.48384827101E-01
3.32202056991E-01
3.08900523560E-01
2.79411460381E-01
2.50522525505E-01
2.31070090847E-01
2.24489373590E-01
2.25461995323E-01
2.25606853879E-01
2.22026778139E-01
2.15197731929E-01
2.00318688823E-01
1.63110734019E-01
9.92488049169E-02
2.26393228897E-02
-5.21697742276E-02
-1.14893528961E-01
-1.65614717629E-01
-2.16128965503E-01
-2.71133828612E-01
-3.25931750926E-01
-3.78639571219E-01
-4.33023611945E-01
-4.80081948555E-01
-4.86600583573E-01
-4.20069118225E-01
-2.97994743704E-01
-1.82811497631E-01
-1.25426815388E-01
-1.30269229973E-01
-1.59737599073E-01
-1.70043250626E-01
-1.44962026364E-01
-9.78416075161E-02
-4.66858431803E-02
-2.95925335761E-03
2.81439480165E-02
4.62305734329E-02
5.09695176210E-02
4.98520373321E-02
6.13165573329E-02
9.40132028227E-02
1.28468845063E-01
1.44962026364E-01
1.42602901310E-01
1.26026943691E-01
1.02497775386E-01
7.77062682367E-02
4.99141195704E-02
1.79831550193E-02
-8.11207913416E-03
-1.61620760300E-02
-9.16747718478E-03
-7.44986859260E-04
-1.17956252716E-03
-3.70424021687E-03
7.07737516297E-03
4.08087246239E-02
9.75311963247E-02
1.68594665066E-01
2.37402479151E-01
2.92014154750E-01
3.21648076485E-01
3.21337665294E-01
3.02195641827E-01
2.84336651284E-01
2.81460174244E-01
2.91227779732E-01
3.00498727314E-01
2.92138319227E-01
2.68278045651E-01
2.50419055108E-01
2.52881650560E-01
2.73141154316E-01
2.98553483848E-01
3.12459905221E-01
3.09583428181E-01
2.97974049624E-01
2.85785236844E-01
2.72168532583E-01
2.48494505722E-01
2.08596320593E-01
1.56654181239E-01
1.09326821596E-01
7.86168077313E-02
6.30341659251E-02
5.34114189930E-02
3.46832771144E-02
-1.07609213004E-03
-4.71825010864E-02
-9.31233574074E-02
-1.28344680587E-01
-1.49369865282E-01
-1.64455849182E-01
-1.81093889038E-01
-1.93282701819E-01
-1.91999668895E-01
-1.78093247522E-01
-1.56033358856E-01
-1.32897378060E-01
-1.19839413944E-01
-1.18163193510E-01
-1.17087101380E-01
-1.04567183329E-01
-7.52643668646E-02
-3.57386751650E-02
-8.69151335803E-04
1.87695300375E-02
1.79624609399E-02
-8.48457256379E-04
-2.38188854169E-02
-4.06224779091E-02
-4.92932971877E-02
-5.34941953107E-02
-5.67638598597E-02
-6.59520311239E-02
-8.24038242659E-02
-1.00221426650E-01
-1.11872193365E-01
-1.13010367734E-01
-1.04298160296E-01
-9.07642323531E-02
-7.95273472260E-02
-7.30501003663E-02
-7.18291496803E-02
-7.55747780560E-02
-8.35833867930E-02
-9.44684725700E-02
-1.05270782029E-01
-1.12555097986E-01
-1.16114479647E-01
-1.14252012499E-01
-1.05746745856E-01
-9.45098607288E-02
-8.82188605840E-02
-8.61287585622E-02
-7.93617945906E-02
-6.19166856362E-02
-2.98201684498E-02
1.70933096041E-02
7.02977878029E-02
1.21681187012E-01
1.64248908387E-01
1.91668563624E-01
2.06775241603E-01
2.18839889907E-01
2.36367775180E-01
2.57806841463E-01
2.68526374604E-01
2.50895018935E-01
2.05906090268E-01
1.52618835751E-01
1.11934275604E-01
9.46961074437E-02
9.51927653498E-02
9.64964923535E-02
8.42455973346E-02
5.62051197152E-02
2.21633590630E-02
-1.12368851272E-02
-5.20869979099E-02
-1.04712041885E-01
-1.56405852286E-01
-1.90633859653E-01
-1.96345425574E-01
-1.74451089543E-01
-1.38753802537E-01
-1.04194689899E-01
-7.37330049873E-02
-4.36852016638E-02
-9.08470086708E-03
2.85578296050E-02
5.97851954556E-02
8.12035676593E-02
9.10125613062E-02
8.58183473708E-02
6.66763239037E-02
3.58214514827E-02
1.88316122757E-03
-1.62448523477E-02
-6.06336527120E-03
2.56399644062E-02
5.70949651305E-02
7.19740082362E-02
7.39192517021E-02
7.52850609441E-02
8.33971400782E-02
8.87776007284E-02
7.22637253482E-02
2.47294249115E-02
-3.16619415185E-02
-6.29513896074E-02
-5.60602611593E-02
-2.41706847671E-02
5.40115472963E-03
1.62241582683E-02
1.21267305424E-02
7.22223371893E-03
1.36787864992E-02
3.28208099663E-02
5.00382840469E-02
5.32044781988E-02
4.18641226745E-02
2.02801978354E-02
-3.68354613745E-03
-2.25358524926E-02
-3.73942015189E-02
-5.50048631087E-02
-7.71475280922E-02
-9.77174430395E-02
-1.10527078203E-01
-1.13155226290E-01
-1.07278107733E-01
-9.14264428947E-02
-6.58899488856E-02
-4.00430436852E-02
-2.20598886659E-02
-1.06574509033E-02
-3.31105270782E-04
8.91914823169E-03
8.85706599342E-03
0.00000000000E+00
-6.74626989218E-03
-2.56606584856E-03
1.41961384848E-02
3.80150239017E-02
6.47724685967E-02
8.95639757465E-02
1.05932992571E-01
1.08540446578E-01
1.00966413509E-01
9.15092192124E-02
8.01688636881E-02
6.36756823873E-02
4.14709351654E-02
1.29337996399E-02
-1.68242865716E-02
-3.83047410136E-02
-4.81344287399E-02
-5.28733729280E-02
-6.56830080914E-02
-8.60666763239E-02
-1.03118597769E-01
-1.12058440080E-01
-1.16838772427E-01
-1.23274631128E-01
-1.29896736544E-01
-1.31076299071E-01
-1.26647766074E-01
-1.22239927157E-01
-1.21267305424E-01
-1.25447509468E-01
-1.31179769468E-01
-1.25840696977E-01
-1.04318854376E-01
-7.40848043375E-02
-4.47405997144E-02
-2.10044906152E-02
-3.10411191358E-03
1.16093785568E-02
2.28876518428E-02
3.43728659231E-02
5.05556360325E-02
6.61796659976E-02
6.80628272251E-02
5.33700308342E-02
3.21172112659E-02
1.59344411564E-02
1.40926680877E-02
2.30118163194E-02
3.04616849119E-02
3.51178527823E-02
4.15744055626E-02
5.20869979099E-02
6.62003600770E-02
8.08310742297E-02
9.16126896095E-02
9.51099890321E-02
8.83016369017E-02
7.17877615214E-02
5.19007511951E-02
3.47246652733E-02
2.28462636840E-02
1.85005070049E-02
2.05906090268E-02
2.40051321317E-02
2.64677275831E-02
2.64056453449E-02
2.48949775469E-02
2.76886782691E-02
3.65250501831E-02
4.87966392815E-02
6.02611592823E-02
6.77938041926E-02
7.01322351675E-02
6.85801792107E-02
6.46689981996E-02
6.10682283799E-02
6.59106429650E-02
8.12656498976E-02
9.80071601515E-02
1.10630548600E-01
1.19363450117E-01
1.26999565424E-01
1.35339279432E-01
1.44527450696E-01
1.54108809470E-01
1.63669474163E-01
1.69960474308E-01
1.65987211059E-01
1.48045444198E-01
1.18349440225E-01
8.15139788507E-02
4.67065372597E-02
1.74037207955E-02
-9.60205285268E-03
-3.21172112659E-02
-4.57959977650E-02
-5.13833992095E-02
-5.24181031807E-02
-4.96037083790E-02
-3.87807048403E-02
-2.18115597128E-02
-5.11143761770E-03
5.09074353827E-03
3.91118101111E-03
-1.05953686650E-02
-3.65250501831E-02
-6.76696397161E-02
-9.96212983465E-02
-1.30372700370E-01
-1.51584131780E-01
-1.56012664777E-01
-1.47652256689E-01
-1.36001489974E-01
-1.27289282536E-01
-1.21991598204E-01
-1.18059723113E-01
-1.17190571777E-01
-1.23316019287E-01
-1.37822568963E-01
-1.58847753658E-01
-1.83804813443E-01
-2.03422800737E-01
-2.11162386441E-01
-2.11803902903E-01
-2.08823955466E-01
-1.99594396043E-01
-1.87922935248E-01
-1.79500444923E-01
-1.71843635536E-01
-1.61579372142E-01
-1.49100842249E-01
-1.36332595245E-01
-1.23709206796E-01
-1.11396229539E-01
-1.01442377336E-01
-9.61033048445E-02
-9.05572915589E-02
-7.91341597169E-02
-6.37170705461E-02
-4.51544813029E-02
-2.47087308321E-02
-4.94588498231E-03
1.53757010119E-02
3.70630962482E-02
5.52118039029E-02
6.28893073692E-02
6.00956066469E-02
5.23146327836E-02
4.43060240465E-02
3.58628396416E-02
2.06940794239E-02
-1.44858555967E-03
-2.27634873663E-02
-3.66699087391E-02
-4.11398298947E-02
-3.60283922770E-02
-2.21633590630E-02
-3.35244086667E-03
1.47755727086E-02
3.04823789914E-02
4.37265898227E-02
5.15696459243E-02
5.33079485959E-02
5.12385406535E-02
4.56511392091E-02
3.80357179811E-02
3.37313494609E-02
3.47453593527E-02
4.01051259235E-02
4.84241458519E-02
5.79227283074E-02
6.56209258531E-02
6.64073008712E-02
5.28526788486E-02
2.74196552366E-02
6.00128303292E-04
-2.24530761749E-02
-4.20296753099E-02
-5.77157875132E-02
-6.81249094634E-02
-7.21188667922E-02
-6.80835213046E-02
-5.57084618091E-02
-3.48902179087E-02
-9.08470086708E-03
1.31614345136E-02
2.57848229622E-02
2.79370072222E-02
2.04457504708E-02
8.07069097531E-03
-3.66285205803E-03
-1.40719740082E-02
-2.43983196408E-02
-3.49109119881E-02
-4.11398298947E-02
-3.99602673675E-02
-3.66078265008E-02
-3.76425304720E-02
-4.01672081617E-02
-3.80978002194E-02
-3.12687540095E-02
-2.21426649835E-02
-1.57688885210E-02
-1.67001220951E-02
-2.42534610848E-02
-3.61525567535E-02
-4.83827576930E-02
-5.86263270078E-02
-6.74626989218E-02
-7.14980444095E-02
-6.40274817375E-02
-4.61064089564E-02
-2.56813525650E-02
-5.54601328560E-03
2.08803261387E-02
5.59360966827E-02
9.52134594293E-02
1.32442108313E-01
1.63317674813E-01
1.90323448461E-01
2.14266498355E-01
2.34857107382E-01
2.54599259152E-01
2.71444239803E-01
2.84005546013E-01
2.89241148108E-01
2.79680483414E-01
2.49218798502E-01
2.00711876332E-01
1.43823851996E-01
8.78256730749E-02
3.70010140099E-02
-6.43585870083E-03
-4.17606522774E-02
-7.05668108354E-02
-9.79657719926E-02
-1.24743910767E-01
-1.43492746725E-01
-1.47445315895E-01
-1.33290565569E-01
-1.02911656975E-01
-6.71936758893E-02
-3.67940732157E-02
-1.92041057054E-02
-1.04918982679E-02
1.53136187737E-03
1.72588622395E-02
2.43776255613E-02
1.38236450551E-02
-1.17335430333E-02
-4.22780042630E-02
-6.94079423877E-02
-9.02261862881E-02
-1.03946360946E-01
-1.09906255820E-01
-1.10258055170E-01
-1.01297518780E-01
-8.15139788507E-02
-5.42391821700E-02
-2.51433065000E-02
-7.03598700412E-04
2.09010202181E-02
4.29609088840E-02
6.14614158889E-02
7.16222088860E-02
6.84353206548E-02
4.84241458519E-02
1.61620760300E-02
-1.82728721313E-02
-4.41611654906E-02
-6.22064027482E-02
-8.18864722803E-02
-1.06553814954E-01
-1.28593009540E-01
-1.36849947230E-01
-1.25488897626E-01
-9.84003476605E-02
-6.78765805103E-02
-4.69755602922E-02
-4.15950996420E-02
-4.70790306893E-02
-5.29354551663E-02
-5.14247873683E-02
-4.16364878008E-02
-2.22047472218E-02
6.41516462140E-03
3.74355896778E-02
6.31790244811E-02
8.45973966848E-02
1.06967696542E-01
1.31759203692E-01
1.57750967448E-01
1.80949030482E-01
1.92579103119E-01
1.89764708317E-01
1.75444405356E-01
1.56074747015E-01
1.38898661093E-01
1.27103035821E-01
1.23791983114E-01
1.31779897771E-01
1.46182977050E-01
1.54398526582E-01
1.46907269830E-01
1.23812677193E-01
9.27301698984E-02
6.20822382716E-02
3.70010140099E-02
1.92454938642E-02
5.95989487408E-03
-6.35308238313E-03
-1.58102766798E-02
-1.86246714815E-02
-1.42168325642E-02
-3.95256916996E-03
9.99524036173E-03
2.39430498934E-02
3.63594975478E-02
4.74308300395E-02
5.14040932889E-02
4.48647641910E-02
3.22413757424E-02
1.84798129255E-02
4.94588498231E-03
-8.98123046996E-03
-2.49777538646E-02
-4.43888003642E-02
-6.39240113404E-02
-8.19485545186E-02
-9.87107588519E-02
-1.12244686795E-01
-1.20687871200E-01
-1.24288641020E-01
-1.18163193510E-01
-1.01835564845E-01
-8.15760610889E-02
-6.06957349502E-02
-4.08915009416E-02
-2.22254413012E-02
-2.62814808683E-03
1.75278852720E-02
3.43728659231E-02
4.38093661403E-02
4.37265898227E-02
3.81598824576E-02
2.91786519877E-02
1.71760859218E-02
9.51927653498E-04
-2.12528195683E-02
-4.67272313391E-02
-7.20981727128E-02
-9.55031765412E-02
-1.16735302030E-01
-1.33083624775E-01
-1.35546220226E-01
-1.18597769178E-01
-8.77842849161E-02
-5.26664321338E-02
-2.12321254889E-02
3.80771061399E-03
2.35912505432E-02
3.98774910498E-02
4.81551228194E-02
4.31885437576E-02
2.86199118432E-02
1.15059081597E-02
-2.48328953087E-04
3.70424021687E-03
2.32808393519E-02
5.26871262132E-02
8.48871137967E-02
1.09823479503E-01
1.18577075099E-01
1.13486331561E-01
1.00386979285E-01
8.49078078762E-02
7.22637253482E-02
6.25788961778E-02
5.30389255634E-02
4.22573101836E-02
2.90130993523E-02
1.22095068601E-02
-5.87711855638E-03
-2.24737702543E-02
-3.27794218074E-02
-3.45591126379E-02
-3.28828922045E-02
-3.46625830350E-02
-4.36645075844E-02
-6.23305672247E-02
-9.30819692486E-02
-1.30186453656E-01
-1.62427829398E-01
-1.81383606150E-01
-1.84922293732E-01
-1.79872938352E-01
-1.73561244128E-01
-1.68118701240E-01
-1.63897109037E-01
-1.58040684560E-01
-1.48914595534E-01
-1.39622953873E-01
-1.32649049107E-01
-1.28468845063E-01
-1.24640440370E-01
-1.15452269106E-01
-9.63516337976E-02
-6.95321068642E-02
-4.09121950210E-02
-1.49204312646E-02
7.94652649877E-03
3.18895763922E-02
6.06543467914E-02
9.17782422449E-02
1.21246611344E-01
1.41361256545E-01
1.46514082321E-01
1.39064213728E-01
1.24371417338E-01
1.08643916975E-01
9.47581896819E-02
7.91755478758E-02
5.52324979823E-02
2.30118163194E-02
-1.24578358132E-02
-4.62098793535E-02
-7.32363470811E-02
-9.16954659272E-02
-1.04360242535E-01
-1.10878877553E-01
-1.09057798564E-01
-9.79243838338E-02
-7.62990708358E-02
-4.64789023860E-02
-1.36373983403E-02
1.73830267161E-02
4.19882871510E-02
5.60188730004E-02
5.50669453469E-02
4.38300602198E-02
2.92614283054E-02
9.62274693210E-03
-1.94524346584E-02
-5.29768433251E-02
-8.03758044823E-02
-9.38476501873E-02
-9.16540777684E-02
-7.59265774062E-02
-5.11143761770E-02
-1.98663162469E-02
1.58309707593E-02
5.38666887404E-02
9.16126896095E-02
1.23191854810E-01
1.49059454090E-01
1.71015872359E-01
1.85481033876E-01
1.87012395754E-01
1.71698776980E-01
1.45644930985E-01
1.19156509323E-01
9.67241272272E-02
7.63611530741E-02
5.38046065021E-02
2.88889348757E-02
5.83573039753E-03
-1.11541088095E-02
-2.39637439728E-02
-3.59663100387E-02
-4.62719615918E-02
-5.45288992819E-02
-5.92057612317E-02
-5.70535769716E-02
-4.48854582704E-02
-1.92868820231E-02
1.73623326366E-02
5.73639881630E-02
9.42615317758E-02
1.23440183763E-01
1.46431306003E-01
1.65883740662E-01
1.80079879147E-01
1.84467023984E-01
1.77099931710E-01
1.60999937918E-01
1.39726424270E-01
1.13424249322E-01
8.30453407280E-02
5.11764584152E-02
1.70933096041E-02
-2.17908656333E-02
-5.95782546613E-02
-8.77635908367E-02
-1.04546489249E-01
-1.10527078203E-01
-1.05953686650E-01
-9.30819692486E-02
-7.75407156013E-02
-6.18132152391E-02
-4.39542246963E-02
-2.54744117708E-02
-8.46387848437E-03
1.02849574737E-02
3.12066717712E-02
5.50876394264E-02
7.75200215218E-02
9.01434099704E-02
9.10332553856E-02
8.07069097531E-02
5.97645013762E-02
3.22827639012E-02
4.03534548766E-03
-1.91420234671E-02
-3.37727376198E-02
-4.61891852741E-02
-6.33652711959E-02
-8.18036959626E-02
-9.25025350247E-02
-9.15299132918E-02
-8.04999689589E-02
-6.58071725679E-02
-5.24181031807E-02
-4.02499844794E-02
-2.98408625292E-02
-2.21840531424E-02
-1.82521780519E-02
-1.77555201457E-02
-1.97835399292E-02
-2.43362374025E-02
-3.13101421683E-02
-3.65250501831E-02
-3.86772344432E-02
-3.91945864288E-02
-3.84702936490E-02
-3.87600107609E-02
-4.23400865013E-02
-4.52372576206E-02
-4.75963826749E-02
-5.25836558161E-02
-5.89574322786E-02
-6.33859652753E-02
-6.45448337231E-02
-6.20615441922E-02
-5.59774848416E-02
-4.75136063572E-02
-3.65664383420E-02
-2.40051321317E-02
-1.37201746580E-02
-4.20089812305E-03
7.40848043375E-03
1.92661879436E-02
2.87854644786E-02
3.53661817354E-02
4.01465140823E-02
4.76170767543E-02
5.72605177659E-02
6.40895639757E-02
6.71315936511E-02
6.66142416655E-02
6.28686132897E-02
5.70949651305E-02
4.69755602922E-02
2.47708130704E-02
-8.40179624609E-03
-4.32299319165E-02
-7.48297911967E-02
-1.00304202968E-01
-1.19011650767E-01
-1.35877325497E-01
-1.49990687664E-01
-1.58185543116E-01
-1.61206878712E-01
-1.60379115535E-01
-1.56405852286E-01
-1.49245700805E-01
-1.38795190696E-01
-1.24412805496E-01
-1.07795459719E-01
-9.13436665770E-02
-7.47677089585E-02
-5.62465078741E-02
-3.31312211576E-02
-4.96657906173E-03
2.16460070774E-02
4.08087246239E-02
5.23353268630E-02
5.41357117729E-02
4.61477971152E-02
3.25724810132E-02
1.91834116259E-02
9.43650021729E-03
3.91118101111E-03
-1.22095068601E-03
-1.10506384124E-02
-2.28462636840E-02
-2.87026881609E-02
-2.14183722037E-02
-2.85578296050E-03
2.00939511206E-02
4.30022970428E-02
6.41516462140E-02
7.96515117025E-02
8.36868571902E-02
7.86788899696E-02
6.80628272251E-02
5.31217018811E-02
3.79943298222E-02
2.47915071498E-02
1.32442108313E-02
7.69819754568E-03
9.39511205844E-03
1.39478095317E-02
2.09424083770E-02
2.99236388469E-02
3.82840469342E-02
4.74101359601E-02
6.00128303292E-02
6.99666825321E-02
7.35881464313E-02
7.58438010885E-02
8.08724623885E-02
9.02054922087E-02
1.02911656975E-01
1.16031703330E-01
1.31428098421E-01
1.50259710697E-01
1.71905717774E-01
1.95662520953E-01
2.15301202326E-01
2.25586159800E-01
2.26310452580E-01
2.19377935973E-01
2.01891438859E-01
1.68822299940E-01
1.19529002752E-01
5.81710572605E-02
-5.62878960329E-03
-6.25168139395E-02
-1.07050472860E-01
-1.32317943836E-01
-1.37491463692E-01
-1.29834654305E-01
-1.16176561886E-01
-9.93108871552E-02
-7.84926432548E-02
-5.23974091013E-02
-2.02595037560E-02
1.09057798564E-02
3.41038428905E-02
4.90035800757E-02
5.59774848416E-02
5.74467644807E-02
5.67431657803E-02
5.34941953107E-02
4.70169484510E-02
3.54075698943E-02
1.76934379074E-02
-2.75231256338E-03
-2.22875235395E-02
-3.89876456346E-02
-5.13213169712E-02
-6.16269685243E-02
-7.51402023881E-02
-8.85085776959E-02
-9.48409659996E-02
-9.47168015231E-02
-8.89224592844E-02
-8.01067814498E-02
-7.17256792832E-02
-5.88953500404E-02
-4.02913726383E-02
-2.07147735033E-02
-2.73161848395E-03
1.29544937193E-02
2.63849512654E-02
3.79943298222E-02
4.56511392091E-02
4.83620636136E-02
4.61477971152E-02
3.86979285226E-02
2.77093723486E-02
1.80245431782E-02
9.14678310535E-03
-2.95925335761E-03
-1.76727438280E-02
-3.26759514103E-02
-4.39335306169E-02
-4.91277445523E-02
-4.90863563934E-02
-4.53614220971E-02
-4.15537114831E-02
-3.93187509054E-02
-3.65250501831E-02
-3.01512737206E-02
-2.06319971856E-02
-1.07816153798E-02
-1.69691451276E-03
7.76027978395E-03
1.53963950914E-02
1.74864971132E-02
1.42375266436E-02
1.12368851272E-02
8.81567783457E-03
6.10475343004E-03
5.42184880906E-03
5.83573039753E-03
7.16015148066E-03
6.62210541564E-03
1.75899675103E-03
-6.29100014486E-03
-1.85625892432E-02
-3.62146389918E-02
-5.94747842642E-02
-8.44732322083E-02
-1.03511785278E-01
-1.10568466362E-01
-1.05622581379E-01
-9.34958508371E-02
-7.77269623161E-02
-5.93713138671E-02
-3.92359745877E-02
-1.89143885934E-02
-2.81439480165E-03
8.81567783457E-03
1.59551352358E-02
1.67001220951E-02
1.25820002897E-02
4.05603956708E-03
-6.02197711235E-03
-1.14231318420E-02
-1.09057798564E-02
-7.32570411605E-03
-5.07004945885E-03
-6.14614158889E-03
-5.29768433251E-03
-2.93855927819E-03
-5.31837841194E-03
-1.08436976181E-02
-1.61620760300E-02
-1.94731287379E-02
-2.12321254889E-02
-2.57641288827E-02
-3.35451027461E-02
-3.88634811580E-02
-3.91118101111E-02
-3.36071849844E-02
-2.13355958860E-02
-6.12544750947E-03
8.67081927860E-03
2.40051321317E-02
3.90704219523E-02
5.19007511951E-02
5.91436789934E-02
5.77364815926E-02
5.20249156716E-02
4.56304451296E-02
3.61939449124E-02
2.33843097490E-02
6.51863501852E-03
-1.31407404342E-02
-2.86613000021E-02
-3.78908594251E-02
-4.21331457070E-02
-4.39956128552E-02
-4.53407280177E-02
-4.62719615918E-02
-4.58373859239E-02
-4.42439418082E-02
-4.14502410860E-02
-3.94843035408E-02
-4.10984417358E-02
-4.25884154543E-02
-4.08294187033E-02
-3.77046127103E-02
-3.30484448399E-02
-2.66125861391E-02
-2.00525629617E-02
-1.67208161745E-02
-1.74037207955E-02
-1.62241582683E-02
-9.27094758190E-03
-1.61413819506E-03
-1.42789148025E-03
-8.85706599342E-03
-2.05906090268E-02
-3.21792935041E-02
-3.80150239017E-02
-3.67940732157E-02
-3.11859776918E-02
-2.30532044782E-02
-1.22508950189E-02
4.28367444074E-03
2.41913788465E-02
4.20710634687E-02
5.86677151667E-02
7.28431595720E-02
8.15760610889E-02
8.50112782733E-02
8.42042091758E-02
7.80994557457E-02
7.04219522795E-02
6.33652711959E-02
5.37218301844E-02
4.08915009416E-02
2.23496057778E-02
0.00000000000E+00
-2.04250563914E-02
-3.85323758873E-02
-5.47565341556E-02
-6.50001034704E-02
-6.83111561782E-02
-6.45448337231E-02
-5.33079485959E-02
-3.62146389918E-02
-1.50239016617E-02
1.00987107589E-02
3.72079548041E-02
6.23926494630E-02
8.44111499700E-02
1.01587235892E-01
1.13631190117E-01
1.21908821886E-01
1.24599052211E-01
1.17252654016E-01
1.06181321524E-01
9.83175713428E-02
9.35165449165E-02
8.84671895371E-02
8.00653932910E-02
6.75868633984E-02
5.53566624589E-02
4.49682345881E-02
3.52006291000E-02
2.92821223848E-02
2.89510171140E-02
3.08134842622E-02
3.61111685947E-02
4.37679779815E-02
4.64375142272E-02
4.42025536494E-02
3.83461291724E-02
2.93442046231E-02
1.89764708317E-02
8.21554953128E-03
-9.51927653498E-04
-7.69819754568E-03
-1.23543654161E-02
-1.48790431058E-02
-1.21060364630E-02
-4.71825010864E-03
6.00128303292E-04
4.30436852017E-03
8.56734888149E-03
9.56066469383E-03
9.80899364692E-03
1.14024377626E-02
1.12782732860E-02
1.09264739358E-02
1.19404838276E-02
1.35546220226E-02
1.62034641889E-02
1.97835399292E-02
2.29911222399E-02
2.45845663556E-02
2.31773689547E-02
2.13769840449E-02
2.32601452724E-02
2.56813525650E-02
2.50191420235E-02
2.41292966082E-02
2.40051321317E-02
2.31980630342E-02
2.10458787741E-02
1.48583490263E-02
4.78033234692E-03
-7.63611530741E-03
-1.89971649111E-02
-2.64677275831E-02
-3.13929184860E-02
-3.67733791362E-02
-4.23607805807E-02
-4.54028102560E-02
-4.69341721334E-02
-4.72031951659E-02
-4.46164352379E-02
-4.06431719885E-02
-3.56352047679E-02
-2.80404776194E-02
-2.16460070774E-02
-1.94731287379E-02
-2.15425366803E-02
-2.91165697494E-02
-4.22573101836E-02
-5.75295407984E-02
-6.80835213046E-02
-6.90975311963E-02
-6.30962481634E-02
-5.55015210148E-02
-4.60029385593E-02
-3.60076981975E-02
-2.62193986301E-02
-1.62448523477E-02
-9.39511205844E-03
-8.56734888149E-03
-9.49858245556E-03
-1.14024377626E-02
-1.84798129255E-02
-3.20758231070E-02
-5.08867413033E-02
-6.99046002939E-02
-8.57562651325E-02
-9.62274693210E-02
-1.01152660224E-01
-1.01256130621E-01
-9.82761831840E-02
-9.05986797177E-02
-7.81408439046E-02
-6.50414916292E-02
-5.34941953107E-02
-4.42232477288E-02
-3.76839186309E-02
-3.11445895329E-02
-2.37981913375E-02
-2.01353392794E-02
-1.95145168967E-02
-1.94524346584E-02
-2.00318688823E-02
-2.06319971856E-02
-2.11907373300E-02
-2.15425366803E-02
-1.91627175465E-02
-1.24785298926E-02
-4.98727314115E-03
1.42789148025E-03
8.09138505474E-03
1.30786581959E-02
1.63690168243E-02
1.81280135753E-02
1.64724872214E-02
1.23750594955E-02
6.27030606543E-03
-3.72493429630E-04
-6.37377646255E-03
-1.34097634667E-02
-1.92247997848E-02
-2.41499906877E-02
-3.00891914823E-02
-3.35657968255E-02
-3.33795501107E-02
-3.08962605798E-02
-2.69850795687E-02
-2.01353392794E-02
-9.85038180577E-03
2.40051321317E-03
1.32649049107E-02
1.99697866440E-02
2.23496057778E-02
2.13769840449E-02
1.85212010844E-02
1.71760859218E-02
1.48583490263E-02
1.16714607951E-02
1.17542371128E-02
1.61827701095E-02
2.64677275831E-02
4.01258200029E-02
5.24594913395E-02
6.14200277301E-02
6.59727252033E-02
6.67177120626E-02
6.48345508350E-02
6.01369948058E-02
5.31217018811E-02
4.71411129276E-02
4.46578233967E-02
4.23814746601E-02
4.07259483062E-02
4.21331457070E-02
4.59822444799E-02
5.25422676572E-02
5.81503631811E-02
6.16890507626E-02
6.29927777663E-02
5.85228566107E-02
4.87966392815E-02
3.51178527823E-02
2.23082176189E-02
1.36994805786E-02
5.81503631811E-03
1.15886844774E-03
1.38650332140E-03
5.52531920618E-03
1.23129772572E-02
1.67828984128E-02
1.59137470770E-02
1.41133621671E-02
1.43409970407E-02
1.52308424560E-02
1.69277569687E-02
1.91420234671E-02
2.10872669329E-02
2.43776255613E-02
2.89303230346E-02
3.25931750926E-02
3.50350764646E-02
3.43728659231E-02
3.11032013741E-02
2.71506322041E-02
1.97007636115E-02
1.04712041885E-02
-4.55269747325E-04
-1.19404838276E-02
-1.97628458498E-02
-2.19150301099E-02
-2.08596320593E-02
-1.90385530700E-02
-1.85832833226E-02
-2.04043623119E-02
-1.91213293877E-02
-1.12575792066E-02
-1.20025660658E-03
7.73958570453E-03
1.49411253440E-02
1.59551352358E-02
1.33683753078E-02
1.19404838276E-02
1.18370134305E-02
1.08643916975E-02
7.78097386338E-03
2.46259545144E-03
-8.27763176955E-04
-6.82904620988E-04
-2.06940794239E-05
1.55205595679E-03
7.67750346626E-03
1.63069345860E-02
2.26807110486E-02
2.49156716263E-02
2.05699149473E-02
1.23957535749E-02
3.91118101111E-03
-3.99395732881E-03
-1.23750594955E-02
-1.93903524202E-02
-2.15425366803E-02
-1.86867537198E-02
-1.12782732860E-02
-6.41516462140E-04
9.35372389959E-03
1.83349543696E-02
2.64884216626E-02
3.23034579807E-02
3.46832771144E-02
3.14550007243E-02
2.32808393519E-02
1.30579641165E-02
7.03598700412E-04
-1.38236450551E-02
-2.65505039008E-02
-3.32346915547E-02
-3.46625830350E-02
-3.14343066449E-02
-2.41499906877E-02
-1.85625892432E-02
-1.50859839000E-02
-1.19197897482E-02
-9.60205285268E-03
-7.69819754568E-03
-6.14614158889E-03
-4.82172050576E-03
-3.18688823128E-03
-1.88316122757E-03
-2.40051321317E-03
-2.81439480165E-03
-2.13149018066E-03
-3.12480599301E-03
-7.16015148066E-03
-1.05539805062E-02
-1.39271154523E-02
-1.83349543696E-02
-2.41913788465E-02
-3.12894480889E-02
-3.41866192082E-02
-3.07307079445E-02
-2.34256979078E-02
-1.69277569687E-02
-1.30786581959E-02
-1.42168325642E-02
-2.06733853445E-02
-2.89924052729E-02
-3.45798067173E-02
-3.64629679449E-02
-3.48488297498E-02
-3.13722244066E-02
-2.65091157420E-02
-2.44810959584E-02
-2.90544875111E-02
-3.53454876560E-02
-3.88013989198E-02
-3.73942015189E-02
-3.46625830350E-02
-3.29449744428E-02
-3.17033296774E-02
-2.85785236844E-02
-2.31980630342E-02
-1.87488359580E-02
-1.24992239720E-02
-2.40051321317E-03
4.18020404362E-03
4.32506259959E-03
1.75899675103E-03
-3.49729942264E-03
-1.10299443329E-02
-1.66794280156E-02
-1.79831550193E-02
-1.73623326366E-02
-1.51480661383E-02
-1.24992239720E-02
-1.03677337914E-02
-7.47056267202E-03
-3.97326324938E-03
-1.51066779794E-03
1.71760859218E-03
5.81503631811E-03
9.70552324980E-03
1.47548786292E-02
2.04250563914E-02
2.43155433231E-02
2.56399644062E-02
2.53709413737E-02
2.23289116984E-02
1.41547503259E-02
1.34511516255E-03
-1.42375266436E-02
-2.91165697494E-02
-3.91531982700E-02
-4.50303168264E-02
-5.08039649856E-02
-5.58947085239E-02
-5.48806986321E-02
-4.58787740827E-02
-3.33795501107E-02
-2.12114314095E-02
-1.09057798564E-02
-2.48328953087E-03
4.03534548766E-03
1.02435693148E-02
1.61620760300E-02
1.83556484490E-02
1.63276286654E-02
1.26440825280E-02
1.20853423835E-02
1.73623326366E-02
2.23496057778E-02
2.41499906877E-02
2.63849512654E-02
3.10411191358E-02
3.77666949486E-02
4.42853299671E-02
5.02866130000E-02
5.49013927115E-02
5.64327545889E-02
5.35148893901E-02
4.90035800757E-02
4.53614220971E-02
4.34989549490E-02
4.38093661403E-02
4.69548662128E-02
5.02038366823E-02
5.24801854190E-02
5.41357117729E-02
5.41977940111E-02
5.11143761770E-02
4.12433002918E-02
2.68816091716E-02
1.42582207231E-02
5.56670736502E-03
-1.05539805062E-03
-4.80102642634E-03
-5.19421393539E-03
-3.70424021687E-03
-1.01400989177E-03
1.44858555967E-04
5.58740144445E-04
3.45591126379E-03
6.89112844815E-03
8.00860873704E-03
6.33238830371E-03
2.89717111934E-03
-7.65680938683E-04
-4.80102642634E-03
-7.16015148066E-03
-5.79434223869E-03
-6.27030606543E-03
-1.05953686650E-02
-1.40098917700E-02
-1.45272437556E-02
-1.29751877988E-02
-1.32235167519E-02
-1.63897109037E-02
-1.98249280881E-02
-2.13769840449E-02
-2.13976781243E-02
-1.94524346584E-02
-1.46927963910E-02
-9.68482917037E-03
-5.79434223869E-03
-9.10539494651E-04
3.76632245515E-03
7.98791465762E-03
1.10092502535E-02
1.20232601453E-02
1.20232601453E-02
9.53997061441E-03
6.80835213046E-03
5.89781263580E-03
5.40115472963E-03
4.36645075844E-03
1.61413819506E-03
-1.73830267161E-03
-2.50398361029E-03
-1.80038490988E-03
-2.23496057778E-03
-2.17287833951E-03
-6.82904620988E-04
4.34575667901E-04
1.86246714815E-03
5.81503631811E-03
1.10920265712E-02
1.59551352358E-02
1.87902241169E-02
1.94938228173E-02
1.94110464996E-02
1.83970366078E-02
1.61620760300E-02
1.39685036111E-02
1.43616911202E-02
1.86660596403E-02
1.95559050556E-02
1.71553918424E-02
1.88109181963E-02
2.40051321317E-02
2.71920203630E-02
2.58469052004E-02
2.16873952362E-02
1.78796846222E-02
1.51066779794E-02
1.20439542247E-02
6.91182252757E-03
1.88316122757E-03
-2.48328953087E-03
-5.23560209424E-03
-5.81503631811E-03
-7.69819754568E-03
-1.13610496037E-02
-1.44444674379E-02
-1.72588622395E-02
-2.32187571136E-02
-3.24483165366E-02
-3.97533265733E-02
-4.43060240465E-02
-4.69548662128E-02
-4.76584649132E-02
-4.65202905449E-02
-4.40370010140E-02
-4.22780042630E-02
-4.08294187033E-02
-3.69596258510E-02
-3.36071849844E-02
-3.17654119157E-02
-2.82888065724E-02
-2.54123295325E-02
-2.80611716988E-02
-3.22413757424E-02
-3.51178527823E-02
-3.73528133601E-02
-3.74148955984E-02
-3.48281356704E-02
-3.24690106161E-02
-2.88889348757E-02
-2.24530761749E-02
-1.60792997124E-02
-1.00159344412E-02
-2.35912505432E-03
6.49794093910E-03
1.43409970407E-02
2.06526912650E-02
2.45845663556E-02
2.20598886659E-02
1.26647766074E-02
8.07069097531E-04
-1.11748028889E-02
-2.21426649835E-02
-3.24897046955E-02
-3.95463857790E-02
-4.01051259235E-02
-3.66699087391E-02
-3.48074415910E-02
-3.38141257786E-02
-2.90751815905E-02
-2.25772406514E-02
-1.94110464996E-02
-1.94731287379E-02
-2.04871386296E-02
-2.08596320593E-02
-2.05492208679E-02
-2.04871386296E-02
-2.10044906152E-02
-2.05699149473E-02
-1.61620760300E-02
-6.84974028930E-03
3.78701653457E-03
1.02228752354E-02
1.09885561741E-02
8.50526664321E-03
5.46323696790E-03
4.30436852017E-03
5.79434223869E-03
8.27763176955E-03
1.20232601453E-02
1.65966516979E-02
2.10044906152E-02
2.48535893881E-02
2.69643854893E-02
2.88889348757E-02
3.06479316268E-02
2.88268526375E-02
2.26600169691E-02
1.64931813008E-02
1.43823851996E-02
1.65759576185E-02
2.06940794239E-02
2.39016617346E-02
2.61366223124E-02
2.88268526375E-02
3.06272375473E-02
3.26345632515E-02
3.42280073671E-02
3.05030730708E-02
2.40879084494E-02
2.08596320593E-02
1.87902241169E-02
1.38443391346E-02
8.67081927860E-03
6.66349357449E-03
6.51863501852E-03
7.49125675144E-03
1.03056515531E-02
1.38650332140E-02
1.71553918424E-02
1.91834116259E-02
2.33015334313E-02
3.01305796412E-02
3.38348198580E-02
3.36485731432E-02
3.28001158868E-02
3.09169546593E-02
2.62814808683E-02
2.04664445502E-02
1.50652898206E-02
1.08023094593E-02
8.91914823169E-03
1.04298160296E-02
1.34925397844E-02
1.61827701095E-02
1.73002503984E-02
1.93903524202E-02
2.25565465720E-02
2.14390662831E-02
1.80452372576E-02
1.84177306873E-02
2.01146452000E-02
1.68449806510E-02
9.58135877325E-03
3.06272375473E-03
-1.01400989177E-03
-3.14550007243E-03
-4.09742772593E-03
-5.29768433251E-03
-7.36709227490E-03
-9.85038180577E-03
-9.25025350247E-03
-7.59472714856E-03
-9.89176996461E-03
-1.29958818782E-02
-1.18990956687E-02
-1.04298160296E-02
-1.26026943691E-02
-1.62241582683E-02
-1.79210727811E-02
-1.84384247667E-02
-1.70933096041E-02
-1.50859839000E-02
-1.36994805786E-02
-1.40926680877E-02
-1.68242865716E-02
-1.66173457774E-02
-1.36787864992E-02
-1.32855989901E-02
-1.42375266436E-02
-1.25406121309E-02
-8.27763176955E-03
-3.43521718436E-03
-2.62814808683E-03
-6.31169422428E-03
-9.51927653498E-03
-1.10299443329E-02
-1.41547503259E-02
-1.88523063552E-02
-2.13355958860E-02
-2.10458787741E-02
-1.92454938642E-02
-1.76727438280E-02
-1.80452372576E-02
-1.78589905428E-02
-1.45065496761E-02
-6.84974028930E-03
2.64884216626E-03
7.78097386338E-03
1.05539805062E-02
1.47341845498E-02
1.65138753803E-02
1.18577075099E-02
4.55269747325E-03
1.65552635391E-04
-1.59344411564E-03
-3.89048693169E-03
-9.27094758190E-03
-1.46514082321E-02
-1.56033358856E-02
-1.39685036111E-02
-1.16921548745E-02
-6.27030606543E-03
-9.93315812346E-04
2.37981913375E-03
5.52531920618E-03
7.53264491029E-03
7.90513833992E-03
6.08405935062E-03
3.72493429630E-03
2.73161848395E-03
2.64884216626E-03
3.06272375473E-03
4.46992115556E-03
5.71156592099E-03
4.55269747325E-03
3.62146389918E-03
5.02866130000E-03
6.33238830371E-03
6.62210541564E-03
5.33907249136E-03
3.62146389918E-03
1.80038490988E-03
-3.66285205803E-03
-1.18784015893E-02
-1.76106615897E-02
-1.96800695321E-02
-2.03008919148E-02
-2.06319971856E-02
-2.01353392794E-02
-1.80038490988E-02
-1.43616911202E-02
-9.70552324980E-03
-4.57339155268E-03
-6.82904620988E-04
-4.96657906173E-04
-8.69151335803E-04
-1.42789148025E-03
-4.30436852017E-03
-6.84974028930E-03
-6.64279949506E-03
-5.50462512675E-03
-4.63547379095E-03
-5.79434223869E-03
-8.04999689589E-03
-8.48457256379E-03
-9.12608902593E-03
-1.26026943691E-02
-1.74244148749E-02
-1.83349543696E-02
-1.50032075823E-02
-9.02261862881E-03
-3.02133559589E-03
1.73830267161E-03
6.53932909795E-03
1.20025660658E-02
1.70105332864E-02
1.96179872938E-02
1.60999937918E-02
8.48457256379E-03
1.07609213004E-03
-8.13277321358E-03
-1.86867537198E-02
-2.80818657782E-02
-3.19102704716E-02
-2.89924052729E-02
-2.41499906877E-02
-2.03836682325E-02
-1.92661879436E-02
-1.77141319868E-02
-1.26647766074E-02
-6.70488173334E-03
-3.41452310494E-03
-3.70424021687E-03
-4.98727314115E-03
-4.32506259959E-03
-1.30372700370E-03
1.96593754527E-03
6.18752974774E-03
1.30786581959E-02
2.09631024564E-02
2.68816091716E-02
3.10411191358E-02
3.17240237568E-02
3.03375204354E-02
3.00064151646E-02
2.89717111934E-02
2.63849512654E-02
2.37981913375E-02
2.09424083770E-02
1.77555201457E-02
1.59965233947E-02
1.48790431058E-02
1.26026943691E-02
9.74691140865E-03
7.32570411605E-03
4.71825010864E-03
3.12480599301E-03
8.07069097531E-04
-1.09678620947E-03
9.31233574074E-04
5.87711855638E-03
1.14438259214E-02
1.70933096041E-02
2.22875235395E-02
2.52467768971E-02
2.78542309045E-02
2.90958756700E-02
2.59089874387E-02
2.14804544420E-02
2.00318688823E-02
2.17494774745E-02
2.41292966082E-02
2.46259545144E-02
2.43155433231E-02
2.52053887383E-02
2.72127144424E-02
2.67160565362E-02
2.22668294601E-02
1.60586056329E-02
9.89176996461E-03
3.86979285226E-03
-9.10539494651E-04
-5.27699025309E-03
-7.73958570453E-03
-6.14614158889E-03
-3.51799350206E-03
-1.90385530700E-03
-1.15886844774E-03
-7.86375018107E-04
-8.69151335803E-04
1.65552635391E-04
3.93187509054E-04
-2.17287833951E-03
-4.86310866461E-03
-5.93920079465E-03
-6.70488173334E-03
-8.52596072264E-03
-1.32028226724E-02
-1.83556484490E-02
-2.03422800737E-02
-2.03215859942E-02
-2.25358524926E-02
-2.75231256338E-02
-3.16619415185E-02
-3.44763363202E-02
-3.44349481613E-02
-3.00684974029E-02
-2.34050038284E-02
-1.83142602901E-02
-1.35132338638E-02
-7.32570411605E-03
-5.38046065021E-04
2.77300664280E-03
4.69755602922E-03
1.01814870765E-02
1.75071911926E-02
2.18529478716E-02
2.19150301099E-02
1.97421517704E-02
1.62862405066E-02
1.08850857770E-02
1.82107898930E-03
-8.54665480206E-03
-1.54584773296E-02
-1.68656747305E-02
-1.43203029613E-02
-9.45719429671E-03
-3.93187509054E-03
8.48457256379E-04
5.23560209424E-03
7.86375018107E-03
6.66349357449E-03
3.43521718436E-03
8.27763176955E-04
-1.86246714815E-04
-4.13881588478E-05
-1.46927963910E-03
-4.20089812305E-03
-5.33907249136E-03
-6.04267119177E-03
-6.82904620988E-03
-9.29164166132E-03
-1.47341845498E-02
-1.98870103263E-02
-2.04250563914E-02
-1.62034641889E-02
-1.08023094593E-02
-6.66349357449E-03
-3.89048693169E-03
-1.28303292428E-03
5.38046065021E-03
1.49825135029E-02
2.13769840449E-02
2.25565465720E-02
2.01353392794E-02
1.68035924922E-02
1.36994805786E-02
9.82968772634E-03
6.68418765391E-03
3.70424021687E-03
2.06940794239E-05
-3.31105270782E-03
-5.02866130000E-03
-8.48457256379E-03
-1.46307141527E-02
-1.91213293877E-02
-2.04871386296E-02
-2.06526912650E-02
-2.07354675827E-02
-1.86867537198E-02
-1.21681187012E-02
-3.51799350206E-03
2.11079610124E-03
4.84241458519E-03
8.98123046996E-03
1.37822568963E-02
1.54998654885E-02
1.32235167519E-02
6.80835213046E-03
-2.58675992798E-03
-9.89176996461E-03
-1.32855989901E-02
-1.39685036111E-02
-1.26854706868E-02
-1.21888127807E-02
-1.25199180514E-02
-1.20232601453E-02
-1.12368851272E-02
-8.71220743745E-03
-4.90449682346E-03
-3.31105270782E-03
-4.88380274403E-03
-9.02261862881E-03
-1.14231318420E-02
-1.01607929971E-02
-7.78097386338E-03
-6.78765805103E-03
-6.45655278025E-03
-5.69087184157E-03
-4.30436852017E-03
-1.53136187737E-03
8.07069097531E-04
1.53136187737E-03
2.15218426008E-03
3.53868758148E-03
6.68418765391E-03
1.09057798564E-02
1.44444674379E-02
1.76106615897E-02
2.03008919148E-02
2.24737702543E-02
2.35084742255E-02
2.17908656333E-02
1.92661879436E-02
1.82314839724E-02
1.85832833226E-02
1.92041057054E-02
1.94524346584E-02
1.87902241169E-02
1.84591188461E-02
1.79624609399E-02
1.57688885210E-02
1.30993522753E-02
9.76760548807E-03
4.73894418807E-03
5.38046065021E-04
-2.62814808683E-03
-5.95989487408E-03
-7.78097386338E-03
-7.01529292469E-03
-3.76632245515E-03
-8.27763176955E-05
1.26233884486E-03
6.20822382716E-04
6.62210541564E-04
1.34511516255E-03
-1.03470397119E-04
-4.01465140823E-03
-6.80835213046E-03
-5.67017776214E-03
-1.55205595679E-03
2.79370072222E-03
6.45655278025E-03
9.18817126420E-03
1.02228752354E-02
1.08850857770E-02
9.06400678766E-03
3.37313494609E-03
-4.11812180535E-03
-1.06367568239E-02
-1.44651615173E-02
-1.65345694597E-02
-1.91006353082E-02
-2.07768557416E-02
-2.05699149473E-02
-1.94110464996E-02
-1.90385530700E-02
-2.00732570412E-02
-1.88523063552E-02
-1.43203029613E-02
-1.06988390621E-02
-9.25025350247E-03
-7.36709227490E-03
-5.64948368272E-03
-5.93920079465E-03
-5.81503631811E-03
-4.86310866461E-03
-3.76632245515E-03
-4.24228628189E-03
-6.64279949506E-03
-7.44986859260E-03
-7.05668108354E-03
-9.16747718478E-03
-1.03884278708E-02
-9.91246404404E-03
-1.01607929971E-02
-9.02261862881E-03
-6.18752974774E-03
-3.78701653457E-03
-4.75963826749E-04
3.20758231070E-03
4.05603956708E-03
4.78033234692E-03
7.16015148066E-03
8.19485545186E-03
6.95321068642E-03
3.60076981975E-03
-1.28303292428E-03
-4.32506259959E-03
-3.93187509054E-03
-2.71092440453E-03
-1.80038490988E-03
-5.17351985597E-04
1.30372700370E-03
4.98727314115E-03
1.02021811560E-02
1.37822568963E-02
1.61620760300E-02
1.86246714815E-02
1.95559050556E-02
1.88316122757E-02
1.64310990626E-02
9.93315812346E-03
3.93187509054E-03
9.31233574074E-04
-4.55269747325E-04
-1.44858555967E-04
5.79434223869E-04
1.38650332140E-03
1.71760859218E-03
2.46259545144E-03
3.18688823128E-03
3.47660534321E-03
3.39382902552E-03
2.35912505432E-03
8.27763176955E-04
6.00128303292E-04
1.13817436831E-03
0.00000000000E+00
-3.04202967531E-03
-6.89112844815E-03
-1.12989673654E-02
-1.46100200733E-02
-1.65966516979E-02
-1.83349543696E-02
-1.70933096041E-02
-1.26854706868E-02
-8.81567783457E-03
-5.13213169712E-03
-1.09678620947E-03
2.64884216626E-03
6.56002317737E-03
9.06400678766E-03
8.79498375515E-03
7.76027978395E-03
6.47724685967E-03
4.46992115556E-03
2.66953624568E-03
1.32442108313E-03
1.69691451276E-03
5.56670736502E-03
1.05539805062E-02
1.27475529251E-02
1.44858555967E-02
1.44651615173E-02
1.12782732860E-02
7.65680938683E-03
3.78701653457E-03
-1.42789148025E-03
-7.98791465762E-03
-1.08023094593E-02
-9.56066469383E-03
-8.04999689589E-03
-6.22891790659E-03
-4.03534548766E-03
-3.10411191358E-04
5.25629617366E-03
7.86375018107E-03
6.35308238313E-03
6.16683566832E-03
8.38110216667E-03
7.22223371893E-03
3.26966454897E-03
-4.13881588478E-04
-3.37313494609E-03
-3.86979285226E-03
-3.60076981975E-03
-5.13213169712E-03
-5.35976657078E-03
-5.02866130000E-03
-5.64948368272E-03
-6.66349357449E-03
-8.44318440494E-03
-9.85038180577E-03
-9.82968772634E-03
-9.39511205844E-03
-9.64344101153E-03
-9.51927653498E-03
-8.19485545186E-03
-5.60809552387E-03
-5.38046065021E-04
5.67017776214E-03
9.76760548807E-03
1.38857272934E-02
1.79624609399E-02
1.99904807235E-02
2.10458787741E-02
2.19357241893E-02
2.06526912650E-02
1.62241582683E-02
1.16300726362E-02
6.51863501852E-03
2.46259545144E-03
4.13881588478E-04
1.03470397119E-04
9.93315812346E-04
1.86246714815E-03
2.29704281605E-03
4.51130931441E-03
8.21554953128E-03
1.07195331416E-02
1.30165759576E-02
1.55826418062E-02
1.76313556691E-02
1.88936945140E-02
1.98870103263E-02
1.77141319868E-02
1.27061647663E-02
8.54665480206E-03
4.96657906173E-03
3.39382902552E-03
2.19357241893E-03
-2.04871386296E-03
-8.93984231111E-03
-1.56861122033E-02
-1.93696583407E-02
-1.93903524202E-02
-1.77141319868E-02
-1.70519214453E-02
-1.73002503984E-02
-1.84591188461E-02
-1.92454938642E-02
-1.88523063552E-02
-1.85625892432E-02
-1.94938228173E-02
-1.80866254165E-02
-1.49825135029E-02
-1.55826418062E-02
-1.82728721313E-02
-1.92454938642E-02
-1.71760859218E-02
-1.41754444054E-02
-1.15266022391E-02
-9.22955942305E-03
-7.76027978395E-03
-6.60141133622E-03
-3.00064151646E-03
1.63483227449E-03
5.17351985597E-03
7.88444426050E-03
8.31901992840E-03
6.31169422428E-03
3.58007574033E-03
2.19357241893E-03
6.41516462140E-04
-1.34511516255E-03
-3.06272375473E-03
-6.24961198601E-03
-9.16747718478E-03
-1.12575792066E-02
-1.18163193510E-02
-9.29164166132E-03
-7.07737516297E-03
-8.23624361070E-03
-9.85038180577E-03
-9.82968772634E-03
-6.43585870083E-03
-1.67622043333E-03
6.62210541564E-04
0.00000000000E+00
-3.10411191358E-04
-1.53136187737E-03
-5.04935537943E-03
-8.17416137243E-03
-1.05746745856E-02
-1.25406121309E-02
-1.51687602177E-02
-2.03629741531E-02
-2.40879084494E-02
-2.28876518428E-02
-1.94317405790E-02
-1.52929246942E-02
-1.17128489539E-02
-8.98123046996E-03
-4.22159220247E-03
2.81439480165E-03
9.33302982017E-03
1.34511516255E-02
1.54377832502E-02
1.75071911926E-02
2.01146452000E-02
1.92868820231E-02
1.57275003621E-02
1.22302009395E-02
8.38110216667E-03
5.02866130000E-03
9.72621732922E-04
-3.10411191358E-03
-6.06336527120E-03
-9.31233574074E-03
-1.14024377626E-02
-1.36994805786E-02
-1.72588622395E-02
-1.84591188461E-02
-1.66173457774E-02
-1.30372700370E-02
-6.39447054198E-03
1.75899675103E-03
9.56066469383E-03
1.84177306873E-02
2.63228690272E-02
3.22620698218E-02
3.54489580531E-02
3.44142540819E-02
2.96339217350E-02
2.51226124206E-02
2.09837965358E-02
1.64310990626E-02
1.09264739358E-02
5.02866130000E-03
3.37313494609E-03
6.00128303292E-03
9.56066469383E-03
1.29544937193E-02
1.61206878712E-02
2.13149018066E-02
2.76059019515E-02
3.16826355980E-02
3.43728659231E-02
3.84289054901E-02
4.12433002918E-02
3.90704219523E-02
3.21585994247E-02
2.10665728535E-02
8.96053639054E-03
7.24292779836E-04
-4.65616787037E-03
-1.04918982679E-02
-1.52929246942E-02
-1.78382964634E-02
-1.85418951638E-02
-1.69898392070E-02
-1.50652898206E-02
-1.32028226724E-02
-1.07609213004E-02
-9.53997061441E-03
-9.97454628231E-03
-1.07402272210E-02
-1.26440825280E-02
-1.46927963910E-02
-1.41547503259E-02
-1.24992239720E-02
-1.16921548745E-02
-1.02642633942E-02
-8.85706599342E-03
-6.45655278025E-03
-1.84177306873E-03
2.17287833951E-03
2.93855927819E-03
3.72493429630E-03
4.82172050576E-03
3.41452310494E-03
1.84177306873E-03
-9.51927653498E-04
-5.79434223869E-03
-7.73958570453E-03
-6.97390476585E-03
-7.92583241934E-03
-7.67750346626E-03
-4.82172050576E-03
-1.90385530700E-03
1.09678620947E-03
3.35244086667E-03
3.20758231070E-03
2.54537176914E-03
2.77300664280E-03
1.34511516255E-03
-3.80771061399E-03
-1.07609213004E-02
-1.56447240445E-02
-1.59758293152E-02
-1.48583490263E-02
-1.64931813008E-02
-1.78176023840E-02
-1.69484510482E-02
-1.41340562465E-02
-9.39511205844E-03
-4.96657906173E-03
-3.60076981975E-03
-3.53868758148E-03
-1.59344411564E-03
5.38046065021E-04
1.53136187737E-03
7.24292779836E-04
-1.53136187737E-03
-9.93315812346E-04
1.51066779794E-03
1.48997371852E-03
1.05539805062E-03
2.19357241893E-03
2.97994743704E-03
2.42120729259E-03
1.20025660658E-03
-1.44858555967E-04
-5.38046065021E-04
2.89717111934E-04
4.13881588478E-05
-2.13149018066E-03
-3.76632245515E-03
-4.94588498231E-03
-5.17351985597E-03
-3.58007574033E-03
-1.28303292428E-03
2.85578296050E-03
8.46387848437E-03
1.39891976905E-02
1.83349543696E-02
1.93696583407E-02
1.64724872214E-02
1.22302009395E-02
7.88444426050E-03
3.47660534321E-03
-1.01400989177E-03
-2.21426649835E-03
-3.93187509054E-04
1.69691451276E-03
4.49061523498E-03
7.01529292469E-03
7.82236202223E-03
7.55333898972E-03
7.47056267202E-03
7.76027978395E-03
7.51195083087E-03
5.69087184157E-03
3.39382902552E-03
3.47660534321E-03
6.99459884527E-03
1.22715890984E-02
1.79003787017E-02
2.29290400017E-02
2.71506322041E-02
2.95097572584E-02
2.69850795687E-02
2.10251846947E-02
1.56861122033E-02
1.20232601453E-02
8.23624361070E-03
4.11812180535E-03
-6.62210541564E-04
-5.52531920618E-03
-6.68418765391E-03
-4.92519090288E-03
-3.78701653457E-03
-3.29035862840E-03
-4.20089812305E-03
-5.83573039753E-03
-6.84974028930E-03
-9.39511205844E-03
-1.20853423835E-02
-1.32442108313E-02
-1.35753161021E-02
-1.29131055605E-02
-1.28303292428E-02
-1.46514082321E-02
-1.69898392070E-02
-1.90592471494E-02
-1.99283984852E-02
-2.00318688823E-02
-2.24944643338E-02
-2.78335368251E-02
-3.13515303272E-02
-3.17861059951E-02
-3.10825072947E-02
-2.78956190634E-02
-2.31773689547E-02
-1.98870103263E-02
-1.57275003621E-02
-1.08850857770E-02
-8.98123046996E-03
-5.95989487408E-03
-1.69691451276E-03
-1.11748028889E-03
-2.02801978354E-03
4.75963826749E-04
3.84909877284E-03
6.87043436873E-03
8.91914823169E-03
6.99459884527E-03
5.21490801482E-03
5.46323696790E-03
5.77364815926E-03
6.49794093910E-03
6.56002317737E-03
4.49061523498E-03
2.48328953087E-03
2.83508888107E-03
3.95256916996E-03
3.76632245515E-03
2.71092440453E-03
2.15218426008E-03
3.26966454897E-03
6.43585870083E-03
1.10713324918E-02
1.39891976905E-02
1.51687602177E-02
1.79417668605E-02
2.03836682325E-02
1.72795563189E-02
1.33476812284E-02
1.21060364630E-02
1.19611779070E-02
1.36167042609E-02
1.59965233947E-02
1.66173457774E-02
1.62448523477E-02
1.65759576185E-02
1.57481944416E-02
1.45893259938E-02
1.31200463547E-02
9.56066469383E-03
5.62878960329E-03
2.69023032510E-03
2.69023032510E-04
-3.93187509054E-04
1.65552635391E-04
2.09010202181E-03
5.04935537943E-03
5.77364815926E-03
6.24961198601E-03
8.11207913416E-03
1.13196614449E-02
1.45893259938E-02
1.59551352358E-02
1.45893259938E-02
1.29131055605E-02
1.07402272210E-02
6.80835213046E-03
3.93187509054E-03
2.54537176914E-03
1.94524346584E-03
2.52467768971E-03
3.49729942264E-03
4.34575667901E-03
6.95321068642E-03
8.71220743745E-03
8.87776007284E-03
9.35372389959E-03
6.31169422428E-03
1.90385530700E-03
-1.44858555967E-03
-2.56606584856E-03
-1.73830267161E-03
-2.35912505432E-03
-6.10475343004E-03
-8.23624361070E-03
-7.49125675144E-03
-7.57403306914E-03
-7.32570411605E-03
-6.08405935062E-03
-6.12544750947E-03
-5.85642447696E-03
-3.93187509054E-03
-2.60745400741E-03
-7.44986859260E-04
-3.31105270782E-04
-2.33843097490E-03
-5.42184880906E-03
-1.14852140803E-02
-1.80038490988E-02
-2.09631024564E-02
-2.10044906152E-02
-2.04043623119E-02
-2.00939511206E-02
-2.05078327091E-02
-2.22875235395E-02
-2.37568031786E-02
-2.22668294601E-02
-2.05078327091E-02
-1.99697866440E-02
-1.97835399292E-02
-1.93903524202E-02
-1.90178589905E-02
-1.97835399292E-02
-2.05492208679E-02
-2.06319971856E-02
-2.07147735033E-02
-2.08389379798E-02
-1.98870103263E-02
-1.71760859218E-02
-1.47134904704E-02
-1.30372700370E-02
-1.04091219502E-02
-1.05539805062E-02
-1.21060364630E-02
-1.12368851272E-02
-9.00192454939E-03
-6.10475343004E-03
-3.84909877284E-03
-3.53868758148E-03
-3.74562837572E-03
-2.66953624568E-03
-3.35244086667E-03
-5.50462512675E-03
-5.60809552387E-03
-2.87647703992E-03
-7.44986859260E-04
1.48997371852E-03
2.77300664280E-03
3.58007574033E-03
6.02197711235E-03
9.37441797902E-03
1.11748028889E-02
1.13817436831E-02
1.35339279432E-02
1.58723589181E-02
1.67828984128E-02
1.93075761025E-02
2.01974215177E-02
1.68035924922E-02
1.37615628169E-02
1.14852140803E-02
8.60873704033E-03
6.20822382716E-03
4.98727314115E-03
3.62146389918E-03
2.31773689547E-03
-4.34575667901E-04
-4.34575667901E-03
-5.77364815926E-03
-3.72493429630E-03
-9.31233574074E-04
1.73830267161E-03
3.62146389918E-03
5.56670736502E-03
8.25693769013E-03
1.08230035387E-02
1.19818719864E-02
1.29958818782E-02
1.47548786292E-02
1.56033358856E-02
1.52929246942E-02
1.31407404342E-02
9.31233574074E-03
6.72557581276E-03
5.52531920618E-03
5.81503631811E-03
6.56002317737E-03
2.19357241893E-03
-4.53200339383E-03
-8.21554953128E-03
-9.62274693210E-03
-1.17335430333E-02
-1.50445957412E-02
-1.57895826004E-02
-1.32028226724E-02
-1.01607929971E-02
-8.65012519918E-03
-9.64344101153E-03
-1.03263456325E-02
-7.92583241934E-03
-2.64884216626E-03
1.98663162469E-03
1.86246714815E-03
-8.07069097531E-04
-2.77300664280E-03
-2.15218426008E-03
-2.06940794239E-05
1.30372700370E-03
2.19357241893E-03
2.54537176914E-03
1.65552635391E-03
-1.07609213004E-03
-3.53868758148E-03
-4.46992115556E-03
-5.50462512675E-03
-5.38046065021E-03
-7.65680938683E-04
3.82840469342E-03
4.78033234692E-03
5.85642447696E-03
8.52596072264E-03
1.06367568239E-02
1.06367568239E-02
1.01400989177E-02
1.22508950189E-02
1.47341845498E-02
1.39064213728E-02
1.14852140803E-02
1.10506384124E-02
1.22508950189E-02
1.21474246218E-02
1.23336713366E-02
1.14852140803E-02
8.40179624609E-03
5.89781263580E-03
6.47724685967E-03
8.19485545186E-03
9.37441797902E-03
1.00987107589E-02
1.01194048383E-02
1.18370134305E-02
1.39685036111E-02
1.56447240445E-02
1.81073194959E-02
1.99077044058E-02
2.06113031062E-02
2.20598886659E-02
1.99490925646E-02
1.41754444054E-02
9.47788837614E-03
7.22223371893E-03
5.75295407984E-03
3.93187509054E-03
2.71092440453E-03
1.75899675103E-03
8.48457256379E-04
-6.20822382716E-04
-1.28303292428E-03
1.20025660658E-03
3.93187509054E-03
4.88380274403E-03
4.32506259959E-03
9.72621732922E-04
-2.29704281605E-03
-3.04202967531E-03
-2.79370072222E-03
-3.08341783416E-03
-5.93920079465E-03
-9.20886534363E-03
-1.11541088095E-02
-1.35753161021E-02
-1.74658030338E-02
-2.07147735033E-02
-2.28255696045E-02
-2.46052604350E-02
-2.56606584856E-02
-2.68609150922E-02
-2.60952341535E-02
-2.26186288103E-02
-2.03836682325E-02
-2.03215859942E-02
-2.06733853445E-02
-2.05285267885E-02
-1.98042340087E-02
-1.87074477992E-02
-1.61206878712E-02
-1.11954969683E-02
-9.99524036173E-03
-1.29958818782E-02
-1.49825135029E-02
-1.54377832502E-02
-1.57895826004E-02
-1.74451089543E-02
-1.84177306873E-02
-1.71140036835E-02
-1.49825135029E-02
-1.42789148025E-02
-1.26440825280E-02
-8.17416137243E-03
-5.15282577655E-03
-5.62878960329E-03
-7.40848043375E-03
-7.90513833992E-03
-5.83573039753E-03
-4.09742772593E-03
-3.62146389918E-03
-1.69691451276E-03
-1.20025660658E-03
-6.62210541564E-04
2.37981913375E-03
6.10475343004E-03
8.58804296091E-03
9.62274693210E-03
1.13817436831E-02
1.31407404342E-02
1.30579641165E-02
9.37441797902E-03
4.57339155268E-03
1.82107898930E-03
-1.01400989177E-03
-3.10411191358E-03
-2.19357241893E-03
-2.23496057778E-03
-2.64884216626E-03
-1.09678620947E-03
2.89717111934E-04
1.82107898930E-03
2.89717111934E-03
2.89717111934E-03
2.58675992798E-03
1.28303292428E-03
-1.38650332140E-03
-3.06272375473E-03
-2.54537176914E-03
-1.59344411564E-03
-4.13881588478E-04
1.48997371852E-03
2.89717111934E-03
3.80771061399E-03
4.65616787037E-03
6.62210541564E-03
9.58135877325E-03
9.39511205844E-03
7.07737516297E-03
5.73226000041E-03
6.80835213046E-03
1.03470397119E-02
1.05746745856E-02
6.78765805103E-03
4.40783891729E-03
4.84241458519E-03
6.51863501852E-03
7.09806924239E-03
6.00128303292E-03
4.96657906173E-03
6.37377646255E-03
9.74691140865E-03
1.29751877988E-02
1.48583490263E-02
1.53343128531E-02
1.61206878712E-02
1.64517931420E-02
1.29131055605E-02
7.94652649877E-03
5.56670736502E-03
5.23560209424E-03
4.55269747325E-03
1.86246714815E-03
-6.82904620988E-04
-4.96657906173E-04
1.32442108313E-03
2.64884216626E-03
3.86979285226E-03
5.07004945885E-03
4.53200339383E-03
4.96657906173E-03
7.42917451317E-03
6.60141133622E-03
3.41452310494E-03
2.31773689547E-03
2.73161848395E-03
2.73161848395E-03
2.21426649835E-03
2.64884216626E-03
4.11812180535E-03
6.39447054198E-03
8.33971400782E-03
8.65012519918E-03
8.67081927860E-03
7.86375018107E-03
5.77364815926E-03
3.76632245515E-03
2.15218426008E-03
1.40719740082E-03
1.24164476543E-03
-1.65552635391E-04
-2.04871386296E-03
-3.14550007243E-03
-4.65616787037E-03
-5.44254288848E-03
-3.55938166091E-03
-8.69151335803E-04
-1.22095068601E-03
-3.41452310494E-03
-3.60076981975E-03
-2.46259545144E-03
-2.93855927819E-03
-5.54601328560E-03
-8.85706599342E-03
-1.08023094593E-02
-1.04298160296E-02
-9.16747718478E-03
-8.85706599342E-03
-8.46387848437E-03
-7.78097386338E-03
-6.99459884527E-03
-5.87711855638E-03
-5.07004945885E-03
-4.01465140823E-03
-2.19357241893E-03
-7.44986859260E-04
-1.55205595679E-03
-3.93187509054E-03
-5.48393104733E-03
-5.89781263580E-03
-4.55269747325E-03
-2.60745400741E-03
-2.89717111934E-03
-4.49061523498E-03
-4.34575667901E-03
-3.62146389918E-03
-4.46992115556E-03
-5.56670736502E-03
-6.04267119177E-03
-7.22223371893E-03
-8.77428967572E-03
-9.16747718478E-03
-8.36040808725E-03
-7.20153963951E-03
-7.26362187778E-03
-6.78765805103E-03
-4.82172050576E-03
-2.56606584856E-03
-3.51799350206E-04
1.48997371852E-03
1.69691451276E-03
5.79434223869E-04
8.27763176955E-05
1.03470397119E-03
2.15218426008E-03
2.56606584856E-03
2.46259545144E-03
1.88316122757E-03
1.20025660658E-03
3.51799350206E-04
1.03470397119E-04
4.55269747325E-04
-2.89717111934E-04
-1.77969083045E-03
-2.42120729259E-03
-2.42120729259E-03
-2.73161848395E-03
-3.99395732881E-03
-5.40115472963E-03
-5.81503631811E-03
-4.71825010864E-03
-3.45591126379E-03
-2.87647703992E-03
-2.35912505432E-03
-1.38650332140E-03
7.24292779836E-04
2.83508888107E-03
2.85578296050E-03
1.59344411564E-03
1.17956252716E-03
1.22095068601E-03
1.55205595679E-03
1.88316122757E-03
1.84177306873E-03
2.04871386296E-03
2.62814808683E-03
3.43521718436E-03
3.95256916996E-03
3.95256916996E-03
3.31105270782E-03
2.60745400741E-03
2.60745400741E-03
3.06272375473E-03
3.39382902552E-03
3.10411191358E-03
3.12480599301E-03
4.18020404362E-03
5.09074353827E-03
5.27699025309E-03
5.81503631811E-03
6.24961198601E-03
5.79434223869E-03
5.07004945885E-03
4.53200339383E-03
4.03534548766E-03
3.68354613745E-03
3.43521718436E-03
3.04202967531E-03
2.52467768971E-03
1.92454938642E-03
1.71760859218E-03
1.77969083045E-03
1.40719740082E-03
1.07609213004E-03
1.15886844774E-03
1.24164476543E-03
1.07609213004E-03
7.86375018107E-04
6.20822382716E-04
8.69151335803E-04
1.34511516255E-03
1.82107898930E-03
2.25565465720E-03
2.46259545144E-03
2.29704281605E-03
2.27634873663E-03
2.40051321317E-03
2.35912505432E-03
2.04871386296E-03
1.63483227449E-03
1.30372700370E-03
1.11748028889E-03
7.24292779836E-04
2.89717111934E-04
1.65552635391E-04
2.06940794239E-04
1.24164476543E-04
1.03470397119E-04
2.89717111934E-04
6.00128303292E-04
9.10539494651E-04
1.03470397119E-03
1.13817436831E-03
1.22095068601E-03
1.17956252716E-03
1.09678620947E-03
1.07609213004E-03
9.93315812346E-04
8.48457256379E-04
7.24292779836E-04
7.44986859260E-04
7.86375018107E-04
4.34575667901E-04
-2.06940794239E-05
-2.48328953087E-04
-3.51799350206E-04
-5.58740144445E-04
-8.07069097531E-04
-9.72621732922E-04
-1.05539805062E-03
-9.72621732922E-04
-8.27763176955E-04
-6.62210541564E-04
-4.75963826749E-04
-3.10411191358E-04
-2.06940794239E-04
-1.86246714815E-04
-2.06940794239E-04
-2.89717111934E-04
-3.93187509054E-04
-4.75963826749E-04
-4.75963826749E-04
-4.55269747325E-04
-4.34575667901E-04
-4.34575667901E-04
-3.72493429630E-04
-3.31105270782E-04
-3.31105270782E-04
-3.72493429630E-04
-3.51799350206E-04
-3.10411191358E-04
-3.10411191358E-04
-3.31105270782E-04
-3.31105270782E-04
-3.31105270782E-04
-3.31105270782E-04
-2.89717111934E-04
-2.89717111934E-04
-2.69023032510E-04
-2.27634873663E-04
-1.65552635391E-04
-1.44858555967E-04
-1.65552635391E-04
-2.06940794239E-04
-1.86246714815E-04
-1.65552635391E-04
-1.65552635391E-04
-1.65552635391E-04
-1.65552635391E-04
-1.65552635391E-04
-1.86246714815E-04
-1.86246714815E-04
-1.86246714815E-04
-1.86246714815E-04
-1.86246714815E-04
-1.86246714815E-04
-2.06940794239E-04
-2.27634873663E-04
-2.48328953087E-04
-2.69023032510E-04
-2.89717111934E-04
-2.89717111934E-04
-3.10411191358E-04
-3.10411191358E-04
-3.10411191358E-04
-3.10411191358E-04
-3.10411191358E-04
-3.10411191358E-04
-3.31105270782E-04
-3.31105270782E-04
-3.31105270782E-04
-3.51799350206E-04
-3.51799350206E-04
-3.51799350206E-04
-3.72493429630E-04
-3.72493429630E-04
-3.72493429630E-04
-3.72493429630E-04
-3.93187509054E-04
-3.93187509054E-04
-3.93187509054E-04
-4.13881588478E-04
-4.13881588478E-04
-4.13881588478E-04
-4.13881588478E-04
-4.34575667901E-04
-4.34575667901E-04
-4.34575667901E-04
-4.55269747325E-04
-4.55269747325E-04
-4.55269747325E-04
-4.75963826749E-04
-4.75963826749E-04
-4.75963826749E-04
-4.75963826749E-04
-4.96657906173E-04
-4.96657906173E-04
-4.96657906173E-04
-5.17351985597E-04
-5.17351985597E-04
-5.17351985597E-04
