8.57081637026E-05
8.57081637026E-05
8.57081637026E-05
8.57081637026E-05
8.57081637026E-05
8.57081637026E-05
8.57081637026E-05
8.57081637026E-05
8.57081637026E-05
8.57081637026E-05
8.57081637026E-05
8.57081637026E-05
8.57081637026E-05
8.57081637026E-05
8.57081637026E-05
8.57081637026E-05
8.57081637026E-05
8.57081637026E-05
8.57081637026E-05
8.57081637026E-05
8.57081637026E-05
8.57081637026E-05
8.57081637026E-05
8.57081637026E-05
8.57081637026E-05
1.28562245554E-04
1.28562245554E-04
1.28562245554E-04
8.57081637026E-05
1.28562245554E-04
1.28562245554E-04
8.57081637026E-05
1.28562245554E-04
1.28562245554E-04
8.57081637026E-05
8.57081637026E-05
1.28562245554E-04
1.28562245554E-04
1.28562245554E-04
1.28562245554E-04
1.28562245554E-04
4.28540818513E-05
4.28540818513E-05
1.28562245554E-04
1.71416327405E-04
1.71416327405E-04
1.28562245554E-04
1.28562245554E-04
8.57081637026E-05
1.28562245554E-04
1.71416327405E-04
2.14270409256E-04
2.14270409256E-04
2.14270409256E-04
1.71416327405E-04
4.28540818513E-05
-4.28540818513E-05
4.28540818513E-05
2.14270409256E-04
2.57124491108E-04
1.28562245554E-04
8.57081637026E-05
1.71416327405E-04
2.57124491108E-04
2.57124491108E-04
2.57124491108E-04
2.99978572959E-04
2.99978572959E-04
2.14270409256E-04
8.57081637026E-05
8.57081637026E-05
1.71416327405E-04
1.28562245554E-04
-4.28540818513E-05
-1.28562245554E-04
0.00000000000E+00
8.57081637026E-05
4.28540818513E-05
4.28540818513E-05
1.71416327405E-04
3.85686736662E-04
4.71394900364E-04
2.57124491108E-04
8.57081637026E-05
8.57081637026E-05
4.28540818513E-05
8.57081637026E-05
3.42832654810E-04
5.57103064067E-04
5.14248982216E-04
2.14270409256E-04
8.57081637026E-05
1.71416327405E-04
3.85686736662E-04
2.99978572959E-04
-4.28540818513E-05
-8.57081637026E-05
1.28562245554E-04
2.57124491108E-04
8.57081637026E-05
-4.28540818513E-05
8.57081637026E-05
8.57081637026E-05
4.28540818513E-05
2.14270409256E-04
2.57124491108E-04
2.57124491108E-04
1.71416327405E-04
2.14270409256E-04
5.14248982216E-04
5.99957145918E-04
1.28562245554E-04
-3.42832654810E-04
-4.28540818513E-05
3.85686736662E-04
2.99978572959E-04
1.71416327405E-04
2.99978572959E-04
3.85686736662E-04
3.85686736662E-04
1.71416327405E-04
-4.28540818513E-05
-4.28540818513E-05
1.28562245554E-04
2.57124491108E-04
1.28562245554E-04
-8.57081637026E-05
0.00000000000E+00
4.28540818513E-05
-8.57081637026E-05
2.14270409256E-04
3.85686736662E-04
8.57081637026E-05
-2.57124491108E-04
-2.14270409256E-04
4.28540818513E-05
1.28562245554E-04
1.71416327405E-04
2.99978572959E-04
3.85686736662E-04
4.28540818513E-04
1.28562245554E-04
-2.99978572959E-04
-3.42832654810E-04
2.99978572959E-04
1.02849796443E-03
1.32847653739E-03
1.24276837369E-03
8.14227555175E-04
2.99978572959E-04
2.99978572959E-04
5.57103064067E-04
5.57103064067E-04
3.85686736662E-04
3.85686736662E-04
4.71394900364E-04
6.85665309621E-04
7.71373473323E-04
4.71394900364E-04
4.28540818513E-05
1.71416327405E-04
4.28540818513E-04
2.99978572959E-04
0.00000000000E+00
-4.71394900364E-04
-6.85665309621E-04
-2.57124491108E-04
3.85686736662E-04
5.14248982216E-04
4.71394900364E-04
4.71394900364E-04
4.71394900364E-04
3.85686736662E-04
1.71416327405E-04
1.28562245554E-04
1.28562245554E-04
0.00000000000E+00
-1.71416327405E-04
-4.28540818513E-05
2.57124491108E-04
2.57124491108E-04
0.00000000000E+00
8.57081637026E-05
4.71394900364E-04
3.42832654810E-04
2.57124491108E-04
2.14270409256E-04
0.00000000000E+00
0.00000000000E+00
-2.57124491108E-04
-1.02849796443E-03
-8.99935718877E-04
-4.28540818513E-05
5.14248982216E-04
3.85686736662E-04
2.14270409256E-04
2.14270409256E-04
2.14270409256E-04
-4.28540818513E-05
-3.85686736662E-04
-2.57124491108E-04
2.99978572959E-04
1.28562245554E-04
-6.85665309621E-04
-6.85665309621E-04
-2.14270409256E-04
-1.71416327405E-04
-1.71416327405E-04
1.28562245554E-04
2.14270409256E-04
1.71416327405E-04
8.57081637026E-05
-3.42832654810E-04
-7.28519391472E-04
-2.99978572959E-04
5.57103064067E-04
7.28519391472E-04
6.85665309621E-04
6.42811227769E-04
2.57124491108E-04
2.14270409256E-04
6.42811227769E-04
1.02849796443E-03
8.99935718877E-04
6.42811227769E-04
3.42832654810E-04
1.28562245554E-04
3.85686736662E-04
7.28519391472E-04
4.28540818513E-04
1.28562245554E-04
5.14248982216E-04
8.14227555175E-04
5.99957145918E-04
0.00000000000E+00
-2.14270409256E-04
4.28540818513E-05
4.71394900364E-04
5.14248982216E-04
3.85686736662E-04
2.99978572959E-04
2.57124491108E-04
1.71416327405E-04
8.57081637026E-05
2.14270409256E-04
1.71416327405E-04
-1.28562245554E-04
-8.57081637026E-05
5.14248982216E-04
8.57081637026E-04
2.99978572959E-04
-5.57103064067E-04
-8.57081637026E-04
-4.28540818513E-05
9.42789800729E-04
7.28519391472E-04
1.71416327405E-04
4.28540818513E-04
1.11420612813E-03
1.15706020999E-03
5.99957145918E-04
-4.28540818513E-05
-4.28540818513E-05
5.99957145918E-04
7.71373473323E-04
3.85686736662E-04
3.42832654810E-04
6.85665309621E-04
6.85665309621E-04
6.42811227769E-04
8.57081637026E-04
1.28562245554E-03
1.28562245554E-03
2.99978572959E-04
-5.57103064067E-04
-2.57124491108E-04
4.28540818513E-04
5.57103064067E-04
2.99978572959E-04
4.28540818513E-04
1.07135204628E-03
1.19991429184E-03
6.85665309621E-04
2.57124491108E-04
1.71416327405E-04
5.57103064067E-04
9.42789800729E-04
6.42811227769E-04
4.28540818513E-05
-1.28562245554E-04
4.28540818513E-04
8.14227555175E-04
5.99957145918E-04
4.28540818513E-04
3.85686736662E-04
2.57124491108E-04
2.14270409256E-04
3.85686736662E-04
4.28540818513E-04
3.85686736662E-04
2.99978572959E-04
8.57081637026E-05
1.28562245554E-04
3.85686736662E-04
3.42832654810E-04
2.14270409256E-04
2.57124491108E-04
2.99978572959E-04
1.71416327405E-04
2.57124491108E-04
8.57081637026E-04
8.57081637026E-04
-6.85665309621E-04
-1.75701735590E-03
-6.85665309621E-04
5.14248982216E-04
4.71394900364E-04
8.57081637026E-05
4.28540818513E-05
3.85686736662E-04
8.99935718877E-04
8.57081637026E-04
3.42832654810E-04
2.99978572959E-04
6.42811227769E-04
5.99957145918E-04
4.71394900364E-04
2.14270409256E-04
-8.57081637026E-05
1.28562245554E-04
5.57103064067E-04
8.14227555175E-04
5.57103064067E-04
-8.57081637026E-05
-8.57081637026E-05
-4.28540818513E-05
-3.42832654810E-04
-3.42832654810E-04
1.71416327405E-04
5.57103064067E-04
8.14227555175E-04
9.85643882580E-04
7.71373473323E-04
3.85686736662E-04
2.57124491108E-04
6.85665309621E-04
9.42789800729E-04
8.57081637026E-04
3.42832654810E-04
-4.28540818513E-05
1.28562245554E-04
-2.99978572959E-04
-8.99935718877E-04
-6.42811227769E-04
2.14270409256E-04
7.28519391472E-04
5.99957145918E-04
2.14270409256E-04
1.28562245554E-04
3.42832654810E-04
4.28540818513E-04
3.85686736662E-04
1.28562245554E-04
-2.57124491108E-04
-3.85686736662E-04
8.57081637026E-05
7.28519391472E-04
1.19991429184E-03
8.57081637026E-04
2.57124491108E-04
1.28562245554E-04
1.28562245554E-04
1.28562245554E-04
1.71416327405E-04
2.57124491108E-04
5.14248982216E-04
6.42811227769E-04
5.99957145918E-04
6.42811227769E-04
7.28519391472E-04
4.71394900364E-04
4.28540818513E-05
-2.14270409256E-04
-4.28540818513E-05
4.28540818513E-04
5.99957145918E-04
0.00000000000E+00
-5.14248982216E-04
-2.57124491108E-04
8.14227555175E-04
1.58560102850E-03
1.19991429184E-03
5.14248982216E-04
3.42832654810E-04
6.85665309621E-04
5.99957145918E-04
4.28540818513E-05
-1.71416327405E-04
4.28540818513E-05
1.28562245554E-04
0.00000000000E+00
-1.28562245554E-04
-4.28540818513E-05
8.57081637026E-05
2.57124491108E-04
5.14248982216E-04
4.71394900364E-04
5.99957145918E-04
8.14227555175E-04
5.14248982216E-04
-2.99978572959E-04
-4.71394900364E-04
3.85686736662E-04
1.11420612813E-03
7.71373473323E-04
-4.28540818513E-05
-1.28562245554E-04
3.85686736662E-04
5.99957145918E-04
2.57124491108E-04
2.14270409256E-04
2.99978572959E-04
2.14270409256E-04
4.28540818513E-04
5.14248982216E-04
4.71394900364E-04
4.28540818513E-04
6.42811227769E-04
5.57103064067E-04
-8.57081637026E-04
-2.01414184701E-03
-1.15706020999E-03
1.71416327405E-04
5.99957145918E-04
1.28562245554E-04
-3.85686736662E-04
-5.14248982216E-04
-3.42832654810E-04
-1.28562245554E-04
0.00000000000E+00
0.00000000000E+00
0.00000000000E+00
2.57124491108E-04
5.57103064067E-04
7.28519391472E-04
6.85665309621E-04
2.14270409256E-04
-2.57124491108E-04
-5.57103064067E-04
-3.42832654810E-04
2.57124491108E-04
6.42811227769E-04
6.42811227769E-04
6.42811227769E-04
6.42811227769E-04
1.28562245554E-04
-6.85665309621E-04
-7.71373473323E-04
-4.28540818513E-05
4.71394900364E-04
4.28540818513E-05
-4.28540818513E-04
-2.57124491108E-04
-2.57124491108E-04
-7.71373473323E-04
-6.85665309621E-04
2.57124491108E-04
8.99935718877E-04
5.14248982216E-04
4.28540818513E-05
2.14270409256E-04
3.85686736662E-04
-1.28562245554E-04
-9.85643882580E-04
-6.85665309621E-04
2.14270409256E-04
6.85665309621E-04
2.99978572959E-04
2.14270409256E-04
7.71373473323E-04
3.42832654810E-04
-8.14227555175E-04
-1.28562245554E-03
-4.71394900364E-04
-2.14270409256E-04
-5.57103064067E-04
-9.42789800729E-04
-1.02849796443E-03
-5.14248982216E-04
-8.57081637026E-05
-8.57081637026E-05
-8.57081637026E-05
2.99978572959E-04
4.28540818513E-04
3.42832654810E-04
1.28562245554E-04
-8.57081637026E-05
-1.28562245554E-04
-2.14270409256E-04
-5.14248982216E-04
-7.28519391472E-04
-5.14248982216E-04
-4.28540818513E-05
1.71416327405E-04
4.28540818513E-05
-3.85686736662E-04
-3.85686736662E-04
-4.28540818513E-05
-4.28540818513E-05
-2.57124491108E-04
-4.28540818513E-04
-6.42811227769E-04
-8.99935718877E-04
-1.02849796443E-03
-9.85643882580E-04
-9.42789800729E-04
-8.14227555175E-04
-8.57081637026E-04
-1.24276837369E-03
-1.84272551961E-03
-2.22841225627E-03
-1.97128776516E-03
-1.24276837369E-03
-6.85665309621E-04
-4.71394900364E-04
-6.42811227769E-04
-1.15706020999E-03
-1.58560102850E-03
-1.24276837369E-03
-7.71373473323E-04
-8.14227555175E-04
-7.71373473323E-04
-3.85686736662E-04
-4.28540818513E-05
-1.71416327405E-04
-3.85686736662E-04
-4.28540818513E-05
3.85686736662E-04
2.99978572959E-04
0.00000000000E+00
-4.28540818513E-05
-6.85665309621E-04
-1.58560102850E-03
-1.71416327405E-03
-1.37133061924E-03
-1.49989286480E-03
-2.61409899293E-03
-3.72830512106E-03
-2.95693164774E-03
-1.24276837369E-03
-3.42832654810E-04
-4.71394900364E-04
-1.49989286480E-03
-2.74266123848E-03
-3.59974287551E-03
-3.17120205700E-03
-1.32847653739E-03
1.28562245554E-03
3.04263981144E-03
2.22841225627E-03
-2.99978572959E-04
-2.74266123848E-03
-4.19970002143E-03
-4.45682451253E-03
-4.24255410328E-03
-4.37111634883E-03
-5.01392757660E-03
-5.74244696807E-03
-6.42811227769E-03
-6.89950717806E-03
-6.64238268695E-03
-5.22819798586E-03
-3.34261838440E-03
-3.04263981144E-03
-5.14248982216E-03
-8.52796228841E-03
-1.02421255625E-02
-9.38504392543E-03
-7.75658881508E-03
-6.72809085065E-03
-6.25669595029E-03
-5.87100921363E-03
-5.52817655882E-03
-4.67109492179E-03
-2.87122348404E-03
-1.15706020999E-03
-5.57103064067E-04
-1.02849796443E-03
-1.88557960146E-03
-1.75701735590E-03
8.57081637026E-04
5.78530104993E-03
1.01135633169E-02
1.16991643454E-02
1.03706878080E-02
6.21384186844E-03
3.85686736662E-04
-4.54253267624E-03
-7.32804799657E-03
-8.87079494322E-03
-1.01135633169E-02
-1.10992071995E-02
-1.10134990358E-02
-1.01992714806E-02
-8.95650310692E-03
-6.68523676880E-03
-4.84251124920E-03
-6.38525819584E-03
-1.16134561817E-02
-1.76987358046E-02
-2.09127919434E-02
-1.96700235697E-02
-1.46560959931E-02
-7.71373473323E-03
-1.15706020999E-03
2.18555817442E-03
1.54274694665E-03
-1.62845511035E-03
-4.62824083994E-03
-5.05678165845E-03
-3.21405613885E-03
-2.57124491108E-04
3.68545103921E-03
8.69937861581E-03
1.28990786372E-02
1.39704306835E-02
1.25562459824E-02
9.94214698950E-03
6.68523676880E-03
2.52839082923E-03
-1.28562245554E-03
-1.79987143775E-03
2.61409899293E-03
1.04563959717E-02
1.79987143775E-02
2.30126419541E-02
2.43839725734E-02
2.09556460253E-02
1.39275766017E-02
5.82815513178E-03
-1.37133061924E-03
-7.54231840583E-03
-1.28133704735E-02
-1.65845296765E-02
-1.82129847868E-02
-1.73559031498E-02
-1.45703878294E-02
-1.08849367902E-02
-7.02806942361E-03
-3.21405613885E-03
3.85686736662E-04
3.29976430255E-03
5.99957145918E-03
8.99935718877E-03
1.16991643454E-02
1.32419112921E-02
1.31133490465E-02
1.09706449539E-02
8.74223269766E-03
8.09942146990E-03
8.22798371545E-03
8.39940004285E-03
8.87079494322E-03
9.68502249839E-03
9.64216841654E-03
8.05656738804E-03
4.02828369402E-03
-2.39982858367E-03
-9.77073066210E-03
-1.64559674309E-02
-2.02699807157E-02
-1.89415041783E-02
-1.30704949646E-02
-6.85665309621E-03
-3.68545103921E-03
-4.45682451253E-03
-8.22798371545E-03
-1.28562245554E-02
-1.58988643668E-02
-1.72701949861E-02
-1.75701735590E-02
-1.72701949861E-02
-1.69273623313E-02
-1.72273409042E-02
-1.92414827512E-02
-2.31412041997E-02
-2.87122348404E-02
-3.40689950718E-02
-3.54831797729E-02
-3.01264195415E-02
-1.75273194772E-02
3.42832654810E-04
1.91129205057E-02
3.29119348618E-02
3.64688236555E-02
2.85836725948E-02
1.25133919006E-02
-5.39961431326E-03
-1.94557531605E-02
-2.63981144204E-02
-2.51124919649E-02
-1.72701949861E-02
-6.55667452325E-03
3.89972144847E-03
1.26419541461E-02
1.95414613242E-02
2.47268052282E-02
2.75980287122E-02
2.75551746304E-02
2.45125348189E-02
1.88129419327E-02
1.08420827084E-02
8.14227555175E-04
-8.05656738804E-03
-1.27276623098E-02
-1.34990357832E-02
-1.26848082280E-02
-1.20419970002E-02
-1.39275766017E-02
-1.92843368331E-02
-2.70409256482E-02
-3.57831583458E-02
-4.33254767517E-02
-4.63681165631E-02
-4.31969145061E-02
-3.56545961003E-02
-2.75551746304E-02
-2.18127276623E-02
-2.00985643883E-02
-2.27126633812E-02
-2.62266980930E-02
-2.46839511463E-02
-1.43132633383E-02
4.75680308549E-03
2.87979430041E-02
5.22819798586E-02
6.99807156632E-02
7.87229483608E-02
7.79087208057E-02
7.02806942361E-02
6.02956931648E-02
5.03964002571E-02
4.15684593958E-02
3.47118062996E-02
3.00407113778E-02
2.72980501393E-02
2.83265481037E-02
3.54831797729E-02
4.77394471823E-02
5.86672380544E-02
6.13241911292E-02
5.27105206771E-02
3.43261195629E-02
1.08420827084E-02
-1.15277480180E-02
-2.65695307478E-02
-3.03835440326E-02
-2.38268695093E-02
-1.19134347547E-02
-2.01414184701E-03
1.24276837369E-03
-3.25691022070E-03
-1.37561602743E-02
-2.58838654382E-02
-3.53117634455E-02
-3.83544032569E-02
-3.28690807799E-02
-1.99271480609E-02
-3.77115920291E-03
1.13563316906E-02
2.27555174630E-02
2.74266123848E-02
2.52839082923E-02
1.98842939790E-02
1.40989929291E-02
8.82794086137E-03
5.31390614956E-03
5.87100921363E-03
1.17848725091E-02
2.12556245982E-02
3.06835226055E-02
3.58260124277E-02
3.55260338547E-02
3.09406470966E-02
2.15984572531E-02
6.08527962288E-03
-1.40561388472E-02
-3.27833726162E-02
-4.34111849154E-02
-4.28969359331E-02
-3.11977715877E-02
-1.02421255625E-02
1.48275123205E-02
3.54831797729E-02
4.40111420613E-02
3.77115920291E-02
2.02699807157E-02
-2.95693164774E-03
-2.74266123848E-02
-4.76537390186E-02
-5.68673666167E-02
-5.00535676023E-02
-2.86265266767E-02
1.19991429184E-03
3.01692736233E-02
4.79965716735E-02
4.72251982001E-02
2.66123848297E-02
-8.01371330619E-03
-4.49539318620E-02
-7.09235054639E-02
-7.83801157060E-02
-6.77094493250E-02
-4.47396614528E-02
-1.78701521320E-02
3.72830512106E-03
1.22134133276E-02
5.14248982216E-03
-1.32419112921E-02
-3.45403899721E-02
-4.91107778016E-02
-5.01392757660E-02
-3.87400899936E-02
-2.18127276623E-02
-6.68523676880E-03
3.42832654810E-03
9.81358474395E-03
1.38418684380E-02
1.56845939576E-02
1.46132419113E-02
1.00707092351E-02
3.08549389329E-03
-5.14248982216E-03
-1.19991429184E-02
-1.37990143561E-02
-8.01371330619E-03
4.41397043068E-03
1.94128990786E-02
3.08549389329E-02
3.34261838440E-02
2.53696164560E-02
8.22798371545E-03
-1.27276623098E-02
-3.24405399614E-02
-4.76965931005E-02
-5.75530319263E-02
-6.00814227555E-02
-5.27105206771E-02
-3.59545746732E-02
-1.40989929291E-02
5.01392757660E-03
1.23419755732E-02
3.17120205700E-03
-1.96700235697E-02
-4.76965931005E-02
-7.01092779087E-02
-7.76515963145E-02
-6.68095136062E-02
-4.16541675595E-02
-1.07135204628E-02
1.79130062138E-02
3.90400685665E-02
4.96678808657E-02
5.09535033212E-02
4.59824298264E-02
3.80115706021E-02
2.90550674952E-02
1.91129205057E-02
7.24233983287E-03
-6.34240411399E-03
-1.90272123420E-02
-2.75551746304E-02
-2.86693807585E-02
-1.98414398972E-02
-2.74266123848E-03
1.81272766231E-02
3.91257767302E-02
5.72959074352E-02
6.93807585172E-02
7.16520248554E-02
6.18812941933E-02
4.23398328691E-02
1.90272123420E-02
-1.45703878294E-03
-1.51703449754E-02
-2.17698735805E-02
-2.25412470538E-02
-2.09985001071E-02
-2.09985001071E-02
-2.37840154275E-02
-2.75551746304E-02
-2.81979858582E-02
-2.31412041997E-02
-1.38847225198E-02
-3.94257553032E-03
2.57124491108E-03
2.61409899293E-03
-4.19970002143E-03
-1.57274480394E-02
-2.90550674952E-02
-4.27683736876E-02
-5.71244911078E-02
-7.01949860724E-02
-7.56803085494E-02
-6.66380972788E-02
-4.13541889865E-02
-4.92821941290E-03
3.12834797514E-02
5.42532676237E-02
5.69530747804E-02
4.01542746947E-02
1.20848510821E-02
-1.49560745661E-02
-3.08549389329E-02
-3.42404113992E-02
-2.85836725948E-02
-1.63702592672E-02
1.62845511035E-03
2.30983501178E-02
4.34968930791E-02
5.75958860081E-02
6.08956503107E-02
5.11677737304E-02
3.07692307692E-02
6.29955003214E-03
-1.31990572102E-02
-1.94128990786E-02
-9.59931433469E-03
1.10992071995E-02
3.10263552603E-02
3.88686522391E-02
2.86265266767E-02
2.22841225627E-03
-3.17977287337E-02
-6.26526676666E-02
-8.07799442897E-02
-7.98371544890E-02
-5.93529033640E-02
-2.54124705378E-02
1.15277480180E-02
4.03685451039E-02
5.23676880223E-02
4.31112063424E-02
1.42275551746E-02
-2.67838011571E-02
-6.86093850439E-02
-9.69359331476E-02
-1.02506963788E-01
-8.39511463467E-02
-4.61967002357E-02
2.39982858367E-03
5.20677094493E-02
9.30362116992E-02
1.18577244483E-01
1.25691022070E-01
1.15834583244E-01
9.49217913006E-02
6.91236340261E-02
4.45682451253E-02
2.90122134133E-02
2.78122991215E-02
3.85686736662E-02
5.25391043497E-02
5.96957360189E-02
5.30104992501E-02
3.27405185344E-02
5.48532247697E-03
-2.02699807157E-02
-3.89543604028E-02
-5.00535676023E-02
-5.65245339619E-02
-6.05099635740E-02
-6.06813799014E-02
-5.51960574245E-02
-4.42682665524E-02
-2.92264838226E-02
-1.22991214913E-02
3.59974287551E-03
1.53846153846E-02
1.94128990786E-02
1.33276194558E-02
6.42811227769E-04
-9.89929290765E-03
-1.18705806728E-02
-5.39961431326E-03
5.91386329548E-03
1.78701521320E-02
2.78551532033E-02
3.48832226270E-02
3.88257981573E-02
4.10542104135E-02
4.22112706235E-02
3.91686308121E-02
2.80265695307E-02
8.78508677952E-03
-1.47418041568E-02
-3.90829226484E-02
-6.17098778659E-02
-8.11227769445E-02
-9.56931647739E-02
-1.02678380116E-01
-9.75358902936E-02
-7.55517463038E-02
-3.82686950932E-02
4.79965716735E-03
3.99400042854E-02
5.62674094708E-02
5.21105635312E-02
3.53974716092E-02
1.96700235697E-02
1.64988215127E-02
2.81979858582E-02
4.78251553460E-02
6.32526248125E-02
6.51810584958E-02
5.36533104778E-02
3.62116991643E-02
1.93271909149E-02
5.78530104993E-03
-4.41397043068E-03
-1.12277694450E-02
-1.40132847654E-02
-1.38847225198E-02
-1.23848296550E-02
-8.14227555175E-03
3.85686736662E-04
1.01564173988E-02
1.59845725305E-02
1.45275337476E-02
5.74244696807E-03
-6.72809085065E-03
-1.74416113135E-02
-2.13413327619E-02
-1.65416755946E-02
-5.95671737733E-03
5.35676023141E-03
1.44418255839E-02
2.15556031712E-02
2.96121705592E-02
4.02828369402E-02
5.15106063853E-02
5.89672166274E-02
5.79387186630E-02
4.61967002357E-02
2.63552603385E-02
5.48532247697E-03
-7.28519391472E-03
-5.05678165845E-03
1.22134133276E-02
3.72401971288E-02
5.93529033640E-02
6.89950717806E-02
6.11527748018E-02
3.45403899721E-02
-9.29933576173E-03
-6.38954360403E-02
-1.17848725091E-01
-1.60102849796E-01
-1.82472680523E-01
-1.81444182558E-01
-1.58517248768E-01
-1.19091493465E-01
-7.01949860724E-02
-2.09985001071E-02
1.61988429398E-02
3.03835440326E-02
1.78701521320E-02
-1.55131776302E-02
-5.59245768159E-02
-8.58795800300E-02
-9.11934861796E-02
-6.69380758517E-02
-2.01414184701E-02
3.19691450611E-02
7.14377544461E-02
8.96078851511E-02
8.90936361688E-02
7.92800514249E-02
6.95521748447E-02
6.54381829869E-02
6.87379472895E-02
7.85086779516E-02
9.23934004714E-02
1.08206556675E-01
1.24876794515E-01
1.41375616027E-01
1.55646025284E-01
1.63445468181E-01
1.60574244697E-01
1.42746946647E-01
1.07649453610E-01
5.79815727448E-02
3.08549389329E-03
-4.02828369402E-02
-5.63102635526E-02
-4.08399400043E-02
-8.14227555175E-04
4.92393400471E-02
9.27362331262E-02
1.17505892436E-01
1.20334261838E-01
1.07820869938E-01
9.02078422970E-02
7.55517463038E-02
6.69380758517E-02
6.26526676666E-02
5.99528605100E-02
5.78101564174E-02
5.74244696807E-02
6.16670237840E-02
7.37090207842E-02
9.39790014999E-02
1.20377115920E-01
1.48703664024E-01
1.73473323334E-01
1.88386543818E-01
1.89543604028E-01
1.79644311121E-01
1.66059567174E-01
1.57574458967E-01
1.60274266124E-01
1.73730447825E-01
1.93786158132E-01
2.13970430684E-01
2.27683736876E-01
2.31883436897E-01
2.25841011356E-01
2.09256481680E-01
1.80372830512E-01
1.36747375187E-01
7.77373044783E-02
6.89950717806E-03
-6.94664666810E-02
-1.43818298693E-01
-2.07370902078E-01
-2.54381829869E-01
-2.83822584101E-01
-2.98392971931E-01
-3.03235483180E-01
-3.04263981144E-01
-3.06020998500E-01
-3.11292050568E-01
-3.20805656739E-01
-3.31433469038E-01
-3.37090207842E-01
-3.30490679237E-01
-3.06149560746E-01
-2.63509749304E-01
-2.07928005142E-01
-1.48360831369E-01
-9.35933147632E-02
-4.98392971931E-02
-1.85129633598E-02
4.15684593958E-03
2.44696807371E-02
4.77823012642E-02
7.73516177416E-02
1.14377544461E-01
1.58817227341E-01
2.09470752089E-01
2.64023998286E-01
3.17377330191E-01
3.61731304907E-01
3.89886436683E-01
3.97128776516E-01
3.82901221341E-01
3.52217698736E-01
3.13991857724E-01
2.78080137133E-01
2.52410542104E-01
2.41139918577E-01
2.43196914506E-01
2.54896078852E-01
2.69123634026E-01
2.77480179987E-01
2.75251767731E-01
2.61709877866E-01
2.40582815513E-01
2.17570173559E-01
1.97471609171E-01
1.84743946861E-01
1.81444182558E-01
1.85601028498E-01
1.92971930576E-01
1.99185772445E-01
2.00257124491E-01
1.91214913220E-01
1.67816584530E-01
1.28990786372E-01
7.76087422327E-02
2.10413541890E-02
-3.18405828155E-02
-7.23376901650E-02
-9.57788729376E-02
-1.04006856653E-01
-1.03578315835E-01
-1.03664023998E-01
-1.13349046497E-01
-1.38118705807E-01
-1.78958645811E-01
-2.32869080780E-01
-2.94021855582E-01
-3.56417398757E-01
-4.13799014356E-01
-4.59095778873E-01
-4.85536747375E-01
-4.90936361688E-01
-4.79151489179E-01
-4.60467109492E-01
-4.48853653310E-01
-4.55496035997E-01
-4.84208270838E-01
-5.31304906792E-01
-5.84958217270E-01
-6.26998071566E-01
-6.38868652239E-01
-6.10370687808E-01
-5.43089779301E-01
-4.51210627812E-01
-3.59417184487E-01
-2.94193271909E-01
-2.75080351403E-01
-3.09792157703E-01
-3.90014998929E-01
-4.93293336190E-01
-5.90443539747E-01
-6.57853010499E-01
-6.85751017784E-01
-6.77437325905E-01
-6.43754017570E-01
-5.97900149989E-01
-5.50717805871E-01
-5.04392543390E-01
-4.54124705378E-01
-3.95586029569E-01
-3.28433683308E-01
-2.56995928862E-01
-1.89929290765E-01
-1.36190272123E-01
-9.98071566317E-02
-7.70944932505E-02
-5.83244053996E-02
-3.06835226055E-02
1.71416327405E-02
8.95650310692E-02
1.82429826441E-01
2.85836725948E-01
3.84529676452E-01
4.62695521748E-01
5.10477823013E-01
5.27833726162E-01
5.22819798586E-01
5.08292264838E-01
4.97750160703E-01
5.01007070924E-01
5.22605528177E-01
5.63359760017E-01
6.16755946004E-01
6.68052281980E-01
7.00064281123E-01
7.01307049496E-01
6.69895007499E-01
6.09513606171E-01
5.24876794515E-01
4.19455753160E-01
2.98221555603E-01
1.69787872295E-01
4.64538247268E-02
-5.60531390615E-02
-1.20505678166E-01
-1.34090422113E-01
-9.70216413113E-02
-2.48982215556E-02
5.42532676237E-02
1.07263766874E-01
1.05892436255E-01
3.73687593743E-02
-9.28647953718E-02
-2.64152560531E-01
-4.47910863510E-01
-6.15427469466E-01
-7.43432611956E-01
-8.18812941933E-01
-8.40411399186E-01
-8.16113134776E-01
-7.56888793658E-01
-6.74780372831E-01
-5.84101135633E-01
-4.96764516820E-01
-4.18812941933E-01
-3.52389115063E-01
-2.98392971931E-01
-2.58152989072E-01
-2.31712020570E-01
-2.17741589886E-01
-2.10970644954E-01
-2.01714163274E-01
-1.77158774373E-01
-1.25605313906E-01
-4.02828369402E-02
7.61945575316E-02
2.10542104135E-01
3.42275551746E-01
4.50739232912E-01
5.21962716949E-01
5.52689093636E-01
5.49175058924E-01
5.24019712878E-01
4.92521962717E-01
4.66252410542E-01
4.49410756375E-01
4.41011356332E-01
4.35697450182E-01
4.25712449111E-01
4.05871009214E-01
3.77244482537E-01
3.45318191558E-01
3.19048639383E-01
3.09620741376E-01
3.22905506750E-01
3.57660167131E-01
4.06642382687E-01
4.58795800300E-01
5.04392543390E-01
5.36918791515E-01
5.49903578316E-01
5.33147632312E-01
4.73880437112E-01
3.64731090636E-01
2.09856438826E-01
2.37411613456E-02
-1.75144632526E-01
-3.67216627384E-01
-5.34090422113E-01
-6.61024212556E-01
-7.39532890508E-01
-7.67173773302E-01
-7.45403899721E-01
-6.79322905507E-01
-5.78658667238E-01
-4.55753160489E-01
-3.23248339404E-01
-1.97128776516E-01
-9.67645168202E-02
-3.77115920291E-02
-2.50267838012E-02
-5.02249839297E-02
-9.19220055710E-02
-1.24619670024E-01
-1.28005142490E-01
-9.33790443540E-02
-2.50696378830E-02
6.06813799014E-02
1.41589886437E-01
1.97557317334E-01
2.18084422541E-01
2.03899721448E-01
1.64173987572E-01
1.11634883223E-01
5.90529247911E-02
1.66273837583E-02
-1.25991000643E-02
-3.15834583244E-02
-4.46968073709E-02
-5.34818941504E-02
-5.66530962074E-02
-5.21962716949E-02
-3.83972573388E-02
-1.31562031283E-02
2.52410542104E-02
7.63231197772E-02
1.36490250696E-01
1.97085922434E-01
2.44182558389E-01
2.63938290122E-01
2.50567816585E-01
2.09899292908E-01
1.55774587529E-01
1.02935504607E-01
6.41954146132E-02
4.93679022927E-02
6.27383758303E-02
1.03278337262E-01
1.67302335547E-01
2.46796657382E-01
3.31562031283E-01
4.12941932719E-01
4.83994000429E-01
5.39404328262E-01
5.74930362117E-01
5.83415470324E-01
5.55088922220E-01
4.84079708592E-01
3.73816155989E-01
2.38825798157E-01
1.03021212771E-01
-5.61388472252E-03
-6.30812084851E-02
-5.69102206985E-02
8.74223269766E-03
1.12749089351E-01
2.23098350118E-01
3.06835226055E-01
3.39361474180E-01
3.08892221984E-01
2.18170130705E-01
8.48510820656E-02
-6.61238482966E-02
-2.11956288837E-01
-3.34518962931E-01
-4.18898650096E-01
-4.50653524748E-01
-4.17955860296E-01
-3.18020141418E-01
-1.62031283480E-01
2.69980715663E-02
2.19241482751E-01
3.81701307049E-01
4.85579601457E-01
5.13049067924E-01
4.63895436040E-01
3.57231626312E-01
2.26569530748E-01
1.11163488322E-01
4.17827298050E-02
3.45832440540E-02
8.84079708592E-02
1.85086779516E-01
2.95693164774E-01
3.90743518320E-01
4.48382258410E-01
4.57895864581E-01
4.20184272552E-01
3.45789586458E-01
2.49839297193E-01
1.46818084423E-01
4.79108635097E-02
-3.85686736662E-02
-1.06363831155E-01
-1.51189200771E-01
-1.69873580459E-01
-1.60574244697E-01
-1.23676880223E-01
-6.32526248125E-02
1.19562888365E-02
8.92221984144E-02
1.56117420184E-01
2.02956931648E-01
2.22755517463E-01
2.13799014356E-01
1.80672809085E-01
1.32676237412E-01
8.11656310264E-02
3.68973644740E-02
8.65652453396E-03
1.07135204628E-03
1.32847653739E-02
3.89115063210E-02
6.77094493250E-02
8.84936790229E-02
8.88793657596E-02
5.99100064281E-02
6.85665309621E-04
-8.35226055282E-02
-1.84743946861E-01
-2.92350546390E-01
-3.94643239769E-01
-4.83694021856E-01
-5.55217484465E-01
-6.09256481680E-01
-6.50782086994E-01
-6.87208056567E-01
-7.24662524105E-01
-7.65888150846E-01
-8.10713520463E-01
-8.57295907435E-01
-9.01907006642E-01
-9.38847225198E-01
-9.61774158989E-01
-9.64216841654E-01
-9.41161345618E-01
-8.91879151489E-01
-8.21727019499E-01
-7.42489822156E-01
-6.68695093208E-01
-6.13970430684E-01
-5.89329333619E-01
-5.99271480609E-01
-6.39125776730E-01
-6.97021641311E-01
-7.58388686522E-01
-8.07413756160E-01
-8.28326548104E-01
-8.09556460253E-01
-7.46732376259E-01
-6.42425541033E-01
-5.06620955646E-01
-3.54917505892E-01
-2.02785515320E-01
-6.19670023570E-02
5.99100064281E-02
1.59931433469E-01
2.39854296122E-01
3.04863938290E-01
3.60745661024E-01
4.14013284765E-01
4.70323548318E-01
5.31690593529E-01
5.97600171416E-01
6.66338118706E-01
7.34733233340E-01
7.99057210199E-01
8.54853224770E-01
8.96593100493E-01
9.21019927148E-01
9.28176558817E-01
9.20162845511E-01
9.02806942361E-01
8.85279622884E-01
8.74180415685E-01
8.66638097279E-01
8.51039211485E-01
8.12899078637E-01
7.41418470109E-01
6.36597385901E-01
5.11892007714E-01
3.87700878509E-01
2.82622669809E-01
2.07070923505E-01
1.61002785515E-01
1.35333190486E-01
1.15748875080E-01
8.86650953503E-02
4.55110349261E-02
-1.54703235483E-02
-8.93936147418E-02
-1.67302335547E-01
-2.38440111421E-01
-2.93250482108E-01
-3.26033854725E-01
-3.35847439469E-01
-3.26848082280E-01
-3.07178058710E-01
-2.85879580030E-01
-2.68223698307E-01
-2.55967430898E-01
-2.49239340047E-01
-2.46410970645E-01
-2.45211056353E-01
-2.45339618599E-01
-2.47525176773E-01
-2.51339190058E-01
-2.57638740090E-01
-2.66595243197E-01
-2.77265909578E-01
-2.88022284123E-01
-2.96850224984E-01
-2.98864366831E-01
-2.88022284123E-01
-2.62095564603E-01
-2.24383972573E-01
-1.81744161131E-01
-1.42318405828E-01
-1.14634668952E-01
-1.04992500536E-01
-1.13649025070E-01
-1.35890293550E-01
-1.64773944718E-01
-1.92286265267E-01
-2.10113563317E-01
-2.10327833726E-01
-1.88729376473E-01
-1.46903792586E-01
-9.08506535247E-02
-2.77265909578E-02
3.56545961003E-02
9.47503749732E-02
1.48575101778E-01
1.98071566317E-01
2.46282408399E-01
2.96764516820E-01
3.49175058924E-01
3.99571459181E-01
4.40711377759E-01
4.63981144204E-01
4.61409899293E-01
4.29226483823E-01
3.71244911078E-01
2.97493036212E-01
2.19284336833E-01
1.46132419113E-01
8.59652881937E-02
4.24683951146E-02
1.36704521106E-02
-6.94236125991E-03
-2.70837797300E-02
-5.33961859867E-02
-8.79365759589E-02
-1.27662309835E-01
-1.65545318192E-01
-1.93229055067E-01
-2.04028283694E-01
-1.95843154060E-01
-1.73730447825E-01
-1.47160917077E-01
-1.26676665952E-01
-1.20291407757E-01
-1.32290550675E-01
-1.61045639597E-01
-1.98371544890E-01
-2.31240625670E-01
-2.48510820656E-01
-2.44139704307E-01
-2.16541675595E-01
-1.67473751875E-01
-1.02378401543E-01
-2.79837154489E-02
4.75680308549E-02
1.16820227127E-01
1.71759160060E-01
2.04671094922E-01
2.12641954146E-01
1.97557317334E-01
1.67473751875E-01
1.34690379259E-01
1.08549389329E-01
9.13220484251E-02
7.91086350975E-02
6.53524748232E-02
4.33683308335E-02
9.59931433469E-03
-3.34690379259E-02
-7.89372187701E-02
-1.19048639383E-01
-1.46775230341E-01
-1.59202914078E-01
-1.59374330405E-01
-1.52817655882E-01
-1.41975573173E-01
-1.25605313906E-01
-1.01221341333E-01
-6.63809727877E-02
-2.09127919434E-02
3.30404971073E-02
9.16648810799E-02
1.48232269124E-01
1.95543175487E-01
2.29097921577E-01
2.47868009428E-01
2.53653310478E-01
2.51639168631E-01
2.50439254339E-01
2.58152989072E-01
2.79280051425E-01
3.14934647525E-01
3.62074137562E-01
4.15213199057E-01
4.67709449325E-01
5.13006213842E-01
5.47032354832E-01
5.67302335547E-01
5.73173344761E-01
5.64602528391E-01
5.40689950718E-01
5.00107135205E-01
4.42339832869E-01
3.68973644740E-01
2.86950932076E-01
2.08356545961E-01
1.47718020141E-01
1.16734518963E-01
1.17034497536E-01
1.38204413970E-01
1.62545532462E-01
1.70559245768E-01
1.46046710949E-01
8.25369616456E-02
-1.50846368117E-02
-1.32933361903E-01
-2.51167773730E-01
-3.49475037497E-01
-4.12727662310E-01
-4.35826012428E-01
-4.25198200129E-01
-3.94857510178E-01
-3.61174201843E-01
-3.37861581316E-01
-3.31862009856E-01
-3.42918362974E-01
-3.64602528391E-01
-3.85772444825E-01
-3.95543175487E-01
-3.87100921363E-01
-3.59031497750E-01
-3.16520248554E-01
-2.68695093208E-01
-2.26269552175E-01
-1.99957145918E-01
-1.95200342833E-01
-2.10113563317E-01
-2.38911506321E-01
-2.72680522820E-01
-3.00535676023E-01
-3.12791943433E-01
-3.04263981144E-01
-2.74780372831E-01
-2.28112277694E-01
-1.70559245768E-01
-1.11206342404E-01
-5.90957788729E-02
-1.95843154060E-02
4.71394900364E-03
1.36275980287E-02
8.52796228841E-03
-7.92800514249E-03
-3.23548317977E-02
-6.19241482751E-02
-9.38932933362E-02
-1.24833940433E-01
-1.51317763017E-01
-1.70130704950E-01
-1.78444396829E-01
-1.75744589672E-01
-1.64988215127E-01
-1.50289265052E-01
-1.36533104778E-01
-1.28047996572E-01
-1.27190914935E-01
-1.31947718020E-01
-1.37561602743E-01
-1.41461324191E-01
-1.41718448682E-01
-1.35376044568E-01
-1.22091279194E-01
-1.05892436255E-01
-9.35933147632E-02
-9.09363616885E-02
-9.95071780587E-02
-1.16477394472E-01
-1.34047568031E-01
-1.41847010928E-01
-1.31519177202E-01
-9.92500535676E-02
-4.66252410542E-02
1.95414613242E-02
8.83651167774E-02
1.47375187487E-01
1.86886650954E-01
2.01157060210E-01
1.89629312192E-01
1.57960145704E-01
1.15963145490E-01
7.46946646668E-02
4.56824512535E-02
3.82686950932E-02
5.65245339619E-02
9.77501607028E-02
1.52860509964E-01
2.09685022498E-01
2.57253053353E-01
2.88879365760E-01
3.02164131133E-01
3.00064281123E-01
2.90293550461E-01
2.80522819799E-01
2.75166059567E-01
2.76065995286E-01
2.83308335119E-01
2.95478894365E-01
3.11677737304E-01
3.30962074138E-01
3.52603385472E-01
3.75787443754E-01
3.98242982644E-01
4.14741804157E-01
4.17870152132E-01
3.99485751018E-01
3.54488965074E-01
2.82751232055E-01
1.90057853010E-01
8.85365331048E-02
-8.91364902507E-03
-9.19648596529E-02
-1.54103278337E-01
-1.92243411185E-01
-2.06470966360E-01
-2.01071352046E-01
-1.84015427469E-01
-1.64902506964E-01
-1.50074994643E-01
-1.40175701736E-01
-1.32419112921E-01
-1.23376901650E-01
-1.09406470966E-01
-8.81079922863E-02
-6.03385472466E-02
-2.99978572959E-02
-2.01414184701E-03
2.03556888794E-02
3.53974716092E-02
4.21255624598E-02
3.99828583673E-02
2.97407328048E-02
1.45703878294E-02
-1.02849796443E-03
-1.22562674095E-02
-1.37133061924E-02
-1.32847653739E-03
2.53696164560E-02
6.17527319477E-02
9.75787443754E-02
1.19005785301E-01
1.12406256696E-01
7.04092564817E-02
-3.55688879366E-03
-9.54360402828E-02
-1.85386758089E-01
-2.53696164560E-01
-2.86222412685E-01
-2.78551532033E-01
-2.37197343047E-01
-1.77458752946E-01
-1.18620098564E-01
-7.91086350975E-02
-6.90807799443E-02
-8.81937004500E-02
-1.28133704735E-01
-1.73516177416E-01
-2.06856653096E-01
-2.16241697022E-01
-1.99057210199E-01
-1.61002785515E-01
-1.14120419970E-01
-7.31519177202E-02
-5.00535676023E-02
-5.00964216842E-02
-7.03664023998E-02
-1.00835654596E-01
-1.28390829226E-01
-1.42361259910E-01
-1.37433040497E-01
-1.14934647525E-01
-8.24512534819E-02
-5.06963788301E-02
-2.89693593315E-02
-2.15127490894E-02
-2.61409899293E-02
-3.61259910006E-02
-4.31969145061E-02
-4.15684593958E-02
-2.97835868867E-02
-1.26848082280E-02
6.85665309621E-04
2.22841225627E-03
-1.13991857724E-02
-3.68545103921E-02
-6.69380758517E-02
-9.30362116992E-02
-1.06663809728E-01
-1.02421255625E-01
-7.88086565245E-02
-3.79687165202E-02
1.67559460039E-02
8.06942361260E-02
1.47246625241E-01
2.07628026570E-01
2.51939147204E-01
2.71952003428E-01
2.63424041140E-01
2.30340689951E-01
1.85986715235E-01
1.47718020141E-01
1.29247910864E-01
1.37218770088E-01
1.71244911078E-01
2.22926933790E-01
2.77737304478E-01
3.18962931219E-01
3.34604671095E-01
3.20205699593E-01
2.77608742233E-01
2.16241697022E-01
1.50974930362E-01
9.53931862010E-02
5.84958217270E-02
4.53396185987E-02
5.49389329334E-02
7.95800299979E-02
1.08935076066E-01
1.34518962931E-01
1.50717805871E-01
1.54960359974E-01
1.49346475252E-01
1.37261624170E-01
1.20419970002E-01
9.99357188772E-02
7.66230983501E-02
5.15106063853E-02
2.59267195200E-02
1.41418470109E-03
-2.03985429612E-02
-3.82258410114E-02
-5.25391043497E-02
-6.41097064495E-02
-7.11377758732E-02
-7.13520462824E-02
-6.48382258410E-02
-5.29676451682E-02
-3.80115706021E-02
-2.25841011356E-02
-8.14227555175E-03
3.64259695736E-03
1.17848725091E-02
1.79558602957E-02
2.38697235912E-02
2.82408399400E-02
2.78980072852E-02
2.08270837797E-02
7.88515106064E-03
-7.32804799657E-03
-1.96700235697E-02
-2.39554317549E-02
-1.87700878509E-02
-5.99957145918E-03
1.11849153632E-02
2.79408613670E-02
3.91257767302E-02
4.13970430684E-02
3.25691022070E-02
1.34133276195E-02
-1.07135204628E-02
-3.42832654810E-02
-5.42104135419E-02
-6.77523034069E-02
-7.23805442468E-02
-6.79237197343E-02
-5.66959502893E-02
-4.13970430684E-02
-2.48125133919E-02
-1.06278122991E-02
-2.95693164774E-03
-4.45682451253E-03
-1.44846796657E-02
-2.98692950504E-02
-4.79537175916E-02
-6.68952217699E-02
-8.36083136919E-02
-9.34647525177E-02
-9.26933790444E-02
-7.98800085708E-02
-5.79815727448E-02
-3.24405399614E-02
-7.37090207842E-03
1.45275337476E-02
3.13263338333E-02
4.34540389972E-02
5.19820012856E-02
5.81529890722E-02
6.32526248125E-02
6.80951360617E-02
7.28090850654E-02
7.76944503964E-02
8.43368330834E-02
9.44075423184E-02
1.09320762803E-01
1.29333619027E-01
1.51189200771E-01
1.68030854939E-01
1.72144846797E-01
1.57874437540E-01
1.22434111849E-01
6.85236768802E-02
4.97107349475E-03
-5.71244911078E-02
-1.08163702593E-01
-1.42918362974E-01
-1.61517034498E-01
-1.67259481466E-01
-1.65331047782E-01
-1.61174201843E-01
-1.58817227341E-01
-1.58731519177E-01
-1.57874437540E-01
-1.54488965074E-01
-1.49175058924E-01
-1.42746946647E-01
-1.36833083351E-01
-1.34390400686E-01
-1.35290336405E-01
-1.36961645597E-01
-1.34904649668E-01
-1.25562459824E-01
-1.07220912792E-01
-8.01371330619E-02
-4.49967859439E-02
-2.39982858367E-03
4.59824298264E-02
9.60788515106E-02
1.42146989501E-01
1.79515748875E-01
2.05656738804E-01
2.19498607242E-01
2.22026998072E-01
2.16584529676E-01
2.06470966360E-01
1.94471823441E-01
1.82172701950E-01
1.71116348832E-01
1.62631240626E-01
1.55474608957E-01
1.46689522177E-01
1.35418898650E-01
1.22562674095E-01
1.06749517892E-01
8.70366402400E-02
6.51382044140E-02
4.56824512535E-02
3.26976644525E-02
2.68695093208E-02
2.73409042211E-02
3.32547675166E-02
4.22969787872E-02
5.13820441397E-02
5.60102849796E-02
5.24962502678E-02
3.96828797943E-02
1.81272766231E-02
-8.61367045211E-03
-3.33833297622E-02
-4.81251339190E-02
-4.76537390186E-02
-3.30833511892E-02
-1.19562888365E-02
4.84251124920E-03
7.84229697879E-03
-6.77094493250E-03
-3.67259481466E-02
-7.43089779301E-02
-1.09235054639E-01
-1.33319048639E-01
-1.42275551746E-01
-1.36661667024E-01
-1.22176987358E-01
-1.07649453610E-01
-1.01778444397E-01
-1.09535033212E-01
-1.30619241483E-01
-1.60531390615E-01
-1.91343475466E-01
-2.14056138847E-01
-2.20398542961E-01
-2.05913863295E-01
-1.73730447825E-01
-1.34047568031E-01
-9.90786372402E-02
-7.89372187701E-02
-8.14656095993E-02
-1.08463681166E-01
-1.52603385472E-01
-2.03042639811E-01
-2.47910863510E-01
-2.75937433040E-01
-2.79408613670E-01
-2.57210199271E-01
-2.15556031712E-01
-1.65588172273E-01
-1.19048639383E-01
-8.49367902293E-02
-6.93379044354E-02
-7.43089779301E-02
-9.56503106921E-02
-1.23934004714E-01
-1.50160702807E-01
-1.69530747804E-01
-1.80801371331E-01
-1.84315406042E-01
-1.83115491751E-01
-1.80629955003E-01
-1.77244482537E-01
-1.69702164131E-01
-1.52474823227E-01
-1.22305549604E-01
-8.20655667452E-02
-4.04971073495E-02
-8.27083779730E-03
5.95671737733E-03
-2.78551532033E-03
-3.38118705807E-02
-7.85515320334E-02
-1.24448253696E-01
-1.58645811013E-01
-1.70516391686E-01
-1.56117420184E-01
-1.17934433255E-01
-6.21384186844E-02
1.54274694665E-03
6.17527319477E-02
1.09577887294E-01
1.38590100707E-01
1.43689736447E-01
1.24576815942E-01
8.87079494322E-02
4.73109063638E-02
7.97085922434E-03
-2.40411399186E-02
-4.52539104350E-02
-5.54960359974E-02
-5.83244053996E-02
-5.78530104993E-02
-5.64388257982E-02
-5.44675380330E-02
-5.16820227127E-02
-4.78680094279E-02
-4.52967645168E-02
-4.88107992286E-02
-6.30812084851E-02
-8.93507606600E-02
-1.23934004714E-01
-1.59460038569E-01
-1.86329547889E-01
-1.95971716306E-01
-1.83929719306E-01
-1.51060638526E-01
-1.04306835226E-01
-5.31390614956E-02
-6.94236125991E-03
2.70409256482E-02
4.55110349261E-02
4.94964645382E-02
4.19541461324E-02
2.73837583030E-02
1.12277694450E-02
-1.02849796443E-03
-4.58538675809E-03
3.21405613885E-03
2.30126419541E-02
5.26248125134E-02
8.76365973859E-02
1.22819798586E-01
1.52346260981E-01
1.71930576387E-01
1.80587100921E-01
1.79558602957E-01
1.70987786587E-01
1.58002999786E-01
1.44118277266E-01
1.32033426184E-01
1.22862652668E-01
1.17720162846E-01
1.17720162846E-01
1.22391257767E-01
1.31304906792E-01
1.44161131348E-01
1.60317120206E-01
1.78444396829E-01
1.96400257124E-01
2.13370473538E-01
2.28497964431E-01
2.40625669595E-01
2.48725091065E-01
2.51853439040E-01
2.48896507392E-01
2.39640025712E-01
2.25283908292E-01
2.07242339833E-01
1.87615170345E-01
1.70602099850E-01
1.60359974288E-01
1.58988643668E-01
1.67816584530E-01
1.85643882580E-01
2.07028069424E-01
2.23226912363E-01
2.25155346047E-01
2.07199485751E-01
1.70044996786E-01
1.19391472038E-01
6.39811442040E-02
1.51274908935E-02
-1.76130276409E-02
-3.22691236340E-02
-3.21405613885E-02
-2.38268695093E-02
-1.42704092565E-02
-8.05656738804E-03
-7.92800514249E-03
-1.46989500750E-02
-2.64409685022E-02
-3.92114848939E-02
-5.03964002571E-02
-5.84101135633E-02
-6.07242339833E-02
-5.53674737519E-02
-4.20398542961E-02
-2.31412041997E-02
-4.11399185772E-03
9.38504392543E-03
1.32419112921E-02
5.52817655882E-03
-1.18705806728E-02
-3.32119134348E-02
-5.02249839297E-02
-5.55817441611E-02
-4.59395757446E-02
-2.26269552175E-02
1.08420827084E-02
4.77394471823E-02
8.06085279623E-02
1.04306835226E-01
1.16220269981E-01
1.15491750589E-01
1.03964002571E-01
8.56224555389E-02
6.51810584958E-02
4.65395328905E-02
3.29119348618E-02
2.58410113563E-02
2.49410756375E-02
2.78980072852E-02
3.17120205700E-02
3.30833511892E-02
2.94836083137E-02
1.98842939790E-02
3.81401328477E-03
-1.67988000857E-02
-3.84829655025E-02
-5.77673023355E-02
-7.20377115920E-02
-8.05656738804E-02
-8.46796657382E-02
-8.71223484037E-02
-9.19220055710E-02
-1.02721234198E-01
-1.20719948575E-01
-1.44461109921E-01
-1.69745018213E-01
-1.91000642811E-01
-2.02571244911E-01
-2.01285622456E-01
-1.86758088708E-01
-1.62802656953E-01
-1.37475894579E-01
-1.19520034283E-01
-1.14291836297E-01
-1.23376901650E-01
-1.44761088494E-01
-1.69616455967E-01
-1.84829655025E-01
-1.79644311121E-01
-1.50117848725E-01
-9.98071566317E-02
-3.88686522391E-02
2.00557103064E-02
6.53524748232E-02
8.94793229055E-02
9.13220484251E-02
7.84229697879E-02
6.13670452111E-02
4.83394043283E-02
4.33254767517E-02
4.47396614528E-02
4.78251553460E-02
4.76965931005E-02
4.15256053139E-02
3.06835226055E-02
2.04842511249E-02
1.70559245768E-02
2.34840368545E-02
3.85686736662E-02
5.80244268267E-02
7.50374973216E-02
8.26226698093E-02
7.73516177416E-02
5.91814870366E-02
3.27833726162E-02
6.98521534176E-03
-8.31369187915E-03
-6.94236125991E-03
1.19134347547E-02
4.29397900150E-02
7.62374116135E-02
9.95928862224E-02
1.03535461753E-01
8.53653310478E-02
4.98821512749E-02
6.21384186844E-03
-3.45403899721E-02
-6.36383115492E-02
-7.90229269338E-02
-8.41225626741E-02
-8.38225841011E-02
-8.21512749089E-02
-8.24941075637E-02
-8.57938718663E-02
-9.04649667881E-02
-9.41932719091E-02
-9.48789372188E-02
-9.20505678166E-02
-8.60509963574E-02
-7.69230769231E-02
-6.47525176773E-02
-5.06106706664E-02
-3.63402614099E-02
-2.42125562460E-02
-1.47846582387E-02
-6.55667452325E-03
1.07135204628E-03
7.32804799657E-03
1.18705806728E-02
1.49560745661E-02
1.68416541676E-02
1.82986929505E-02
1.99700021427E-02
2.18127276623E-02
2.32697664453E-02
2.19841439897E-02
1.53417613028E-02
2.74266123848E-03
-1.31990572102E-02
-2.79408613670E-02
-3.65116777373E-02
-3.45832440540E-02
-2.22412684808E-02
-3.94257553032E-03
1.41847010928E-02
2.61838440111E-02
2.71694878937E-02
1.72701949861E-02
1.19991429184E-03
-1.44846796657E-02
-2.30126419541E-02
-1.84272551961E-02
4.71394900364E-04
2.86265266767E-02
5.70387829441E-02
7.59374330405E-02
7.74373259053E-02
5.91386329548E-02
2.52410542104E-02
-1.57274480394E-02
-5.44675380330E-02
-8.34797514463E-02
-9.75787443754E-02
-9.55646025284E-02
-8.20655667452E-02
-6.38097278766E-02
-4.64538247268E-02
-3.36833083351E-02
-2.75123205485E-02
-2.78122991215E-02
-3.43689736447E-02
-4.61109920720E-02
-6.06385258196E-02
-7.52089136490E-02
-8.65652453396E-02
-9.09363616885E-02
-8.44653953289E-02
-6.62095564603E-02
-3.97685879580E-02
-1.11849153632E-02
1.26419541461E-02
2.58410113563E-02
2.51553460467E-02
1.08849367902E-02
-1.18277265910E-02
-3.53974716092E-02
-5.33961859867E-02
-6.26526676666E-02
-6.27812299121E-02
-5.45532461967E-02
-4.15256053139E-02
-2.77265909578E-02
-1.49560745661E-02
-3.47118062996E-03
7.88515106064E-03
2.10413541890E-02
3.82258410114E-02
6.01242768374E-02
8.54081851296E-02
1.11163488322E-01
1.33833297622E-01
1.51189200771E-01
1.62331262053E-01
1.66059567174E-01
1.63702592672E-01
1.58260124277E-01
1.52389115063E-01
1.47846582387E-01
1.44846796657E-01
1.44161131348E-01
1.46389543604E-01
1.50974930362E-01
1.55731733448E-01
1.57874437540E-01
1.56631669166E-01
1.52517677309E-01
1.46646668095E-01
1.40389972145E-01
1.34047568031E-01
1.27276623098E-01
1.19605742447E-01
1.10263552603E-01
9.86072423398E-02
8.49367902293E-02
7.05806728091E-02
5.73387615170E-02
4.70109277909E-02
3.95114634669E-02
3.48403685451E-02
3.35547460896E-02
3.56117420184E-02
4.17827298050E-02
5.32247696593E-02
6.71094921791E-02
7.96657381616E-02
8.81937004500E-02
9.05506749518E-02
8.60509963574E-02
7.54660381401E-02
6.03814013285E-02
4.36683094065E-02
2.88836511678E-02
1.84272551961E-02
1.24276837369E-02
9.55646025284E-03
8.65652453396E-03
8.91364902507E-03
9.68502249839E-03
9.98500107135E-03
8.74223269766E-03
4.97107349475E-03
-2.95693164774E-03
-1.54274694665E-02
-3.05121062781E-02
-4.55110349261E-02
-5.70816370259E-02
-6.23526890936E-02
-6.03385472466E-02
-5.18534390401E-02
-3.98971502036E-02
-2.84551103493E-02
-2.10413541890E-02
-2.04413970431E-02
-2.77265909578E-02
-4.15684593958E-02
-5.85386758089E-02
-7.28519391472E-02
-7.85943861153E-02
-7.20377115920E-02
-5.19820012856E-02
-2.00557103064E-02
1.77844439683E-02
5.34818941504E-02
7.89372187701E-02
8.89650739233E-02
8.12941932719E-02
5.75101778444E-02
2.28412256267E-02
-1.49989286480E-02
-4.87679451468E-02
-7.36661667024E-02
-8.73366188129E-02
-8.93079065781E-02
-8.29655024641E-02
-7.45232483394E-02
-6.92093421898E-02
-7.12234840369E-02
-8.20655667452E-02
-1.00878508678E-01
-1.24791086351E-01
-1.50160702807E-01
-1.73987572316E-01
-1.94814656096E-01
-2.12341975573E-01
-2.26483822584E-01
-2.37497321620E-01
-2.45382472681E-01
-2.50482108421E-01
-2.51982001286E-01
-2.48982215556E-01
-2.40754231841E-01
-2.26355260339E-01
-2.06685236769E-01
-1.83029783587E-01
-1.57060209985E-01
-1.31819155775E-01
-1.11677737304E-01
-1.00235697450E-01
-9.84358260124E-02
-1.05292479109E-01
-1.17805871009E-01
-1.30533533319E-01
-1.37218770088E-01
-1.32547675166E-01
-1.13906149561E-01
-8.23226912363E-02
-4.21684165417E-02
-6.42811227769E-04
3.35118920077E-02
5.38675808871E-02
6.02956931648E-02
5.79815727448E-02
5.24962502678E-02
5.00107135205E-02
5.50246410971E-02
6.92093421898E-02
9.01221341333E-02
1.11677737304E-01
1.28262266981E-01
1.36104563960E-01
1.33876151703E-01
1.23548317977E-01
1.09063638312E-01
9.40647096636E-02
8.08656524534E-02
6.99378615813E-02
5.97385901007E-02
4.77823012642E-02
3.25262481251E-02
1.35418898650E-02
-8.48510820656E-03
-3.19691450611E-02
-5.34818941504E-02
-6.80094278980E-02
-7.13091922006E-02
-6.19670023570E-02
-4.06685236769E-02
-9.89929290765E-03
2.50696378830E-02
5.80244268267E-02
8.37368759374E-02
9.82215556032E-02
9.92929076495E-02
8.72937647311E-02
6.69809299336E-02
4.55538890079E-02
3.02121277052E-02
2.64838225841E-02
3.73687593743E-02
6.36811656310E-02
9.97214484680E-02
1.36575958860E-01
1.66530962074E-01
1.82558388687E-01
1.79601457039E-01
1.56074566102E-01
1.15620312835E-01
6.80522819799E-02
2.45125348189E-02
-6.21384186844E-03
-1.94557531605E-02
-1.44418255839E-02
5.39961431326E-03
3.31262052711E-02
6.02528390829E-02
7.93657595886E-02
8.56224555389E-02
7.82086993786E-02
6.10670666381E-02
3.98114420399E-02
1.97128776516E-02
5.78530104993E-03
8.99935718877E-04
4.19970002143E-03
1.23848296550E-02
1.95843154060E-02
2.00985643883E-02
1.34133276195E-02
2.95693164774E-03
-7.45661024213E-03
-1.41847010928E-02
-1.37561602743E-02
-5.14248982216E-03
1.00278551532E-02
2.82408399400E-02
4.50824941076E-02
5.67816584530E-02
6.28240839940E-02
6.43239768588E-02
6.12813370474E-02
5.40818512963E-02
4.49110777802E-02
3.71544889651E-02
3.27405185344E-02
3.25262481251E-02
3.76258838654E-02
4.81251339190E-02
6.19670023570E-02
7.49517891579E-02
8.11656310264E-02
7.59802871223E-02
5.83672594815E-02
3.04692521963E-02
-3.17120205700E-03
-3.48832226270E-02
-5.71673451896E-02
-6.75380329976E-02
-6.67666595243E-02
-5.71673451896E-02
-4.33683308335E-02
-3.06406685237E-02
-2.24983929719E-02
-2.01414184701E-02
-2.31840582816E-02
-3.15406042426E-02
-4.43539747161E-02
-5.75530319263E-02
-6.61667023784E-02
-6.65095350332E-02
-5.60959931433E-02
-3.46260981358E-02
-5.22819798586E-03
2.57124491108E-02
4.94107563745E-02
5.91386329548E-02
5.29247910864E-02
3.30404971073E-02
5.44246839511E-03
-2.12556245982E-02
-3.87400899936E-02
-4.20398542961E-02
-3.07263766874E-02
-9.08506535247E-03
1.66273837583E-02
4.10113563317E-02
5.91814870366E-02
6.69809299336E-02
6.29526462396E-02
5.06535247482E-02
3.57831583458E-02
2.33554746090E-02
1.81701307049E-02
2.35697450182E-02
3.98114420399E-02
6.29097921577E-02
8.51082065567E-02
9.89072209128E-02
1.01564173988E-01
9.32504821084E-02
7.62374116135E-02
5.57960145704E-02
3.74973216199E-02
2.47696593100E-02
1.80844225412E-02
1.43561174202E-02
9.51360617099E-03
-4.28540818513E-05
-1.65416755946E-02
-4.14398971502E-02
-7.30662095565E-02
-1.06535247482E-01
-1.36447396615E-01
-1.58517248768E-01
-1.69873580459E-01
-1.68973644740E-01
-1.56460252839E-01
-1.35933147632E-01
-1.13949003643E-01
-9.65073923291E-02
-8.72937647311E-02
-8.76365973859E-02
-9.59502892651E-02
-1.08420827084E-01
-1.19005785301E-01
-1.22605528177E-01
-1.16991643454E-01
-1.03149775016E-01
-8.30512106278E-02
-5.92243411185E-02
-3.58260124277E-02
-1.62416970216E-02
-1.88557960146E-03
6.85665309621E-03
8.35654596100E-03
3.25691022070E-03
-5.39961431326E-03
-1.41418470109E-02
-2.11699164345E-02
-2.48982215556E-02
-2.29269337904E-02
-1.56845939576E-02
-6.47096635955E-03
9.85643882580E-04
4.45682451253E-03
3.25691022070E-03
-1.58560102850E-03
-8.27083779730E-03
-1.39704306835E-02
-1.65416755946E-02
-1.73559031498E-02
-1.86843796872E-02
-2.19841439897E-02
-2.74266123848E-02
-3.44975358903E-02
-4.16113134776E-02
-4.59395757446E-02
-4.46968073709E-02
-3.65545318192E-02
-2.18127276623E-02
-2.18555817442E-03
1.87700878509E-02
3.71116348832E-02
5.03106920934E-02
5.74244696807E-02
5.96957360189E-02
5.92671952003E-02
5.71673451896E-02
5.54531819156E-02
5.66530962074E-02
6.14098992929E-02
6.92093421898E-02
7.87658024427E-02
8.78080137133E-02
9.48789372188E-02
9.93357617313E-02
1.00492821941E-01
9.84786800943E-02
9.40218555817E-02
8.75080351403E-02
7.94514677523E-02
7.01521319906E-02
5.94386115277E-02
4.77823012642E-02
3.67688022284E-02
2.75123205485E-02
2.09127919434E-02
1.79130062138E-02
1.85986715235E-02
2.08270837797E-02
2.16841654168E-02
2.00128562246E-02
1.50846368117E-02
5.05678165845E-03
-1.03706878080E-02
-2.81979858582E-02
-4.42682665524E-02
-5.60531390615E-02
-6.33383329762E-02
-6.55238911506E-02
-6.21384186844E-02
-5.42961217056E-02
-4.47396614528E-02
-3.69830726377E-02
-3.31690593529E-02
-3.36833083351E-02
-3.78830083565E-02
-4.37968716520E-02
-4.93679022927E-02
-5.18962931219E-02
-4.90250696379E-02
-4.00257124491E-02
-2.54981787015E-02
-6.77094493250E-03
1.36275980287E-02
3.24405399614E-02
4.59824298264E-02
5.15963145490E-02
4.86393829012E-02
3.87829440754E-02
2.36125991001E-02
5.82815513178E-03
-1.08420827084E-02
-2.38268695093E-02
-3.16691664881E-02
-3.34690379259E-02
-2.94836083137E-02
-2.19412899079E-02
-1.38847225198E-02
-6.47096635955E-03
-6.85665309621E-04
1.71416327405E-03
-8.14227555175E-04
-7.54231840583E-03
-1.52131990572E-02
-1.96700235697E-02
-1.81272766231E-02
-1.08849367902E-02
1.15706020999E-03
1.62416970216E-02
3.00835654596E-02
3.82258410114E-02
3.88686522391E-02
3.18834368974E-02
1.74844653953E-02
-1.07135204628E-03
-1.88557960146E-02
-3.19691450611E-02
-3.85686736662E-02
-3.88686522391E-02
-3.45832440540E-02
-2.80265695307E-02
-2.17270194986E-02
-1.78272980501E-02
-1.57703021213E-02
-1.31133490465E-02
-9.64216841654E-03
-4.97107349475E-03
1.62845511035E-03
1.00707092351E-02
1.97557317334E-02
2.84551103493E-02
3.39404328262E-02
3.47975144633E-02
3.06835226055E-02
2.27126633812E-02
1.31133490465E-02
4.58538675809E-03
-6.42811227769E-04
-1.41418470109E-03
1.15706020999E-03
5.18534390401E-03
8.39940004285E-03
8.69937861581E-03
4.97107349475E-03
-2.18555817442E-03
-9.59931433469E-03
-1.35418898650E-02
-1.13134776087E-02
-1.88557960146E-03
1.43561174202E-02
3.55688879366E-02
5.87958003000E-02
7.90229269338E-02
9.15791729162E-02
9.48789372188E-02
9.02935504607E-02
7.94086136705E-02
6.38954360403E-02
4.67966573816E-02
3.14977501607E-02
1.98414398972E-02
1.18277265910E-02
7.71373473323E-03
7.88515106064E-03
1.13563316906E-02
1.59845725305E-02
1.86843796872E-02
1.77415898864E-02
1.22562674095E-02
2.27126633812E-03
-1.13991857724E-02
-2.61409899293E-02
-3.84401114206E-02
-4.58110134990E-02
-4.76537390186E-02
-4.38397257339E-02
-3.55260338547E-02
-2.50696378830E-02
-1.44846796657E-02
-4.79965716735E-03
3.51403471181E-03
1.01564173988E-02
1.63274051853E-02
2.38268695093E-02
3.22691236340E-02
4.14398971502E-02
5.24105421041E-02
6.44525391043E-02
7.46946646668E-02
8.03514034712E-02
7.94514677523E-02
7.06663809728E-02
5.43818298693E-02
3.38547246625E-02
1.23848296550E-02
-8.99935718877E-03
-2.84551103493E-02
-4.42682665524E-02
-5.69959288622E-02
-6.78380115706E-02
-7.76087422327E-02
-8.59224341118E-02
-9.23076923077E-02
-9.71930576387E-02
-1.00235697450E-01
-1.00835654596E-01
-1.00192843368E-01
-1.00835654596E-01
-1.02978358689E-01
-1.04649667881E-01
-1.05506749518E-01
-1.04992500536E-01
-1.01949860724E-01
-9.50932076280E-02
-8.51939147204E-02
-7.59374330405E-02
-7.04521105635E-02
-6.87808013713E-02
-6.93807585172E-02
-7.01092779087E-02
-6.85236768802E-02
-6.26526676666E-02
-5.11677737304E-02
-3.50974930362E-02
-1.83844011142E-02
-4.79965716735E-03
3.81401328477E-03
6.59952860510E-03
2.91407756589E-03
-5.35676023141E-03
-1.28133704735E-02
-1.43132633383E-02
-8.99935718877E-03
2.14270409256E-03
1.76558817227E-02
3.32976215985E-02
4.44396828798E-02
4.76108849368E-02
4.13970430684E-02
2.69123634026E-02
7.88515106064E-03
-1.25133919006E-02
-3.18834368974E-02
-4.76965931005E-02
-5.90100707092E-02
-6.57381615599E-02
-6.82236983073E-02
-6.61667023784E-02
-5.98242982644E-02
-5.14248982216E-02
-4.36254553246E-02
-3.77973001928E-02
-3.44546818084E-02
-3.35976001714E-02
-3.45832440540E-02
-3.62545532462E-02
-3.65116777373E-02
-3.26119562888E-02
-2.33554746090E-02
-1.02421255625E-02
5.14248982216E-03
2.13841868438E-02
3.60402828369E-02
4.72680522820E-02
5.44675380330E-02
5.76815941718E-02
5.74244696807E-02
5.43818298693E-02
5.03535461753E-02
4.69252196272E-02
4.45253910435E-02
4.28540818513E-02
4.10113563317E-02
3.84829655025E-02
3.59117205914E-02
3.38975787444E-02
3.22691236340E-02
3.01264195415E-02
2.62695521748E-02
1.91557745875E-02
8.74223269766E-03
-4.15684593958E-03
-1.93271909149E-02
-3.50546389544E-02
-4.75680308549E-02
-5.33533319049E-02
-5.12534818942E-02
-4.25112491965E-02
-2.83265481037E-02
-1.15277480180E-02
4.02828369402E-03
1.64988215127E-02
2.43839725734E-02
2.63124062567E-02
2.36125991001E-02
2.09556460253E-02
2.00985643883E-02
2.12984786801E-02
2.57553031926E-02
3.40261409899E-02
4.40539961431E-02
5.34390400686E-02
6.00814227555E-02
6.25241054210E-02
6.06813799014E-02
5.49817870152E-02
4.68823655453E-02
3.82686950932E-02
3.00407113778E-02
2.16413113349E-02
1.20848510821E-02
1.58560102850E-03
-8.99935718877E-03
-1.96271694879E-02
-3.02121277052E-02
-3.95543175487E-02
-4.66680951361E-02
-5.13391900579E-02
-5.36104563960E-02
-5.36533104778E-02
-5.04392543390E-02
-4.36254553246E-02
-3.38547246625E-02
-2.17698735805E-02
-8.09942146990E-03
5.82815513178E-03
1.77415898864E-02
2.71266338119E-02
3.43689736447E-02
3.91686308121E-02
4.10113563317E-02
4.05828155132E-02
3.86115277480E-02
3.56117420184E-02
3.12406256696E-02
2.38268695093E-02
1.24276837369E-02
-2.14270409256E-03
-1.85129633598E-02
-3.53974716092E-02
-5.27105206771E-02
-6.95093207628E-02
-8.30083565460E-02
-9.14077565888E-02
-9.50074994643E-02
-9.51360617099E-02
-9.17934433255E-02
-8.53224769659E-02
-7.66659524320E-02
-6.59952860510E-02
-5.18105849582E-02
-3.37261624170E-02
-1.25133919006E-02
1.02849796443E-02
3.23548317977E-02
5.17248767945E-02
6.53524748232E-02
7.20805656739E-02
7.28090850654E-02
6.89950717806E-02
6.24383972573E-02
5.48960788515E-02
4.84679665738E-02
4.49110777802E-02
4.36254553246E-02
4.32826226698E-02
4.29826440969E-02
4.22112706235E-02
4.07542318406E-02
3.82686950932E-02
3.41975573173E-02
2.87122348404E-02
2.33126205271E-02
1.88129419327E-02
1.48275123205E-02
1.10992071995E-02
8.22798371545E-03
6.47096635955E-03
5.61388472252E-03
5.57103064067E-03
5.52817655882E-03
5.22819798586E-03
4.75680308549E-03
3.25691022070E-03
1.07135204628E-03
3.85686736662E-04
2.35697450182E-03
6.47096635955E-03
1.26848082280E-02
2.13413327619E-02
2.99121491322E-02
3.56117420184E-02
3.70259267195E-02
3.36404542533E-02
2.65695307478E-02
1.82986929505E-02
1.16563102636E-02
9.59931433469E-03
1.41418470109E-02
2.43411184915E-02
3.79258624384E-02
5.29676451682E-02
6.72380544247E-02
7.73944718234E-02
8.12084851082E-02
7.97085922434E-02
7.55517463038E-02
7.04949646454E-02
6.49239340047E-02
5.88815084637E-02
5.39532890508E-02
5.09106492393E-02
4.84251124920E-02
4.51682022713E-02
4.10542104135E-02
3.54403256910E-02
2.69123634026E-02
1.41847010928E-02
-1.32847653739E-03
-1.80415684594E-02
-3.46689522177E-02
-4.94107563745E-02
-6.14956074566E-02
-7.04092564817E-02
-7.46089565031E-02
-7.38804371116E-02
-6.90379258624E-02
-6.12384829655E-02
-5.12106278123E-02
-4.04113991858E-02
-3.07263766874E-02
-2.30554960360E-02
-1.71844868224E-02
-1.29847868009E-02
-1.00707092351E-02
-7.19948575102E-03
-3.25691022070E-03
2.82836940219E-03
1.09277908721E-02
1.95843154060E-02
2.70837797300E-02
3.23976858796E-02
3.46260981358E-02
3.27833726162E-02
2.63552603385E-02
1.67130919220E-02
5.82815513178E-03
-4.58538675809E-03
-1.37990143561E-02
-1.97557317334E-02
-2.19412899079E-02
-2.24983929719E-02
-2.30554960360E-02
-2.42125562460E-02
-2.72980501393E-02
-3.32119134348E-02
-4.09256481680E-02
-4.84679665738E-02
-5.39961431326E-02
-5.59674308978E-02
-5.36961645597E-02
-4.76965931005E-02
-3.93400471395E-02
-3.00835654596E-02
-2.10413541890E-02
-1.38847225198E-02
-9.17077351618E-03
-6.55667452325E-03
-4.92821941290E-03
-3.29976430255E-03
-6.42811227769E-04
4.49967859439E-03
1.28562245554E-02
2.31840582816E-02
3.41118491536E-02
4.56395971716E-02
5.78101564174E-02
6.86093850439E-02
7.51232054853E-02
7.58517248768E-02
7.08377973002E-02
6.04671094922E-02
4.55538890079E-02
2.87550889222E-02
1.18277265910E-02
-3.72830512106E-03
-1.60702806942E-02
-2.39982858367E-02
-2.81551317763E-02
-3.10263552603E-02
-3.49260767088E-02
-4.12684808228E-02
-4.95393186201E-02
-5.97814441826E-02
-7.15234626098E-02
-8.30512106278E-02
-9.20934218984E-02
-9.81358474395E-02
-1.01821298479E-01
-1.03106920934E-01
-1.00664238269E-01
-9.33361902721E-02
-8.08227983715E-02
-6.31669166488E-02
-4.12684808228E-02
-1.76987358046E-02
3.94257553032E-03
2.03128347975E-02
2.98264409685E-02
3.28690807799E-02
3.16691664881E-02
2.96121705592E-02
3.01692736233E-02
3.65116777373E-02
4.94536104564E-02
6.62524105421E-02
8.21512749089E-02
9.30790657810E-02
9.73644739661E-02
9.38075851725E-02
8.25369616456E-02
6.56095993143E-02
4.61538461538E-02
2.77694450396E-02
1.42704092565E-02
7.97085922434E-03
9.25648167988E-03
1.73130490679E-02
2.83694021856E-02
3.74544675380E-02
4.24683951146E-02
4.30254981787E-02
3.82258410114E-02
2.87122348404E-02
1.72273409042E-02
7.67088065138E-03
3.55688879366E-03
6.04242554103E-03
1.41847010928E-02
2.62695521748E-02
3.88257981573E-02
4.72680522820E-02
4.78251553460E-02
4.03685451039E-02
2.72980501393E-02
1.12706235269E-02
-4.11399185772E-03
-1.36275980287E-02
-1.35847439469E-02
-5.31390614956E-03
8.35654596100E-03
2.42554103278E-02
3.81829869295E-02
4.58967216627E-02
4.52539104350E-02
3.62974073280E-02
2.08699378616E-02
2.52839082923E-03
-1.42275551746E-02
-2.56267409471E-02
-2.93979001500E-02
-2.58410113563E-02
-1.76987358046E-02
-8.91364902507E-03
-2.87122348404E-03
-1.54274694665E-03
-6.17098778659E-03
-1.78701521320E-02
-3.50546389544E-02
-5.23676880223E-02
-6.46239554318E-02
-6.92521962717E-02
-6.57810156417E-02
-5.44246839511E-02
-3.62116991643E-02
-1.50417827298E-02
4.58538675809E-03
1.89415041783E-02
2.60981358474E-02
2.53267623741E-02
1.77844439683E-02
7.15663166917E-03
-3.21405613885E-03
-1.03706878080E-02
-1.25991000643E-02
-9.21362759803E-03
-8.99935718877E-04
1.01135633169E-02
2.01842725520E-02
2.58410113563E-02
2.50696378830E-02
1.75273194772E-02
2.95693164774E-03
-1.67988000857E-02
-3.79687165202E-02
-5.69530747804E-02
-7.10520677094E-02
-7.79944289694E-02
-7.70516391686E-02
-6.92521962717E-02
-5.69530747804E-02
-4.30683522606E-02
-3.06406685237E-02
-2.17698735805E-02
-1.71416327405E-02
-1.66702378402E-02
-1.93271909149E-02
-2.22412684808E-02
-2.19841439897E-02
-1.78701521320E-02
-1.01992714806E-02
2.09985001071E-03
1.74844653953E-02
3.05549603600E-02
3.74973216199E-02
3.68545103921E-02
2.92693379044E-02
1.67559460039E-02
1.75701735590E-03
-1.20848510821E-02
-2.02271266338E-02
-2.08270837797E-02
-1.55560317120E-02
-7.28519391472E-03
1.75701735590E-03
8.91364902507E-03
1.16991643454E-02
9.04221127062E-03
1.24276837369E-03
-9.64216841654E-03
-2.17270194986E-02
-3.32119134348E-02
-4.15256053139E-02
-4.50824941076E-02
-4.35397471609E-02
-3.69402185558E-02
-2.61838440111E-02
-1.36275980287E-02
-1.67130919220E-03
7.58517248768E-03
1.28562245554E-02
1.40989929291E-02
1.28133704735E-02
1.16563102636E-02
1.27276623098E-02
1.74844653953E-02
2.60981358474E-02
3.79687165202E-02
5.03535461753E-02
5.99957145918E-02
6.64666809514E-02
6.97235911721E-02
6.82665523891E-02
6.35097493036E-02
5.81101349904E-02
5.33533319049E-02
4.96678808657E-02
4.72251982001E-02
4.57681594172E-02
4.37540175702E-02
3.98971502036E-02
3.35118920077E-02
2.53696164560E-02
1.70130704950E-02
1.08420827084E-02
8.22798371545E-03
9.34218984358E-03
1.31562031283E-02
1.87272337690E-02
2.47696593100E-02
2.89693593315E-02
2.95264623955E-02
2.53696164560E-02
1.69702164131E-02
7.11377758732E-03
-2.09985001071E-03
-9.29933576173E-03
-1.34990357832E-02
-1.42275551746E-02
-1.24705378187E-02
-9.94214698950E-03
-6.68523676880E-03
-3.85686736662E-03
-3.12834797514E-03
-4.58538675809E-03
-7.71373473323E-03
-1.25991000643E-02
-1.81272766231E-02
-2.19412899079E-02
-2.33126205271E-02
-2.26698092993E-02
-2.02271266338E-02
-1.60702806942E-02
-1.12277694450E-02
-7.62802656953E-03
-6.55667452325E-03
-8.35654596100E-03
-1.21705592458E-02
-1.67130919220E-02
-2.12127705164E-02
-2.51982001286E-02
-2.76408827941E-02
-2.83694021856E-02
-2.83694021856E-02
-2.86265266767E-02
-2.99121491322E-02
-3.20119991429E-02
-3.41547032355E-02
-3.53117634455E-02
-3.50974930362E-02
-3.39404328262E-02
-3.25691022070E-02
-3.25262481251E-02
-3.52260552818E-02
-3.95971716306E-02
-4.36254553246E-02
-4.76537390186E-02
-5.10820655667E-02
-5.24105421041E-02
-5.13820441397E-02
-4.91536318834E-02
-4.64109706450E-02
-4.30683522606E-02
-3.88686522391E-02
-3.33833297622E-02
-2.71266338119E-02
-2.15127490894E-02
-1.68845082494E-02
-1.33704735376E-02
-1.10992071995E-02
-1.01135633169E-02
-9.85643882580E-03
-8.91364902507E-03
-6.21384186844E-03
-2.35697450182E-03
1.79987143775E-03
6.17098778659E-03
1.08849367902E-02
1.55131776302E-02
1.82558388687E-02
1.85986715235E-02
1.73559031498E-02
1.55560317120E-02
1.39704306835E-02
1.25562459824E-02
1.10992071995E-02
1.02421255625E-02
9.89929290765E-03
8.69937861581E-03
6.25669595029E-03
3.25691022070E-03
2.14270409256E-04
-2.48553674738E-03
-3.68545103921E-03
-2.14270409256E-03
1.49989286480E-03
6.17098778659E-03
1.14848939361E-02
1.69273623313E-02
2.13841868438E-02
2.47696593100E-02
2.64838225841E-02
2.59267195200E-02
2.40411399186E-02
2.15127490894E-02
1.85986715235E-02
1.59417184487E-02
1.44418255839E-02
1.47846582387E-02
1.74844653953E-02
2.18127276623E-02
2.59267195200E-02
2.75980287122E-02
2.54124705378E-02
2.06985215342E-02
1.58560102850E-02
1.25133919006E-02
1.25991000643E-02
1.76558817227E-02
2.69123634026E-02
3.79687165202E-02
4.67966573816E-02
4.98821512749E-02
4.61967002357E-02
3.64688236555E-02
2.23269766445E-02
6.72809085065E-03
-5.82815513178E-03
-1.25562459824E-02
-1.39704306835E-02
-1.34561817013E-02
-1.35418898650E-02
-1.53417613028E-02
-1.90700664238E-02
-2.39982858367E-02
-2.90979215770E-02
-3.31690593529E-02
-3.35547460896E-02
-3.02121277052E-02
-2.58838654382E-02
-2.17698735805E-02
-1.80844225412E-02
-1.66273837583E-02
-1.77844439683E-02
-2.02271266338E-02
-2.36125991001E-02
-2.75980287122E-02
-3.07692307692E-02
-3.21405613885E-02
-3.10692093422E-02
-2.69980715663E-02
-2.07413756160E-02
-1.45275337476E-02
-1.03706878080E-02
-8.44225412471E-03
-8.44225412471E-03
-1.07563745447E-02
-1.48275123205E-02
-1.88129419327E-02
-2.13841868438E-02
-2.18127276623E-02
-2.10413541890E-02
-1.97128776516E-02
-1.75273194772E-02
-1.55560317120E-02
-1.36275980287E-02
-1.06706663810E-02
-6.85665309621E-03
-2.87122348404E-03
1.28562245554E-04
1.37133061924E-03
6.85665309621E-04
-2.91407756589E-03
-9.38504392543E-03
-1.72701949861E-02
-2.49410756375E-02
-3.02549817870E-02
-3.14120419970E-02
-2.82836940219E-02
-2.16413113349E-02
-1.28133704735E-02
-4.67109492179E-03
6.42811227769E-04
2.99978572959E-03
2.82836940219E-03
1.97128776516E-03
2.48553674738E-03
5.18534390401E-03
9.85643882580E-03
1.54274694665E-02
2.06128133705E-02
2.42554103278E-02
2.70409256482E-02
3.01692736233E-02
3.44546818084E-02
4.08827940861E-02
4.94107563745E-02
5.81101349904E-02
6.46668095136E-02
6.82236983073E-02
6.89522176987E-02
6.74951789158E-02
6.47525176773E-02
6.20527105207E-02
6.09813584744E-02
6.13670452111E-02
6.14956074566E-02
6.02956931648E-02
5.73816155989E-02
5.24962502678E-02
4.54253267624E-02
3.70259267195E-02
2.97407328048E-02
2.53696164560E-02
2.40839940004E-02
2.50267838012E-02
2.67409470752E-02
2.85836725948E-02
3.02549817870E-02
3.07263766874E-02
2.91407756589E-02
2.68695093208E-02
2.62266980930E-02
2.53696164560E-02
2.27126633812E-02
2.06556674523E-02
2.07842296979E-02
2.20698521534E-02
2.35697450182E-02
2.44696807371E-02
2.47696593100E-02
2.44268266552E-02
2.20698521534E-02
1.68416541676E-02
9.34218984358E-03
8.99935718877E-04
-7.79944289694E-03
-1.67559460039E-02
-2.56695950289E-02
-3.26548103707E-02
-3.56974501821E-02
-3.57403042640E-02
-3.47975144633E-02
-3.38118705807E-02
-3.31262052711E-02
-3.31262052711E-02
-3.44118277266E-02
-3.63831154918E-02
-3.79258624384E-02
-3.75830297836E-02
-3.50546389544E-02
-3.07692307692E-02
-2.51982001286E-02
-1.89415041783E-02
-1.32419112921E-02
-9.42789800729E-03
-8.48510820656E-03
-9.38504392543E-03
-1.06278122991E-02
-1.17420184273E-02
-1.29847868009E-02
-1.42704092565E-02
-1.61131347761E-02
-1.92414827512E-02
-2.32269123634E-02
-2.72123419756E-02
-2.99978572959E-02
-3.04692521963E-02
-2.89265052496E-02
-2.56695950289E-02
-2.06556674523E-02
-1.61131347761E-02
-1.41847010928E-02
-1.48703664024E-02
-1.81701307049E-02
-2.37411613456E-02
-3.04692521963E-02
-3.69402185558E-02
-4.18684379687E-02
-4.45682451253E-02
-4.48682236983E-02
-4.31112063424E-02
-3.92114848939E-02
-3.41975573173E-02
-2.90979215770E-02
-2.45125348189E-02
-2.00557103064E-02
-1.46989500750E-02
-9.04221127062E-03
-4.45682451253E-03
-9.42789800729E-04
2.39982858367E-03
5.78530104993E-03
8.82794086137E-03
1.13134776087E-02
1.32419112921E-02
1.41418470109E-02
1.39275766017E-02
1.31562031283E-02
1.17420184273E-02
9.59931433469E-03
7.37090207842E-03
5.01392757660E-03
2.61409899293E-03
4.28540818513E-04
-2.48553674738E-03
-6.98521534176E-03
-1.21705592458E-02
-1.72701949861E-02
-2.22412684808E-02
-2.61838440111E-02
-2.83694021856E-02
-2.92264838226E-02
-2.89693593315E-02
-2.78122991215E-02
-2.66980929934E-02
-2.58410113563E-02
-2.50696378830E-02
-2.41268480823E-02
-2.26698092993E-02
-2.02699807157E-02
-1.65416755946E-02
-1.12277694450E-02
-5.22819798586E-03
1.07135204628E-03
6.98521534176E-03
1.14848939361E-02
1.38847225198E-02
1.40989929291E-02
1.28990786372E-02
1.16134561817E-02
1.06706663810E-02
1.10134990358E-02
1.50846368117E-02
2.21984143990E-02
3.10692093422E-02
4.04971073495E-02
4.91107778016E-02
5.50246410971E-02
5.66530962074E-02
5.38247268052E-02
4.65823869724E-02
3.61259910006E-02
2.51124919649E-02
1.57703021213E-02
9.17077351618E-03
5.65673880437E-03
5.05678165845E-03
6.47096635955E-03
7.32804799657E-03
6.51382044140E-03
4.15684593958E-03
-1.54274694665E-03
-1.05421041354E-02
-2.06985215342E-02
-2.96978787229E-02
-3.57831583458E-02
-3.76687379473E-02
-3.59117205914E-02
-2.96550246411E-02
-2.19412899079E-02
-1.60702806942E-02
-1.35418898650E-02
-1.38847225198E-02
-1.55560317120E-02
-1.76130276409E-02
-1.91986286694E-02
-1.98842939790E-02
-1.91557745875E-02
-1.63702592672E-02
-1.13563316906E-02
-5.14248982216E-03
9.42789800729E-04
6.38525819584E-03
1.15277480180E-02
1.60702806942E-02
2.00985643883E-02
2.39982858367E-02
2.73837583030E-02
3.02121277052E-02
3.20119991429E-02
3.29119348618E-02
3.34261838440E-02
3.32119134348E-02
3.17120205700E-02
3.00407113778E-02
2.95264623955E-02
3.02549817870E-02
3.25262481251E-02
3.69402185558E-02
4.32826226698E-02
5.00964216842E-02
5.46818084423E-02
5.52389115063E-02
5.22819798586E-02
4.60681379901E-02
3.74544675380E-02
2.83265481037E-02
2.06128133705E-02
1.55560317120E-02
1.36704521106E-02
1.45703878294E-02
1.66702378402E-02
1.79558602957E-02
1.75701735590E-02
1.54274694665E-02
1.20419970002E-02
8.18512963360E-03
4.54253267624E-03
2.57124491108E-04
-4.37111634883E-03
-7.24233983287E-03
-8.44225412471E-03
-8.44225412471E-03
-6.38525819584E-03
-2.82836940219E-03
9.42789800729E-04
4.84251124920E-03
8.01371330619E-03
9.29933576173E-03
8.61367045211E-03
6.04242554103E-03
1.49989286480E-03
-3.77115920291E-03
-8.27083779730E-03
-1.07135204628E-02
-9.68502249839E-03
-5.09963574030E-03
1.79987143775E-03
9.21362759803E-03
1.49989286480E-02
1.70130704950E-02
1.46560959931E-02
9.04221127062E-03
1.75701735590E-03
-5.69959288622E-03
-1.11849153632E-02
-1.29419327191E-02
-1.04563959717E-02
-5.14248982216E-03
8.99935718877E-04
5.78530104993E-03
7.58517248768E-03
5.09963574030E-03
-1.49989286480E-03
-1.07135204628E-02
-2.00128562246E-02
-2.73837583030E-02
-3.20548532248E-02
-3.29976430255E-02
-3.03835440326E-02
-2.56695950289E-02
-1.97985858153E-02
-1.35418898650E-02
-8.22798371545E-03
-5.27105206771E-03
-4.75680308549E-03
-5.61388472252E-03
-8.18512963360E-03
-1.22991214913E-02
-1.66273837583E-02
-1.99271480609E-02
-2.15984572531E-02
-2.07413756160E-02
-1.64559674309E-02
-9.12791943433E-03
-4.28540818513E-04
7.28519391472E-03
1.17420184273E-02
1.11849153632E-02
6.17098778659E-03
-1.28562245554E-03
-8.57081637026E-03
-1.31990572102E-02
-1.30704949646E-02
-7.71373473323E-03
9.85643882580E-04
1.05421041354E-02
1.81701307049E-02
2.15556031712E-02
1.98842939790E-02
1.40989929291E-02
6.04242554103E-03
-1.62845511035E-03
-6.29955003214E-03
-6.89950717806E-03
-3.68545103921E-03
2.18555817442E-03
8.48510820656E-03
1.34133276195E-02
1.57703021213E-02
1.60274266124E-02
1.41847010928E-02
1.02421255625E-02
5.05678165845E-03
-4.28540818513E-05
-3.47118062996E-03
-4.32826226698E-03
-2.95693164774E-03
2.57124491108E-04
4.15684593958E-03
7.15663166917E-03
7.88515106064E-03
6.04242554103E-03
1.79987143775E-03
-4.28540818513E-03
-1.12706235269E-02
-1.76558817227E-02
-2.26698092993E-02
-2.59267195200E-02
-2.73837583030E-02
-2.75123205485E-02
-2.72123419756E-02
-2.74266123848E-02
-2.88836511678E-02
-3.16691664881E-02
-3.48403685451E-02
-3.74544675380E-02
-3.93829012213E-02
-4.03256910221E-02
-3.92971930576E-02
-3.58260124277E-02
-3.08977930148E-02
-2.60124276837E-02
-2.15127490894E-02
-1.73559031498E-02
-1.42704092565E-02
-1.26848082280E-02
-1.17848725091E-02
-1.08849367902E-02
-9.94214698950E-03
-8.82794086137E-03
-7.75658881508E-03
-7.32804799657E-03
-7.37090207842E-03
-7.28519391472E-03
-7.54231840583E-03
-8.78508677952E-03
-1.01564173988E-02
-1.06278122991E-02
-1.03278337262E-02
-9.68502249839E-03
-8.65652453396E-03
-6.34240411399E-03
-2.48553674738E-03
1.97128776516E-03
6.29955003214E-03
1.01992714806E-02
1.40132847654E-02
1.74844653953E-02
1.95843154060E-02
2.03985429612E-02
2.06985215342E-02
2.02699807157E-02
1.85986715235E-02
1.66702378402E-02
1.54703235483E-02
1.40132847654E-02
1.20419970002E-02
1.01135633169E-02
8.65652453396E-03
7.71373473323E-03
6.34240411399E-03
4.28540818513E-03
2.01414184701E-03
4.28540818513E-05
-1.37133061924E-03
-1.88557960146E-03
-1.37133061924E-03
-1.71416327405E-04
1.07135204628E-03
2.01414184701E-03
2.44268266552E-03
2.44268266552E-03
1.88557960146E-03
6.85665309621E-04
-8.57081637026E-04
-2.09985001071E-03
-2.48553674738E-03
-2.22841225627E-03
-1.67130919220E-03
-8.57081637026E-04
-2.57124491108E-04
-6.42811227769E-04
-2.18555817442E-03
-4.37111634883E-03
-6.17098778659E-03
-7.37090207842E-03
-8.35654596100E-03
-9.04221127062E-03
-9.25648167988E-03
-8.95650310692E-03
-8.09942146990E-03
-6.89950717806E-03
-5.52817655882E-03
-3.89972144847E-03
-2.31412041997E-03
-9.42789800729E-04
3.42832654810E-04
1.58560102850E-03
2.99978572959E-03
4.37111634883E-03
5.48532247697E-03
6.64238268695E-03
8.14227555175E-03
9.72787658024E-03
1.10563531176E-02
1.19991429184E-02
1.22991214913E-02
1.18705806728E-02
1.07992286265E-02
9.38504392543E-03
7.71373473323E-03
6.12813370474E-03
4.84251124920E-03
4.07113777587E-03
3.77115920291E-03
3.85686736662E-03
3.98542961217E-03
4.07113777587E-03
4.07113777587E-03
3.89972144847E-03
3.42832654810E-03
2.52839082923E-03
1.45703878294E-03
5.57103064067E-04
-4.28540818513E-05
-2.99978572959E-04
-8.57081637026E-05
5.99957145918E-04
1.58560102850E-03
2.44268266552E-03
2.91407756589E-03
2.91407756589E-03
2.48553674738E-03
1.67130919220E-03
6.42811227769E-04
-4.28540818513E-04
-1.28562245554E-03
-1.67130919220E-03
-1.79987143775E-03
-1.84272551961E-03
-1.79987143775E-03
-1.75701735590E-03
-1.67130919220E-03
-1.62845511035E-03
-1.62845511035E-03
-1.67130919220E-03
-1.75701735590E-03
-1.84272551961E-03
-1.84272551961E-03
-1.71416327405E-03
-1.49989286480E-03
-1.24276837369E-03
-9.42789800729E-04
-5.57103064067E-04
-1.28562245554E-04
3.85686736662E-04
8.57081637026E-04
1.19991429184E-03
1.41418470109E-03
1.49989286480E-03
1.62845511035E-03
1.84272551961E-03
2.18555817442E-03
2.65695307478E-03
3.08549389329E-03
3.47118062996E-03
3.72830512106E-03
3.81401328477E-03
3.68545103921E-03
3.51403471181E-03
3.29976430255E-03
3.12834797514E-03
3.04263981144E-03
2.99978572959E-03
2.95693164774E-03
2.87122348404E-03
2.65695307478E-03
2.31412041997E-03
1.88557960146E-03
1.45703878294E-03
1.02849796443E-03
6.85665309621E-04
5.14248982216E-04
4.28540818513E-04
3.85686736662E-04
3.85686736662E-04
3.85686736662E-04
3.42832654810E-04
2.99978572959E-04
2.57124491108E-04
2.14270409256E-04
2.57124491108E-04
2.99978572959E-04
3.42832654810E-04
4.28540818513E-04
4.28540818513E-04
4.71394900364E-04
4.71394900364E-04
4.71394900364E-04
4.71394900364E-04
5.14248982216E-04
5.57103064067E-04
5.57103064067E-04
5.57103064067E-04
5.14248982216E-04
4.28540818513E-04
3.85686736662E-04
2.99978572959E-04
2.14270409256E-04
1.28562245554E-04
8.57081637026E-05
4.28540818513E-05
0.00000000000E+00
0.00000000000E+00
0.00000000000E+00
0.00000000000E+00
0.00000000000E+00
0.00000000000E+00
0.00000000000E+00
0.00000000000E+00
0.00000000000E+00
0.00000000000E+00
0.00000000000E+00
4.28540818513E-05
4.28540818513E-05
4.28540818513E-05
8.57081637026E-05
8.57081637026E-05
8.57081637026E-05
8.57081637026E-05
8.57081637026E-05
8.57081637026E-05
4.28540818513E-05
4.28540818513E-05
4.28540818513E-05
4.28540818513E-05
4.28540818513E-05
0.00000000000E+00
0.00000000000E+00
0.00000000000E+00
0.00000000000E+00
-4.28540818513E-05
-4.28540818513E-05
-4.28540818513E-05
-4.28540818513E-05
-4.28540818513E-05
-4.28540818513E-05
-8.57081637026E-05
-8.57081637026E-05
-8.57081637026E-05
-8.57081637026E-05
-8.57081637026E-05
-8.57081637026E-05
-8.57081637026E-05
-1.28562245554E-04
-1.28562245554E-04
-1.28562245554E-04
-1.28562245554E-04
-1.28562245554E-04
-1.28562245554E-04
-1.28562245554E-04
-1.28562245554E-04
-1.28562245554E-04
-1.28562245554E-04
