2.14270409256E-04
2.14270409256E-04
2.14270409256E-04
2.14270409256E-04
2.14270409256E-04
2.14270409256E-04
2.14270409256E-04
2.14270409256E-04
2.14270409256E-04
2.14270409256E-04
2.14270409256E-04
2.14270409256E-04
2.14270409256E-04
2.14270409256E-04
2.14270409256E-04
2.14270409256E-04
2.14270409256E-04
2.57124491108E-04
2.57124491108E-04
2.57124491108E-04
2.57124491108E-04
2.57124491108E-04
2.14270409256E-04
1.71416327405E-04
2.14270409256E-04
2.57124491108E-04
2.57124491108E-04
2.57124491108E-04
2.57124491108E-04
2.57124491108E-04
2.99978572959E-04
2.57124491108E-04
2.57124491108E-04
2.99978572959E-04
2.99978572959E-04
2.99978572959E-04
2.57124491108E-04
2.57124491108E-04
2.99978572959E-04
2.99978572959E-04
2.57124491108E-04
2.57124491108E-04
2.99978572959E-04
2.99978572959E-04
2.57124491108E-04
2.14270409256E-04
2.57124491108E-04
2.99978572959E-04
2.99978572959E-04
2.14270409256E-04
2.14270409256E-04
2.57124491108E-04
3.42832654810E-04
2.99978572959E-04
2.14270409256E-04
2.14270409256E-04
2.99978572959E-04
3.85686736662E-04
2.99978572959E-04
2.57124491108E-04
3.42832654810E-04
3.85686736662E-04
2.57124491108E-04
1.28562245554E-04
2.57124491108E-04
3.85686736662E-04
4.28540818513E-04
3.42832654810E-04
2.99978572959E-04
2.99978572959E-04
2.57124491108E-04
1.71416327405E-04
1.71416327405E-04
2.57124491108E-04
2.99978572959E-04
4.28540818513E-05
-2.14270409256E-04
0.00000000000E+00
4.28540818513E-04
4.71394900364E-04
3.42832654810E-04
2.14270409256E-04
1.71416327405E-04
2.57124491108E-04
2.14270409256E-04
2.14270409256E-04
3.42832654810E-04
2.99978572959E-04
4.28540818513E-05
-1.28562245554E-04
1.71416327405E-04
5.14248982216E-04
5.99957145918E-04
5.14248982216E-04
5.14248982216E-04
6.85665309621E-04
6.42811227769E-04
1.28562245554E-04
-4.28540818513E-05
2.57124491108E-04
3.85686736662E-04
1.28562245554E-04
4.28540818513E-05
2.99978572959E-04
5.57103064067E-04
5.57103064067E-04
2.99978572959E-04
1.28562245554E-04
1.71416327405E-04
3.42832654810E-04
3.85686736662E-04
2.99978572959E-04
2.99978572959E-04
2.57124491108E-04
2.99978572959E-04
5.14248982216E-04
6.42811227769E-04
6.42811227769E-04
7.71373473323E-04
8.99935718877E-04
6.85665309621E-04
3.42832654810E-04
1.71416327405E-04
1.71416327405E-04
3.85686736662E-04
6.85665309621E-04
6.42811227769E-04
3.85686736662E-04
2.14270409256E-04
4.28540818513E-04
8.14227555175E-04
9.42789800729E-04
7.28519391472E-04
2.99978572959E-04
1.71416327405E-04
2.57124491108E-04
4.28540818513E-04
6.42811227769E-04
6.85665309621E-04
6.42811227769E-04
8.57081637026E-04
1.19991429184E-03
9.85643882580E-04
6.85665309621E-04
6.85665309621E-04
5.99957145918E-04
2.57124491108E-04
4.28540818513E-05
2.14270409256E-04
4.28540818513E-04
4.71394900364E-04
4.71394900364E-04
5.57103064067E-04
5.99957145918E-04
4.71394900364E-04
4.28540818513E-04
5.14248982216E-04
4.71394900364E-04
2.99978572959E-04
1.71416327405E-04
2.57124491108E-04
3.85686736662E-04
3.85686736662E-04
2.99978572959E-04
2.14270409256E-04
2.14270409256E-04
4.28540818513E-04
5.57103064067E-04
3.42832654810E-04
3.42832654810E-04
5.14248982216E-04
4.28540818513E-04
2.57124491108E-04
1.71416327405E-04
2.99978572959E-04
4.28540818513E-04
3.42832654810E-04
2.57124491108E-04
0.00000000000E+00
-3.42832654810E-04
-2.99978572959E-04
3.85686736662E-04
5.99957145918E-04
3.85686736662E-04
5.14248982216E-04
5.57103064067E-04
4.28540818513E-04
4.28540818513E-04
6.85665309621E-04
7.28519391472E-04
5.99957145918E-04
3.85686736662E-04
3.42832654810E-04
4.28540818513E-04
6.42811227769E-04
1.15706020999E-03
1.58560102850E-03
9.42789800729E-04
-3.42832654810E-04
-7.28519391472E-04
0.00000000000E+00
8.99935718877E-04
1.07135204628E-03
7.28519391472E-04
7.28519391472E-04
8.57081637026E-04
5.99957145918E-04
1.71416327405E-04
1.28562245554E-04
5.14248982216E-04
4.28540818513E-04
-1.28562245554E-04
-1.28562245554E-04
5.99957145918E-04
7.71373473323E-04
3.42832654810E-04
4.28540818513E-05
-4.28540818513E-05
1.71416327405E-04
2.99978572959E-04
2.14270409256E-04
1.71416327405E-04
4.28540818513E-05
-1.71416327405E-04
-5.14248982216E-04
-3.85686736662E-04
4.28540818513E-04
7.71373473323E-04
2.99978572959E-04
-2.57124491108E-04
-1.71416327405E-04
5.99957145918E-04
8.99935718877E-04
8.14227555175E-04
7.71373473323E-04
8.99935718877E-04
1.02849796443E-03
6.85665309621E-04
3.85686736662E-04
7.71373473323E-04
1.24276837369E-03
9.85643882580E-04
8.57081637026E-04
8.57081637026E-04
8.57081637026E-04
7.28519391472E-04
5.99957145918E-04
4.71394900364E-04
2.14270409256E-04
2.57124491108E-04
4.28540818513E-04
1.28562245554E-04
-2.57124491108E-04
-8.57081637026E-05
2.57124491108E-04
4.28540818513E-05
2.14270409256E-04
7.71373473323E-04
5.57103064067E-04
1.28562245554E-04
5.14248982216E-04
1.28562245554E-03
9.42789800729E-04
8.57081637026E-05
0.00000000000E+00
-4.28540818513E-05
-5.99957145918E-04
-8.57081637026E-04
-4.28540818513E-05
5.14248982216E-04
2.99978572959E-04
2.99978572959E-04
5.57103064067E-04
7.71373473323E-04
7.71373473323E-04
9.42789800729E-04
8.57081637026E-04
2.99978572959E-04
-4.28540818513E-05
1.28562245554E-04
4.28540818513E-04
7.71373473323E-04
1.02849796443E-03
1.15706020999E-03
1.02849796443E-03
8.57081637026E-04
6.42811227769E-04
3.42832654810E-04
3.85686736662E-04
6.85665309621E-04
9.42789800729E-04
7.28519391472E-04
-4.28540818513E-04
-1.24276837369E-03
-2.99978572959E-04
6.42811227769E-04
6.85665309621E-04
6.42811227769E-04
8.99935718877E-04
8.99935718877E-04
4.71394900364E-04
0.00000000000E+00
-2.14270409256E-04
-2.57124491108E-04
1.28562245554E-04
5.99957145918E-04
9.85643882580E-04
9.85643882580E-04
5.14248982216E-04
3.42832654810E-04
4.71394900364E-04
4.71394900364E-04
5.14248982216E-04
5.99957145918E-04
5.57103064067E-04
3.42832654810E-04
2.57124491108E-04
1.28562245554E-04
2.57124491108E-04
6.42811227769E-04
5.14248982216E-04
1.28562245554E-04
0.00000000000E+00
1.28562245554E-04
3.85686736662E-04
7.71373473323E-04
1.32847653739E-03
1.49989286480E-03
6.42811227769E-04
-5.57103064067E-04
-5.57103064067E-04
1.71416327405E-04
3.85686736662E-04
0.00000000000E+00
-2.14270409256E-04
4.28540818513E-05
2.99978572959E-04
2.57124491108E-04
5.99957145918E-04
1.24276837369E-03
1.19991429184E-03
7.28519391472E-04
1.28562245554E-04
-1.71416327405E-04
4.28540818513E-05
2.14270409256E-04
2.57124491108E-04
3.42832654810E-04
4.28540818513E-04
5.14248982216E-04
6.42811227769E-04
1.15706020999E-03
1.49989286480E-03
1.07135204628E-03
3.42832654810E-04
4.28540818513E-05
2.57124491108E-04
7.28519391472E-04
5.57103064067E-04
-2.14270409256E-04
-2.57124491108E-04
8.57081637026E-05
1.28562245554E-04
4.28540818513E-05
5.14248982216E-04
1.11420612813E-03
1.24276837369E-03
8.99935718877E-04
6.85665309621E-04
2.57124491108E-04
-2.14270409256E-04
0.00000000000E+00
3.42832654810E-04
4.28540818513E-05
-3.42832654810E-04
2.57124491108E-04
8.14227555175E-04
4.28540818513E-04
-2.57124491108E-04
-2.57124491108E-04
3.42832654810E-04
8.14227555175E-04
8.99935718877E-04
6.42811227769E-04
3.85686736662E-04
4.71394900364E-04
7.71373473323E-04
5.14248982216E-04
8.57081637026E-05
2.14270409256E-04
7.71373473323E-04
8.57081637026E-04
5.57103064067E-04
4.71394900364E-04
2.99978572959E-04
1.28562245554E-04
8.57081637026E-05
4.28540818513E-05
2.57124491108E-04
7.71373473323E-04
1.19991429184E-03
6.85665309621E-04
0.00000000000E+00
2.99978572959E-04
1.19991429184E-03
1.58560102850E-03
8.14227555175E-04
-4.28540818513E-05
-4.28540818513E-05
5.57103064067E-04
1.07135204628E-03
9.42789800729E-04
3.85686736662E-04
4.28540818513E-05
0.00000000000E+00
3.85686736662E-04
8.14227555175E-04
1.02849796443E-03
9.42789800729E-04
6.42811227769E-04
4.71394900364E-04
5.57103064067E-04
6.85665309621E-04
5.99957145918E-04
1.28562245554E-04
1.71416327405E-04
8.14227555175E-04
9.85643882580E-04
5.99957145918E-04
1.28562245554E-04
1.28562245554E-04
5.57103064067E-04
6.42811227769E-04
2.57124491108E-04
2.99978572959E-04
1.11420612813E-03
1.62845511035E-03
9.85643882580E-04
-4.28540818513E-05
-2.57124491108E-04
-1.28562245554E-04
-7.28519391472E-04
-1.02849796443E-03
2.99978572959E-04
1.19991429184E-03
7.28519391472E-04
0.00000000000E+00
-3.85686736662E-04
-1.71416327405E-04
2.99978572959E-04
5.14248982216E-04
4.28540818513E-04
5.14248982216E-04
5.99957145918E-04
2.14270409256E-04
-8.57081637026E-05
2.14270409256E-04
2.99978572959E-04
-1.28562245554E-04
-5.99957145918E-04
-4.71394900364E-04
2.57124491108E-04
6.42811227769E-04
5.99957145918E-04
2.57124491108E-04
4.28540818513E-05
4.28540818513E-05
1.71416327405E-04
8.57081637026E-05
-3.42832654810E-04
-3.42832654810E-04
-4.28540818513E-05
8.57081637026E-05
-4.28540818513E-05
-4.28540818513E-05
4.28540818513E-04
5.57103064067E-04
2.14270409256E-04
3.42832654810E-04
3.85686736662E-04
2.57124491108E-04
-4.28540818513E-05
-2.99978572959E-04
1.28562245554E-04
7.71373473323E-04
2.99978572959E-04
-8.99935718877E-04
-1.24276837369E-03
-5.14248982216E-04
-2.14270409256E-04
-3.42832654810E-04
0.00000000000E+00
6.42811227769E-04
5.99957145918E-04
-4.28540818513E-05
2.57124491108E-04
9.42789800729E-04
7.71373473323E-04
-4.28540818513E-05
0.00000000000E+00
1.02849796443E-03
1.49989286480E-03
1.02849796443E-03
3.42832654810E-04
2.14270409256E-04
4.71394900364E-04
4.28540818513E-04
1.28562245554E-04
4.28540818513E-05
0.00000000000E+00
-2.14270409256E-04
-3.42832654810E-04
-2.14270409256E-04
0.00000000000E+00
2.14270409256E-04
2.57124491108E-04
0.00000000000E+00
-8.57081637026E-05
-4.28540818513E-05
-1.71416327405E-04
-8.14227555175E-04
-1.75701735590E-03
-2.31412041997E-03
-2.61409899293E-03
-2.91407756589E-03
-2.69980715663E-03
-1.88557960146E-03
-1.37133061924E-03
-1.37133061924E-03
-1.11420612813E-03
-2.57124491108E-04
4.28540818513E-04
1.28562245554E-04
-4.28540818513E-04
-2.99978572959E-04
1.71416327405E-04
5.99957145918E-04
1.15706020999E-03
2.39982858367E-03
3.17120205700E-03
1.79987143775E-03
-1.24276837369E-03
-3.42832654810E-03
-4.11399185772E-03
-4.28540818513E-03
-4.19970002143E-03
-3.17120205700E-03
-7.28519391472E-04
1.02849796443E-03
4.71394900364E-04
-1.49989286480E-03
-3.17120205700E-03
-4.32826226698E-03
-5.14248982216E-03
-5.39961431326E-03
-5.27105206771E-03
-5.09963574030E-03
-4.97107349475E-03
-4.24255410328E-03
-2.82836940219E-03
-1.88557960146E-03
-1.97128776516E-03
-2.91407756589E-03
-5.05678165845E-03
-7.88515106064E-03
-9.47075208914E-03
-8.57081637026E-03
-5.18534390401E-03
-1.79987143775E-03
-5.57103064067E-04
-1.11420612813E-03
-2.01414184701E-03
-1.84272551961E-03
-1.02849796443E-03
-8.57081637026E-04
-1.37133061924E-03
-3.08549389329E-03
-7.07092350546E-03
-1.25133919006E-02
-1.67130919220E-02
-1.76987358046E-02
-1.64131133490E-02
-1.57703021213E-02
-1.75701735590E-02
-2.13841868438E-02
-2.54981787015E-02
-2.84551103493E-02
-2.88836511678E-02
-2.60124276837E-02
-2.10842082708E-02
-1.58131562031E-02
-1.18277265910E-02
-1.01992714806E-02
-1.07563745447E-02
-1.20419970002E-02
-1.29847868009E-02
-1.38847225198E-02
-1.60702806942E-02
-1.97128776516E-02
-2.27983715449E-02
-2.25412470538E-02
-1.81272766231E-02
-1.13563316906E-02
-4.75680308549E-03
-2.99978572959E-04
7.28519391472E-04
-1.97128776516E-03
-6.77094493250E-03
-1.06706663810E-02
-1.26848082280E-02
-1.24705378187E-02
-1.00707092351E-02
-5.91386329548E-03
-7.28519391472E-04
4.62824083994E-03
9.12791943433E-03
1.26848082280E-02
1.64988215127E-02
2.11699164345E-02
2.49839297193E-02
2.57124491108E-02
2.40839940004E-02
2.30983501178E-02
2.32697664453E-02
2.19841439897E-02
1.81272766231E-02
1.25562459824E-02
6.34240411399E-03
2.14270409256E-03
2.44268266552E-03
8.22798371545E-03
1.86415256053E-02
2.94836083137E-02
3.61688450825E-02
3.74973216199E-02
3.51403471181E-02
3.22262695522E-02
2.97407328048E-02
2.84122562674E-02
2.78122991215E-02
2.59695736019E-02
2.19412899079E-02
1.61559888579E-02
1.02849796443E-02
6.17098778659E-03
4.71394900364E-03
5.01392757660E-03
5.57103064067E-03
6.89950717806E-03
1.00707092351E-02
1.40132847654E-02
1.57703021213E-02
1.24705378187E-02
3.98542961217E-03
-7.19948575102E-03
-1.76558817227E-02
-2.33554746090E-02
-2.16413113349E-02
-1.31990572102E-02
-1.28562245554E-03
1.07992286265E-02
2.06985215342E-02
2.66123848297E-02
2.69552174845E-02
2.08270837797E-02
9.51360617099E-03
-3.21405613885E-03
-1.24705378187E-02
-1.47418041568E-02
-9.81358474395E-03
-5.57103064067E-04
7.75658881508E-03
1.01564173988E-02
4.71394900364E-03
-7.62802656953E-03
-2.35697450182E-02
-3.89543604028E-02
-4.98392971931E-02
-5.40818512963E-02
-5.22819798586E-02
-4.66252410542E-02
-4.08399400043E-02
-3.85258195843E-02
-4.26398114420E-02
-5.20677094493E-02
-6.06813799014E-02
-6.15813156203E-02
-5.33961859867E-02
-3.90400685665E-02
-2.33554746090E-02
-1.05421041354E-02
-2.27126633812E-03
1.11420612813E-03
-1.28562245554E-04
-5.82815513178E-03
-1.61988429398E-02
-3.08549389329E-02
-4.84679665738E-02
-6.57810156417E-02
-7.83372616242E-02
-8.15941718449E-02
-7.40089993572E-02
-5.80244268267E-02
-3.84401114206E-02
-2.20698521534E-02
-1.37561602743E-02
-1.40989929291E-02
-2.01414184701E-02
-2.69123634026E-02
-3.07692307692E-02
-3.03835440326E-02
-2.60981358474E-02
-1.82558388687E-02
-8.91364902507E-03
-1.32847653739E-03
4.45682451253E-03
1.00707092351E-02
1.55131776302E-02
2.02699807157E-02
2.26269552175E-02
2.12984786801E-02
1.79558602957E-02
1.63274051853E-02
1.94986072423E-02
2.71694878937E-02
3.54403256910E-02
4.04542532676E-02
3.89115063210E-02
2.91407756589E-02
1.47846582387E-02
3.55688879366E-03
2.52839082923E-03
1.60702806942E-02
4.41397043068E-02
8.12084851082E-02
1.18362974073E-01
1.46903792586E-01
1.60445682451E-01
1.56931647739E-01
1.39790014999E-01
1.16563102636E-01
9.67216627384E-02
8.62224126848E-02
8.53653310478E-02
9.16220269981E-02
1.00921362760E-01
1.08163702593E-01
1.06706663810E-01
9.29505035355E-02
7.00664238269E-02
4.52110563531E-02
2.43839725734E-02
9.47075208914E-03
-1.19991429184E-03
-1.03706878080E-02
-1.85558174416E-02
-2.54553246197E-02
-3.24833940433E-02
-4.11827726591E-02
-4.99678594386E-02
-5.52817655882E-02
-5.44246839511E-02
-4.59395757446E-02
-2.95693164774E-02
-6.55667452325E-03
1.94557531605E-02
4.28112277694E-02
5.81529890722E-02
6.35526033855E-02
6.04671094922E-02
5.14248982216E-02
3.96400257124E-02
2.93550460681E-02
2.45553889008E-02
2.49839297193E-02
2.59695736019E-02
2.36983072638E-02
1.95414613242E-02
1.83844011142E-02
2.38697235912E-02
3.64259695736E-02
5.43389757874E-02
7.32376258839E-02
8.46368116563E-02
7.98800085708E-02
5.71673451896E-02
2.40411399186E-02
-8.52796228841E-03
-3.41547032355E-02
-5.27105206771E-02
-6.49239340047E-02
-7.02806942361E-02
-6.95093207628E-02
-6.44953931862E-02
-5.70816370259E-02
-4.92821941290E-02
-4.34111849154E-02
-4.31540604243E-02
-5.17677308764E-02
-6.78808656525E-02
-8.60938504393E-02
-9.96785943861E-02
-1.03321191343E-01
-9.50932076280E-02
-7.68373687594E-02
-5.23676880223E-02
-2.77265909578E-02
-8.99935718877E-03
2.87122348404E-03
1.34133276195E-02
2.87550889222E-02
4.87679451468E-02
6.79237197343E-02
7.97085922434E-02
7.93229055067E-02
6.52239125777E-02
4.07542318406E-02
1.34561817013E-02
-8.61367045211E-03
-2.11270623527E-02
-2.38697235912E-02
-1.96271694879E-02
-1.37990143561E-02
-1.12706235269E-02
-1.41847010928E-02
-2.27983715449E-02
-3.71116348832E-02
-5.70816370259E-02
-8.12084851082E-02
-1.06278122991E-01
-1.27790872081E-01
-1.41247053782E-01
-1.43775444611E-01
-1.35590314978E-01
-1.20591386330E-01
-1.04135418899E-01
-8.85793871866E-02
-7.29376473109E-02
-5.71244911078E-02
-4.20398542961E-02
-2.82408399400E-02
-1.75273194772E-02
-1.20419970002E-02
-1.16563102636E-02
-1.38418684380E-02
-1.55131776302E-02
-1.35847439469E-02
-8.65652453396E-03
-5.39961431326E-03
-5.99957145918E-03
-7.62802656953E-03
-5.48532247697E-03
1.45703878294E-03
7.19948575102E-03
3.38547246625E-03
-1.38418684380E-02
-4.18684379687E-02
-7.29376473109E-02
-9.65073923291E-02
-1.03278337262E-01
-9.03792586244E-02
-6.60381401328E-02
-4.35826012428E-02
-3.31690593529E-02
-3.74973216199E-02
-5.14248982216E-02
-6.67666595243E-02
-7.76944503964E-02
-8.06085279623E-02
-7.28090850654E-02
-5.33104778230E-02
-2.55838868652E-02
3.12834797514E-03
2.42982644097E-02
3.04263981144E-02
2.14698950075E-02
4.15684593958E-03
-1.12277694450E-02
-1.52131990572E-02
-3.29976430255E-03
2.33126205271E-02
5.83672594815E-02
9.19648596529E-02
1.13863295479E-01
1.18962931219E-01
1.09406470966E-01
9.20077137347E-02
7.37947289479E-02
5.94814656096E-02
5.09106492393E-02
4.70966359546E-02
4.65395328905E-02
4.76965931005E-02
4.97535890294E-02
5.24533961860E-02
5.32247696593E-02
4.85536747375E-02
3.83115491751E-02
2.54553246197E-02
1.28133704735E-02
0.00000000000E+00
-1.61988429398E-02
-3.62974073280E-02
-5.60102849796E-02
-6.86522391258E-02
-6.85665309621E-02
-5.25391043497E-02
-2.15127490894E-02
1.84701092779E-02
5.60531390615E-02
8.09942146990E-02
9.14934647525E-02
9.42789800729E-02
9.64645382473E-02
9.95928862224E-02
1.00749946432E-01
9.48789372188E-02
7.76515963145E-02
4.85108206557E-02
1.22991214913E-02
-2.01414184701E-02
-3.61688450825E-02
-2.93121919863E-02
-4.71394900364E-03
2.33983286908E-02
3.99828583673E-02
3.55260338547E-02
1.22134133276E-02
-1.88129419327E-02
-4.67109492179E-02
-6.59524319691E-02
-7.62374116135E-02
-8.04799657167E-02
-8.27083779730E-02
-8.39511463467E-02
-8.10370687808E-02
-7.02378401543E-02
-5.18534390401E-02
-3.09406470966E-02
-1.39275766017E-02
-3.98542961217E-03
-1.24276837369E-03
-3.04263981144E-03
-4.49967859439E-03
-2.91407756589E-03
4.71394900364E-04
5.99957145918E-04
-6.64238268695E-03
-1.68845082494E-02
-1.90700664238E-02
-5.74244696807E-03
1.97985858153E-02
4.45682451253E-02
5.57103064067E-02
5.00535676023E-02
3.57831583458E-02
2.35697450182E-02
1.85986715235E-02
1.95843154060E-02
1.91986286694E-02
1.04563959717E-02
-6.72809085065E-03
-2.68266552389E-02
-4.34540389972E-02
-5.28819370045E-02
-5.68245125348E-02
-6.11527748018E-02
-6.92093421898E-02
-8.07799442897E-02
-9.35504606814E-02
-1.04135418899E-01
-1.08720805657E-01
-1.04821084208E-01
-9.43646882366E-02
-8.42939790015E-02
-8.12513391901E-02
-8.49796443111E-02
-9.01649882151E-02
-9.06792371973E-02
-8.28369402186E-02
-6.85236768802E-02
-5.31819155775E-02
-4.01971287765E-02
-2.81551317763E-02
-1.25562459824E-02
1.25562459824E-02
4.96678808657E-02
9.40647096636E-02
1.34561817013E-01
1.57017355903E-01
1.51874866081E-01
1.20377115920E-01
7.31090636383E-02
2.28840797086E-02
-2.22841225627E-02
-6.15384615385E-02
-9.68930790658E-02
-1.26848082280E-01
-1.44589672166E-01
-1.43004071138E-01
-1.19905721020E-01
-8.06942361260E-02
-3.80115706021E-02
-5.57103064067E-03
9.04221127062E-03
7.67088065138E-03
-5.14248982216E-04
-6.12813370474E-03
-7.02806942361E-03
-6.04242554103E-03
-5.99957145918E-03
-5.82815513178E-03
1.11420612813E-03
2.37840154275E-02
6.47096635955E-02
1.15748875080E-01
1.61731304907E-01
1.87786586672E-01
1.85601028498E-01
1.57103064067E-01
1.13949003643E-01
7.25948146561E-02
4.79108635097E-02
4.70537818727E-02
6.59524319691E-02
9.27362331262E-02
1.16005999571E-01
1.29676451682E-01
1.32590529248E-01
1.25776730234E-01
1.10734947504E-01
9.00792800514E-02
6.79665738162E-02
4.98392971931E-02
4.08827940861E-02
4.30683522606E-02
5.54531819156E-02
7.19520034283E-02
8.14656095993E-02
7.32376258839E-02
4.43539747161E-02
2.48553674738E-03
-3.89115063210E-02
-6.83094064710E-02
-8.11656310264E-02
-7.85943861153E-02
-6.40668523677E-02
-4.17398757232E-02
-1.47418041568E-02
1.39704306835E-02
4.10970644954E-02
6.13241911292E-02
6.81808442254E-02
5.90957788729E-02
3.81401328477E-02
1.45703878294E-02
1.84272551961E-03
1.01135633169E-02
3.96828797943E-02
8.01799871438E-02
1.17163059781E-01
1.39190057853E-01
1.40089993572E-01
1.20077137347E-01
8.85365331048E-02
5.95243196915E-02
4.27255196057E-02
3.78830083565E-02
3.66402399829E-02
3.01264195415E-02
1.63274051853E-02
-1.49989286480E-03
-2.02699807157E-02
-4.03256910221E-02
-6.42382686951E-02
-9.17505892436E-02
-1.17505892436E-01
-1.33361902721E-01
-1.30576387401E-01
-1.04606813799E-01
-6.00814227555E-02
-1.08849367902E-02
2.60124276837E-02
3.87829440754E-02
2.62695521748E-02
-3.89972144847E-03
-3.97257338762E-02
-6.99807156632E-02
-8.89222198414E-02
-9.67645168202E-02
-9.62074137562E-02
-8.96507392329E-02
-8.04799657167E-02
-7.26805228198E-02
-6.90807799443E-02
-7.03235483180E-02
-7.65373901864E-02
-8.81508463681E-02
-1.05035354618E-01
-1.24791086351E-01
-1.43346903793E-01
-1.56417398757E-01
-1.61217055925E-01
-1.58302978359E-01
-1.51574887508E-01
-1.46175273195E-01
-1.46475251768E-01
-1.52989072209E-01
-1.61045639597E-01
-1.63874008999E-01
-1.56845939576E-01
-1.39918577244E-01
-1.16691664881E-01
-9.23934004714E-02
-7.25091064924E-02
-6.14098992929E-02
-6.06813799014E-02
-6.77523034069E-02
-7.82515534605E-02
-8.63081208485E-02
-8.55796014570E-02
-7.28090850654E-02
-4.96678808657E-02
-2.24126848082E-02
1.15706020999E-03
1.31133490465E-02
6.81379901436E-03
-1.86843796872E-02
-5.63102635526E-02
-9.29505035355E-02
-1.14163274052E-01
-1.10692093422E-01
-8.42082708378E-02
-4.48253696165E-02
-3.47118062996E-03
3.34690379259E-02
6.53096207414E-02
9.15791729162E-02
1.08292264838E-01
1.10777801586E-01
9.85215341761E-02
7.73087636597E-02
5.74673237626E-02
5.10392114849E-02
6.71094921791E-02
1.06835226055E-01
1.59074351832E-01
2.05313906150E-01
2.27640882794E-01
2.16027426612E-01
1.70902078423E-01
1.01392757660E-01
2.29697878723E-02
-4.49967859439E-02
-8.39511463467E-02
-8.28369402186E-02
-4.19541461324E-02
2.73409042211E-02
1.05378187272E-01
1.70516391686E-01
2.05871009214E-01
2.05442468395E-01
1.73644739661E-01
1.21791300621E-01
6.48810799229E-02
1.53846153846E-02
-2.01842725520E-02
-4.17827298050E-02
-5.41247053782E-02
-6.30383544033E-02
-7.16091707735E-02
-7.79515748875E-02
-7.97943004071E-02
-7.87658024427E-02
-8.03085493893E-02
-9.14506106707E-02
-1.16948789372E-01
-1.56460252839E-01
-2.04199700021E-01
-2.48810799229E-01
-2.76880222841E-01
-2.80437111635E-01
-2.60381401328E-01
-2.24341118492E-01
-1.81829869295E-01
-1.41375616027E-01
-1.10006428112E-01
-8.86650953503E-02
-7.19091493465E-02
-5.29676451682E-02
-2.68266552389E-02
7.11377758732E-03
4.46110992072E-02
8.15084636812E-02
1.17248767945E-01
1.52346260981E-01
1.85643882580E-01
2.14098992929E-01
2.34711806300E-01
2.46882365545E-01
2.53010499250E-01
2.56053139061E-01
2.57081637026E-01
2.54810370688E-01
2.46796657382E-01
2.31154917506E-01
2.07456610242E-01
1.77158774373E-01
1.42704092565E-01
1.06406685237E-01
7.04521105635E-02
3.53117634455E-02
-2.69980715663E-03
-4.75251767731E-02
-9.89072209128E-02
-1.49689307907E-01
-1.88129419327E-01
-2.03899721448E-01
-1.93143346904E-01
-1.61517034498E-01
-1.21362759803E-01
-8.44225412471E-02
-5.62245553889E-02
-3.28690807799E-02
-3.98542961217E-03
4.02828369402E-02
1.03921148489E-01
1.81744161131E-01
2.61109920720E-01
3.28005142490E-01
3.72401971288E-01
3.92114848939E-01
3.94000428541E-01
3.90357831583E-01
3.91857724448E-01
4.04285408185E-01
4.28155131776E-01
4.59738590101E-01
4.92050567817E-01
5.15534604671E-01
5.22691236340E-01
5.11549175059E-01
4.83222626955E-01
4.40282836940E-01
3.87915148918E-01
3.32847653739E-01
2.83051210628E-01
2.46325262481E-01
2.28283694022E-01
2.30383544033E-01
2.46539532891E-01
2.62866938076E-01
2.62866938076E-01
2.35611742018E-01
1.82044139704E-01
1.13263338333E-01
4.36683094065E-02
-1.52989072209E-02
-5.70387829441E-02
-7.79515748875E-02
-7.85086779516E-02
-6.53096207414E-02
-5.07820869938E-02
-4.89393614742E-02
-6.94664666810E-02
-1.15748875080E-01
-1.86629526462E-01
-2.76623098350E-01
-3.77373044783E-01
-4.76537390186E-01
-5.56803085494E-01
-5.98928647954E-01
-5.88172273409E-01
-5.22519820013E-01
-4.16027426612E-01
-2.94193271909E-01
-1.86972359117E-01
-1.19434326120E-01
-1.03578315835E-01
-1.34433254768E-01
-1.90829226484E-01
-2.45553889008E-01
-2.80094278980E-01
-2.90379258624E-01
-2.84936790229E-01
-2.79451467752E-01
-2.84979644311E-01
-3.00578530105E-01
-3.12449110778E-01
-3.01821298479E-01
-2.54167559460E-01
-1.63874008999E-01
-3.78401542747E-02
1.04649667881E-01
2.39082922648E-01
3.45489607885E-01
4.13499035783E-01
4.41782729805E-01
4.34754660381E-01
4.00214270409E-01
3.49646453825E-01
2.96207413756E-01
2.50439254339E-01
2.18170130705E-01
2.00385686737E-01
1.92929076495E-01
1.88729376473E-01
1.81958431541E-01
1.70087850868E-01
1.58131562031E-01
1.56631669166E-01
1.72487679451E-01
2.03085493893E-01
2.38311549175E-01
2.67280908507E-01
2.81679880009E-01
2.77137347332E-01
2.56610242126E-01
2.29355046068E-01
2.05185343904E-01
1.90229269338E-01
1.84529676452E-01
1.83758302978E-01
1.81915577459E-01
1.70644953932E-01
1.38890079280E-01
7.57231626312E-02
-2.42125562460E-02
-1.56674523248E-01
-3.08420827084E-01
-4.62609813585E-01
-6.01842725520E-01
-7.11034926077E-01
-7.80415684594E-01
-8.09727876580E-01
-8.09513606171E-01
-7.97085922434E-01
-7.88643668309E-01
-7.93400471395E-01
-8.12941932719E-01
-8.43668309406E-01
-8.81765588172E-01
-9.25476751661E-01
-9.70430683523E-01
-1.00000000000E+00
-9.86843796872E-01
-9.10349260767E-01
-7.69530747804E-01
-5.85301049925E-01
-3.91729162203E-01
-2.21984143990E-01
-9.87786586672E-02
-2.90979215770E-02
-3.68545103921E-03
-4.32826226698E-03
-1.04563959717E-02
-2.91407756589E-03
3.24833940433E-02
1.01521319906E-01
2.00642811228E-01
3.19434326120E-01
4.44739661453E-01
5.63102635526E-01
6.64066852368E-01
7.41375616027E-01
7.93271909149E-01
8.23441182773E-01
8.36725948147E-01
8.36468823655E-01
8.22669809299E-01
7.92671952003E-01
7.44461109921E-01
6.80951360617E-01
6.12084851082E-01
5.52346260981E-01
5.15106063853E-01
5.07735161774E-01
5.27705163917E-01
5.64516820227E-01
6.06042425541E-01
6.40497107349E-01
6.55753160489E-01
6.45468180844E-01
6.10070709235E-01
5.53246196700E-01
4.81594171845E-01
4.03128347975E-01
3.25433897579E-01
2.53567602314E-01
1.90143561174E-01
1.34990357832E-01
8.44225412471E-02
3.33404756803E-02
-2.28840797086E-02
-8.72080565674E-02
-1.55988857939E-01
-2.18512963360E-01
-2.63852581958E-01
-2.86179558603E-01
-2.86565245340E-01
-2.72294836083E-01
-2.52753374759E-01
-2.33426183844E-01
-2.14141847011E-01
-1.91214913220E-01
-1.60488536533E-01
-1.19862866938E-01
-7.22519820013E-02
-2.62695521748E-02
7.32804799657E-03
2.00128562246E-02
1.03278337262E-02
-1.28990786372E-02
-3.48403685451E-02
-3.96400257124E-02
-1.52560531391E-02
3.91257767302E-02
1.13391900579E-01
1.92200557103E-01
2.59652881937E-01
3.01349903578E-01
3.05421041354E-01
2.63981144204E-01
1.76387400900E-01
5.19391472038E-02
-9.11934861796E-02
-2.30426398114E-01
-3.44203985430E-01
-4.17270194986E-01
-4.43582601243E-01
-4.26440968502E-01
-3.76730233555E-01
-3.11163488322E-01
-2.50224983930E-01
-2.12556245982E-01
-2.07028069424E-01
-2.30254981787E-01
-2.71480608528E-01
-3.16777373045E-01
-3.52946218127E-01
-3.71887722306E-01
-3.73344761088E-01
-3.62631240626E-01
-3.46218127277E-01
-3.28562245554E-01
-3.11034926077E-01
-2.93507606600E-01
-2.76580244268E-01
-2.62309835012E-01
-2.54253267624E-01
-2.55067495179E-01
-2.66123848297E-01
-2.86608099421E-01
-3.14720377116E-01
-3.48146560960E-01
-3.83886865224E-01
-4.18984358260E-01
-4.49925005357E-01
-4.66552389115E-01
-4.51510606385E-01
-3.89500749946E-01
-2.77565888151E-01
-1.28947932291E-01
2.99121491322E-02
1.68330833512E-01
2.62438397257E-01
3.01521319906E-01
2.88150846368E-01
2.35826012428E-01
1.65545318192E-01
9.84358260124E-02
4.91964859653E-02
2.37840154275E-02
2.18984358260E-02
3.80544246840E-02
6.33383329762E-02
8.71652024855E-02
9.94643239769E-02
9.18362974073E-02
5.93529033640E-02
-4.71394900364E-04
-8.49796443111E-02
-1.85429612171E-01
-2.90722091279E-01
-3.89072209128E-01
-4.68823655453E-01
-5.22048425112E-01
-5.45618170131E-01
-5.41675594600E-01
-5.17934433255E-01
-4.86865223913E-01
-4.60767088065E-01
-4.45425326762E-01
-4.38268695093E-01
-4.30212127705E-01
-4.10327833726E-01
-3.71159202914E-01
-3.11292050568E-01
-2.34497535890E-01
-1.47289479323E-01
-5.64816798800E-02
3.18834368974E-02
1.15020355689E-01
1.94514677523E-01
2.73494750375E-01
3.52731947718E-01
4.28883651168E-01
4.97150203557E-01
5.52517677309E-01
5.90614956075E-01
6.08185129634E-01
6.03814013285E-01
5.80372830512E-01
5.47203771159E-01
5.14977501607E-01
4.91750589244E-01
4.80351403471E-01
4.78080137133E-01
4.78037283051E-01
4.70066423827E-01
4.43282622670E-01
3.91214913220E-01
3.12406256696E-01
2.10927790872E-01
9.60359974288E-02
-2.21984143990E-02
-1.35376044568E-01
-2.36854510392E-01
-3.20934218984E-01
-3.81401328477E-01
-4.12513391901E-01
-4.11999142918E-01
-3.83544032569E-01
-3.35461752732E-01
-2.79065781016E-01
-2.26826655239E-01
-1.87143775445E-01
-1.59202914078E-01
-1.34390400686E-01
-1.00664238269E-01
-4.69680737090E-02
3.14977501607E-02
1.30790657810E-01
2.39468609385E-01
3.42446968074E-01
4.23098350118E-01
4.67066638097E-01
4.68652239126E-01
4.32054853225E-01
3.66488107992E-01
2.85279622884E-01
2.01971287765E-01
1.26933790444E-01
6.68952217699E-02
2.54553246197E-02
3.25691022070E-03
-9.85643882580E-04
1.00278551532E-02
3.06406685237E-02
5.17248767945E-02
6.30812084851E-02
5.60102849796E-02
2.63124062567E-02
-2.41697021641E-02
-8.90936361688E-02
-1.58045853868E-01
-2.19284336833E-01
-2.63424041140E-01
-2.85708163703E-01
-2.86865223913E-01
-2.69809299336E-01
-2.38182986930E-01
-1.96314548961E-01
-1.48917934433E-01
-1.02164131133E-01
-6.32526248125E-02
-3.72401971288E-02
-2.54981787015E-02
-2.53267623741E-02
-3.04692521963E-02
-3.29547889436E-02
-2.36125991001E-02
3.64259695736E-03
4.73966145275E-02
9.95500321406E-02
1.46775230341E-01
1.73259052925E-01
1.65502464110E-01
1.18834368974E-01
4.09256481680E-02
-5.14248982216E-02
-1.38890079280E-01
-2.08099421470E-01
-2.53696164560E-01
-2.74523248339E-01
-2.73109063638E-01
-2.55581744161E-01
-2.29012213413E-01
-2.00257124491E-01
-1.75744589672E-01
-1.61217055925E-01
-1.61174201843E-01
-1.76215984573E-01
-2.01414184701E-01
-2.28197985858E-01
-2.46839511463E-01
-2.45939575745E-01
-2.14570387829E-01
-1.47375187487E-01
-4.72251982001E-02
7.42232697664E-02
1.99057210199E-01
3.06192414828E-01
3.78058710092E-01
4.06385258196E-01
3.95071780587E-01
3.57445896722E-01
3.10734947504E-01
2.71480608528E-01
2.52667666595E-01
2.59824298264E-01
2.89136490251E-01
3.28947932291E-01
3.64345403900E-01
3.81658452968E-01
3.72316263124E-01
3.34047568031E-01
2.69937861581E-01
1.86286693808E-01
9.17505892436E-02
-2.52839082923E-03
-8.52796228841E-02
-1.45918148704E-01
-1.75744589672E-01
-1.72187700879E-01
-1.43261195629E-01
-1.05163916863E-01
-7.63659738590E-02
-7.09663595457E-02
-9.31219198629E-02
-1.35590314978E-01
-1.82644096850E-01
-2.15213199057E-01
-2.20012856225E-01
-1.96185986715E-01
-1.51446325262E-01
-9.65073923291E-02
-4.31112063424E-02
1.71416327405E-03
3.82258410114E-02
7.25091064924E-02
1.10134990358E-01
1.52131990572E-01
1.93957574459E-01
2.27169487894E-01
2.44911077780E-01
2.46325262481E-01
2.35911720591E-01
2.21898435826E-01
2.14056138847E-01
2.20569959289E-01
2.44139704307E-01
2.82194128991E-01
3.28219412899E-01
3.72830512106E-01
4.04885365331E-01
4.13627598029E-01
3.92843368331E-01
3.41847010928E-01
2.65438182987E-01
1.72659095779E-01
7.47375187487E-02
-1.58988643668E-02
-8.75937433040E-02
-1.34990357832E-01
-1.58860081423E-01
-1.65073923291E-01
-1.63316905935E-01
-1.64688236555E-01
-1.77930147847E-01
-2.07328047997E-01
-2.49625026784E-01
-2.94364688237E-01
-3.29676451682E-01
-3.48360831369E-01
-3.48832226270E-01
-3.34304692522E-01
-3.10649239340E-01
-2.85365331048E-01
-2.63552603385E-01
-2.45982429826E-01
-2.32183415470E-01
-2.21898435826E-01
-2.15684593958E-01
-2.14570387829E-01
-2.19155774588E-01
-2.30297835869E-01
-2.45982429826E-01
-2.60038568674E-01
-2.63981144204E-01
-2.50996357403E-01
-2.19841439897E-01
-1.75830297836E-01
-1.28519391472E-01
-9.05078208699E-02
-7.36661667024E-02
-8.29226483823E-02
-1.15234626098E-01
-1.61945575316E-01
-2.11570602100E-01
-2.53696164560E-01
-2.81637025927E-01
-2.92950503535E-01
-2.89050782087E-01
-2.73409042211E-01
-2.46968073709E-01
-2.09342189844E-01
-1.62502678380E-01
-1.11077780159E-01
-6.16670237840E-02
-2.11270623527E-02
4.92821941290E-03
1.46132419113E-02
1.13134776087E-02
3.08549389329E-03
-9.42789800729E-04
5.14248982216E-03
2.27555174630E-02
4.79108635097E-02
7.31947718020E-02
9.17505892436E-02
9.86500964217E-02
9.30790657810E-02
7.88943646882E-02
6.26526676666E-02
5.06106706664E-02
4.82965502464E-02
5.85815298907E-02
7.95371759160E-02
1.05849582173E-01
1.31262052711E-01
1.50760659953E-01
1.63402614099E-01
1.70559245768E-01
1.73901864153E-01
1.74716091708E-01
1.72873366188E-01
1.67945146775E-01
1.62331262053E-01
1.61688450825E-01
1.72230554960E-01
1.97171630598E-01
2.35954574673E-01
2.84336833083E-01
3.34947503750E-01
3.77973001928E-01
4.04713949004E-01
4.10199271481E-01
3.95286050996E-01
3.65545318192E-01
3.29119348618E-01
2.94236125991E-01
2.68052281980E-01
2.55238911506E-01
2.57810156417E-01
2.75251767731E-01
3.04692521963E-01
3.41761302764E-01
3.80029997857E-01
4.12770516392E-01
4.34111849154E-01
4.39854296122E-01
4.28112277694E-01
3.96100278552E-01
3.40389972145E-01
2.61152774802E-01
1.65588172273E-01
6.69380758517E-02
-1.84701092779E-02
-7.43518320120E-02
-9.20077137347E-02
-7.64088279409E-02
-4.15256053139E-02
-3.47118062996E-03
2.38697235912E-02
2.99550032141E-02
1.13563316906E-02
-2.69552174845E-02
-7.46089565031E-02
-1.17977287337E-01
-1.46046710949E-01
-1.54146132419E-01
-1.43004071138E-01
-1.19262909792E-01
-9.26505249625E-02
-7.26805228198E-02
-6.57810156417E-02
-7.39232911935E-02
-9.51789157917E-02
-1.24576815942E-01
-1.55560317120E-01
-1.83115491751E-01
-2.04542532676E-01
-2.19155774588E-01
-2.28026569531E-01
-2.33469037926E-01
-2.37368759374E-01
-2.41268480823E-01
-2.45468180844E-01
-2.49539318620E-01
-2.51424898222E-01
-2.47482322691E-01
-2.35997428755E-01
-2.16070280694E-01
-1.88300835655E-01
-1.56803085494E-01
-1.27919434326E-01
-1.07820869938E-01
-9.95500321406E-02
-1.01949860724E-01
-1.11249196486E-01
-1.24191129205E-01
-1.38804371116E-01
-1.52860509964E-01
-1.64945361046E-01
-1.74073280480E-01
-1.76730233555E-01
-1.68459395757E-01
-1.47718020141E-01
-1.18105849582E-01
-8.57510177844E-02
-5.85815298907E-02
-4.29826440969E-02
-4.18255838869E-02
-5.31819155775E-02
-7.03664023998E-02
-8.46368116563E-02
-8.94364688237E-02
-8.25369616456E-02
-6.65952431969E-02
-4.85965288194E-02
-3.82686950932E-02
-4.33254767517E-02
-6.50096421684E-02
-9.88643668309E-02
-1.37390186415E-01
-1.68716520249E-01
-1.81829869295E-01
-1.70987786587E-01
-1.37861581316E-01
-9.08077994429E-02
-3.93400471395E-02
8.78508677952E-03
4.84679665738E-02
7.86372401971E-02
1.01221341333E-01
1.19948575102E-01
1.38761517034E-01
1.60274266124E-01
1.85343904007E-01
2.12899078637E-01
2.41439897150E-01
2.69209342190E-01
2.92436254553E-01
3.06363831155E-01
3.09149346475E-01
2.99892864795E-01
2.79194343261E-01
2.50739232912E-01
2.19370044997E-01
1.89415041783E-01
1.64516820227E-01
1.46346689522E-01
1.35804585387E-01
1.33061924148E-01
1.38032997643E-01
1.47546603814E-01
1.56417398757E-01
1.59760017142E-01
1.54617527319E-01
1.41161345618E-01
1.21405613885E-01
9.81358474395E-02
7.55946003857E-02
5.91386329548E-02
5.31390614956E-02
6.06813799014E-02
8.17655881723E-02
1.12706235269E-01
1.49775016070E-01
1.89457895865E-01
2.26612384830E-01
2.54510392115E-01
2.65781015642E-01
2.55153203343E-01
2.22541247054E-01
1.73687593743E-01
1.18320119991E-01
6.61667023784E-02
2.57553031926E-02
2.95693164774E-03
-2.18555817442E-03
4.28540818513E-03
1.52131990572E-02
2.35268909364E-02
2.38268695093E-02
1.49132204843E-02
3.85686736662E-04
-1.43132633383E-02
-2.66552389115E-02
-3.66830940647E-02
-4.54681808442E-02
-5.53246196700E-02
-6.97664452539E-02
-9.02506963788E-02
-1.15791729162E-01
-1.43218341547E-01
-1.66788086565E-01
-1.81315620313E-01
-1.85472466252E-01
-1.82558388687E-01
-1.79601457039E-01
-1.83972573388E-01
-2.00214270409E-01
-2.28497964431E-01
-2.64409685022E-01
-2.99250053568E-01
-3.23119777159E-01
-3.29076494536E-01
-3.14634668952E-01
-2.83094064710E-01
-2.41097064495E-01
-1.96914506107E-01
-1.59460038569E-01
-1.36704521106E-01
-1.31819155775E-01
-1.41889865010E-01
-1.59845725305E-01
-1.76344546818E-01
-1.83758302978E-01
-1.79087208057E-01
-1.63531176345E-01
-1.41032783373E-01
-1.15963145490E-01
-9.15791729162E-02
-6.77523034069E-02
-4.16113134776E-02
-1.08420827084E-02
2.21555603171E-02
5.09535033212E-02
6.89093636169E-02
7.20805656739E-02
6.05956717377E-02
3.91686308121E-02
1.65416755946E-02
2.65695307478E-03
3.34261838440E-03
1.88557960146E-02
4.65823869724E-02
8.22798371545E-02
1.19820012856E-01
1.53203342618E-01
1.76430254982E-01
1.84315406042E-01
1.72659095779E-01
1.38118705807E-01
8.39511463467E-02
2.15127490894E-02
-3.38547246625E-02
-6.79665738162E-02
-7.26376687379E-02
-4.82536961646E-02
-5.14248982216E-03
3.92114848939E-02
6.62095564603E-02
6.46668095136E-02
3.34261838440E-02
-1.98842939790E-02
-8.17227340904E-02
-1.36875937433E-01
-1.72573387615E-01
-1.83586886651E-01
-1.73216198843E-01
-1.49389329334E-01
-1.19905721020E-01
-9.10220698522E-02
-6.62524105421E-02
-4.70109277909E-02
-3.25262481251E-02
-2.05699592886E-02
-8.22798371545E-03
6.59952860510E-03
2.48125133919E-02
4.43968287979E-02
6.12384829655E-02
7.22519820013E-02
7.63659738590E-02
7.56374544675E-02
7.51232054853E-02
8.05228197986E-02
9.45789586458E-02
1.16305978144E-01
1.40561388472E-01
1.58688665095E-01
1.61688450825E-01
1.43132633383E-01
1.03192629098E-01
5.05249625027E-02
-4.71394900364E-04
-3.50974930362E-02
-4.32397685880E-02
-2.28412256267E-02
1.71844868224E-02
6.21812727662E-02
9.86500964217E-02
1.16477394472E-01
1.11292050568E-01
8.54938932933E-02
4.58967216627E-02
1.28562245554E-03
-3.98971502036E-02
-7.27233769016E-02
-9.66359545747E-02
-1.12749089351E-01
-1.23376901650E-01
-1.29890722091E-01
-1.31776301693E-01
-1.28819370045E-01
-1.22691236340E-01
-1.15320334262E-01
-1.07520891365E-01
-9.80501392758E-02
-8.62652667667E-02
-7.29376473109E-02
-5.93529033640E-02
-4.79965716735E-02
-4.24255410328E-02
-4.65823869724E-02
-6.02099850011E-02
-7.81229912149E-02
-9.29076494536E-02
-9.84358260124E-02
-9.39361474180E-02
-8.35226055282E-02
-7.37947289479E-02
-7.10092136276E-02
-7.84658238697E-02
-9.47932290551E-02
-1.14077565888E-01
-1.29333619027E-01
-1.36018855796E-01
-1.33661881294E-01
-1.24833940433E-01
-1.12791943433E-01
-9.80929933576E-02
-7.91943432612E-02
-5.36961645597E-02
-2.06556674523E-02
1.67988000857E-02
5.31390614956E-02
8.19370044997E-02
9.85215341761E-02
1.01821298479E-01
9.44075423184E-02
8.30083565460E-02
7.69230769231E-02
8.38225841011E-02
1.05978144418E-01
1.40261409899E-01
1.79387186630E-01
2.16113134776E-01
2.45596743090E-01
2.65738161560E-01
2.75337475895E-01
2.74823226912E-01
2.64452539104E-01
2.45296764517E-01
2.20098564388E-01
1.91129205057E-01
1.60059995715E-01
1.27748017999E-01
9.53931862010E-02
6.52239125777E-02
4.08399400043E-02
2.52839082923E-02
1.79558602957E-02
1.49560745661E-02
1.23419755732E-02
6.21384186844E-03
-6.29955003214E-03
-2.60124276837E-02
-5.01821298479E-02
-7.45661024213E-02
-9.44075423184E-02
-1.06063852582E-01
-1.09920719949E-01
-1.09620741376E-01
-1.07949432183E-01
-1.06063852582E-01
-1.02806942361E-01
-9.42789800729E-02
-7.90229269338E-02
-5.78530104993E-02
-3.23976858796E-02
-5.74244696807E-03
1.86843796872E-02
3.93829012213E-02
5.74244696807E-02
7.40089993572E-02
9.03364045425E-02
1.07778015856E-01
1.25605313906E-01
1.42532676237E-01
1.58817227341E-01
1.73773301907E-01
1.84743946861E-01
1.90743518320E-01
1.92029140776E-01
1.87958003000E-01
1.78272980501E-01
1.64088279409E-01
1.45275337476E-01
1.20934218984E-01
9.28647953718E-02
6.47953717592E-02
4.01114206128E-02
2.27983715449E-02
1.51274908935E-02
1.55988857939E-02
1.94128990786E-02
2.11699164345E-02
1.66702378402E-02
2.57124491108E-03
-2.16413113349E-02
-5.11249196486E-02
-7.88515106064E-02
-9.96357403043E-02
-1.11163488322E-01
-1.13434754660E-01
-1.07863724020E-01
-9.58217270195E-02
-7.90229269338E-02
-5.96528819370E-02
-4.05399614313E-02
-2.62695521748E-02
-2.19412899079E-02
-3.05978144418E-02
-5.22819798586E-02
-8.29226483823E-02
-1.16691664881E-01
-1.47460895650E-01
-1.68587958003E-01
-1.74587529462E-01
-1.63659738590E-01
-1.39704306835E-01
-1.10434968931E-01
-8.33083351189E-02
-6.43668309406E-02
-5.72101992715E-02
-6.03814013285E-02
-6.93379044354E-02
-7.97943004071E-02
-8.92221984144E-02
-9.53931862010E-02
-9.65931004928E-02
-9.15791729162E-02
-7.93657595886E-02
-5.91814870366E-02
-3.19691450611E-02
1.28562245554E-04
3.22262695522E-02
5.68673666167E-02
6.93379044354E-02
7.01949860724E-02
6.33383329762E-02
5.45103921148E-02
4.94536104564E-02
5.13391900579E-02
5.87529462181E-02
6.69380758517E-02
7.14377544461E-02
7.06235268909E-02
6.65095350332E-02
6.41097064495E-02
6.77951574888E-02
7.88086565245E-02
9.53074780373E-02
1.13391900579E-01
1.27662309835E-01
1.31733447611E-01
1.22562674095E-01
1.02849796443E-01
7.91514891793E-02
6.00814227555E-02
5.23248339404E-02
5.95243196915E-02
8.00085708164E-02
1.05806728091E-01
1.26033854725E-01
1.32676237412E-01
1.22134133276E-01
9.58217270195E-02
6.07242339833E-02
2.62695521748E-02
4.71394900364E-04
-1.36275980287E-02
-1.62845511035E-02
-9.68502249839E-03
2.44268266552E-03
1.58988643668E-02
2.73837583030E-02
3.45403899721E-02
3.65116777373E-02
3.17120205700E-02
1.91129205057E-02
-8.14227555175E-04
-2.69123634026E-02
-5.71244911078E-02
-8.84079708592E-02
-1.16048853653E-01
-1.34604671095E-01
-1.40004285408E-01
-1.31433469038E-01
-1.11634883223E-01
-8.42939790015E-02
-5.42104135419E-02
-2.92264838226E-02
-1.56845939576E-02
-1.61131347761E-02
-2.90979215770E-02
-5.04821084208E-02
-7.49517891579E-02
-9.67645168202E-02
-1.09963574030E-01
-1.11677737304E-01
-1.03321191343E-01
-8.92650524963E-02
-7.40518534390E-02
-6.09813584744E-02
-5.31390614956E-02
-5.24533961860E-02
-5.78530104993E-02
-6.51810584958E-02
-6.99807156632E-02
-6.97235911721E-02
-6.31240625670E-02
-5.07392329119E-02
-3.48832226270E-02
-1.97985858153E-02
-1.09277908721E-02
-1.19991429184E-02
-2.22412684808E-02
-3.64259695736E-02
-4.98821512749E-02
-6.05956717377E-02
-6.83951146347E-02
-7.34518962931E-02
-7.67088065138E-02
-7.83801157060E-02
-7.59374330405E-02
-6.50524962503E-02
-4.34111849154E-02
-1.38418684380E-02
1.70987786587E-02
4.20398542961E-02
5.45103921148E-02
5.25391043497E-02
4.04971073495E-02
2.70837797300E-02
2.13841868438E-02
2.91407756589E-02
5.04821084208E-02
8.06513820441E-02
1.12277694450E-01
1.38504392543E-01
1.55046068138E-01
1.59974287551E-01
1.55088922220E-01
1.43861152775E-01
1.28133704735E-01
1.08592243411E-01
8.75080351403E-02
6.88665095350E-02
5.79387186630E-02
5.86672380544E-02
7.14806085280E-02
9.24791086351E-02
1.14077565888E-01
1.27662309835E-01
1.26205271052E-01
1.07092350546E-01
7.43089779301E-02
3.63831154918E-02
1.75701735590E-03
-2.25841011356E-02
-3.32119134348E-02
-3.03835440326E-02
-1.61131347761E-02
5.31390614956E-03
2.83265481037E-02
4.75251767731E-02
5.83244053996E-02
5.82386972359E-02
4.70109277909E-02
2.65266766660E-02
2.14270409256E-04
-2.59267195200E-02
-4.30683522606E-02
-4.33254767517E-02
-2.53696164560E-02
7.07092350546E-03
4.62395543175E-02
8.10370687808E-02
1.00749946432E-01
9.87786586672E-02
7.59802871223E-02
4.16541675595E-02
8.35654596100E-03
-1.41847010928E-02
-2.30983501178E-02
-2.23698307264E-02
-1.92414827512E-02
-1.99700021427E-02
-2.75980287122E-02
-4.09685022498E-02
-5.65245339619E-02
-7.09235054639E-02
-8.23655453182E-02
-9.29076494536E-02
-1.06920934219E-01
-1.26933790444E-01
-1.52089136490E-01
-1.77287336619E-01
-1.95628883651E-01
-2.03599742876E-01
-1.99357188772E-01
-1.83415470324E-01
-1.59931433469E-01
-1.34904649668E-01
-1.13863295479E-01
-9.98500107135E-02
-9.24362545532E-02
-8.84508249411E-02
-8.56224555389E-02
-8.27940861367E-02
-8.00514248982E-02
-7.77801585601E-02
-7.70516391686E-02
-7.79944289694E-02
-7.83372616242E-02
-7.46089565031E-02
-6.55238911506E-02
-5.29247910864E-02
-4.04113991858E-02
-3.08977930148E-02
-2.72551960574E-02
-3.23548317977E-02
-4.46110992072E-02
-5.92243411185E-02
-7.16520248554E-02
-7.88086565245E-02
-8.00085708164E-02
-7.76944503964E-02
-7.49517891579E-02
-7.39232911935E-02
-7.60231412042E-02
-8.05228197986E-02
-8.44225412471E-02
-8.46796657382E-02
-7.94514677523E-02
-6.80522819799E-02
-5.03964002571E-02
-2.72123419756E-02
-1.02849796443E-03
2.34411827727E-02
4.18255838869E-02
5.25391043497E-02
5.52817655882E-02
5.00107135205E-02
3.86972359117E-02
2.52839082923E-02
1.40989929291E-02
8.09942146990E-03
9.25648167988E-03
1.95414613242E-02
3.87400899936E-02
6.27383758303E-02
8.54081851296E-02
1.01349903578E-01
1.06963788301E-01
1.01178487251E-01
8.68652239126E-02
7.00235697450E-02
5.69102206985E-02
5.16391686308E-02
5.45532461967E-02
6.30383544033E-02
7.27233769016E-02
7.93229055067E-02
8.07370902078E-02
7.77373044783E-02
7.36233126205E-02
7.23376901650E-02
7.57231626312E-02
8.32654810371E-02
9.24362545532E-02
1.00878508678E-01
1.07049496465E-01
1.09920719949E-01
1.08849367902E-01
1.03749732162E-01
9.49646453825E-02
8.24512534819E-02
6.74094707521E-02
5.29676451682E-02
4.25969573602E-02
3.90400685665E-02
4.16541675595E-02
4.74823226912E-02
5.22819798586E-02
5.14248982216E-02
4.15256053139E-02
2.18127276623E-02
-5.27105206771E-03
-3.46689522177E-02
-6.11527748018E-02
-8.02656953075E-02
-8.89650739233E-02
-8.64366830941E-02
-7.52089136490E-02
-5.91386329548E-02
-4.03256910221E-02
-2.17270194986E-02
-6.64238268695E-03
2.44268266552E-03
4.84251124920E-03
1.62845511035E-03
-5.27105206771E-03
-1.22134133276E-02
-1.63702592672E-02
-1.44418255839E-02
-5.18534390401E-03
9.51360617099E-03
2.69123634026E-02
4.39254338976E-02
5.74244696807E-02
6.49667880866E-02
6.57381615599E-02
5.96528819370E-02
4.66252410542E-02
2.77265909578E-02
5.35676023141E-03
-1.82986929505E-02
-4.02399828584E-02
-5.72959074352E-02
-6.73666166702E-02
-7.05378187272E-02
-6.86522391258E-02
-6.42811227769E-02
-6.17527319477E-02
-6.50524962503E-02
-7.49089350761E-02
-8.92650524963E-02
-1.05549603600E-01
-1.20848510821E-01
-1.32033426184E-01
-1.37047353760E-01
-1.35118920077E-01
-1.27190914935E-01
-1.15663166917E-01
-1.01092779087E-01
-8.36083136919E-02
-6.47525176773E-02
-4.53396185987E-02
-2.53696164560E-02
-7.62802656953E-03
3.68545103921E-03
5.44246839511E-03
-3.08549389329E-03
-2.00557103064E-02
-4.23398328691E-02
-6.49239340047E-02
-8.29226483823E-02
-9.30790657810E-02
-9.26933790444E-02
-8.01371330619E-02
-5.71244911078E-02
-2.79408613670E-02
2.05699592886E-03
2.73409042211E-02
4.33683308335E-02
4.73966145275E-02
3.88257981573E-02
2.02271266338E-02
-3.17120205700E-03
-2.56695950289E-02
-4.20398542961E-02
-4.78251553460E-02
-4.09685022498E-02
-2.25841011356E-02
3.68545103921E-03
3.20119991429E-02
5.60102849796E-02
7.06235268909E-02
7.28519391472E-02
6.29955003214E-02
4.52539104350E-02
2.58410113563E-02
9.85643882580E-03
1.28562245554E-03
1.19991429184E-03
6.55667452325E-03
1.43561174202E-02
2.24983929719E-02
2.93979001500E-02
3.41547032355E-02
3.66402399829E-02
3.74544675380E-02
3.68973644740E-02
3.58688665095E-02
3.66402399829E-02
4.09256481680E-02
4.95821727019E-02
6.36383115492E-02
8.17227340904E-02
1.00578530105E-01
1.17334476109E-01
1.29419327191E-01
1.35718877223E-01
1.37518748661E-01
1.37475894579E-01
1.38032997643E-01
1.40947075209E-01
1.47375187487E-01
1.56460252839E-01
1.65588172273E-01
1.72830512106E-01
1.76815941718E-01
1.76644525391E-01
1.72401971288E-01
1.63916863081E-01
1.51789157917E-01
1.38632954789E-01
1.27062352689E-01
1.18362974073E-01
1.12320548532E-01
1.08420827084E-01
1.06106706664E-01
1.03321191343E-01
9.72359117206E-02
8.70794943218E-02
7.33661881294E-02
5.69959288622E-02
3.92114848939E-02
2.27555174630E-02
1.11849153632E-02
5.99957145918E-03
5.99957145918E-03
9.64216841654E-03
1.61131347761E-02
2.45982429826E-02
3.21405613885E-02
3.45403899721E-02
3.06835226055E-02
2.14270409256E-02
7.92800514249E-03
-7.07092350546E-03
-1.96271694879E-02
-2.57981572745E-02
-2.18984358260E-02
-7.32804799657E-03
1.37133061924E-02
3.47546603814E-02
4.93250482108E-02
5.27533747589E-02
4.35397471609E-02
2.30983501178E-02
-4.97107349475E-03
-3.52260552818E-02
-6.10242125562E-02
-7.58088707949E-02
-7.70944932505E-02
-6.66380972788E-02
-4.80822798372E-02
-2.61838440111E-02
-7.07092350546E-03
3.64259695736E-03
4.75680308549E-03
-9.85643882580E-04
-9.72787658024E-03
-1.82558388687E-02
-2.31840582816E-02
-2.15984572531E-02
-1.31990572102E-02
7.28519391472E-04
1.85129633598E-02
3.67688022284E-02
5.32676237412E-02
6.70666380973E-02
7.64945361046E-02
8.00085708164E-02
7.70516391686E-02
6.85236768802E-02
5.77673023355E-02
4.84679665738E-02
4.16113134776E-02
3.69830726377E-02
3.35976001714E-02
2.93121919863E-02
2.17270194986E-02
1.01992714806E-02
-4.07113777587E-03
-1.84701092779E-02
-3.01692736233E-02
-3.73687593743E-02
-4.00257124491E-02
-4.00685665310E-02
-4.10970644954E-02
-4.50396400257E-02
-5.12106278123E-02
-5.75530319263E-02
-6.25669595029E-02
-6.61238482966E-02
-6.92950503535E-02
-7.25519605742E-02
-7.52089136490E-02
-7.78658667238E-02
-8.18941504178E-02
-8.68652239126E-02
-9.20077137347E-02
-9.76215984573E-02
-1.02935504607E-01
-1.05592457682E-01
-1.04178272981E-01
-9.91214913220E-02
-9.12363402614E-02
-8.17655881723E-02
-7.16520248554E-02
-6.22669809299E-02
-5.45961002786E-02
-4.82108420827E-02
-4.25969573602E-02
-3.73259052925E-02
-3.21834154703E-02
-2.77694450396E-02
-2.48125133919E-02
-2.31412041997E-02
-2.14270409256E-02
-1.77844439683E-02
-1.18277265910E-02
-5.69959288622E-03
-2.65695307478E-03
-5.14248982216E-03
-1.39275766017E-02
-2.84979644311E-02
-4.65823869724E-02
-6.46239554318E-02
-7.84229697879E-02
-8.62652667667E-02
-8.85793871866E-02
-8.64366830941E-02
-8.00942789801E-02
-7.14377544461E-02
-6.29955003214E-02
-5.64816798800E-02
-5.33533319049E-02
-5.40389972145E-02
-5.84529676452E-02
-6.70237840154E-02
-7.95800299979E-02
-9.43646882366E-02
-1.08420827084E-01
-1.19048639383E-01
-1.24833940433E-01
-1.25733876152E-01
-1.22134133276E-01
-1.15577458753E-01
-1.08635097493E-01
-1.03235483180E-01
-1.00921362760E-01
-1.02635526034E-01
-1.08206556675E-01
-1.15106063853E-01
-1.20205699593E-01
-1.20891364903E-01
-1.16477394472E-01
-1.07820869938E-01
-9.69787872295E-02
-8.70366402400E-02
-8.14227555175E-02
-8.23226912363E-02
-8.89650739233E-02
-9.94643239769E-02
-1.11077780159E-01
-1.19434326120E-01
-1.21191343475E-01
-1.15706020999E-01
-1.05549603600E-01
-9.57788729376E-02
-9.14077565888E-02
-9.44075423184E-02
-1.04606813799E-01
-1.19862866938E-01
-1.36833083351E-01
-1.51574887508E-01
-1.59845725305E-01
-1.59631454896E-01
-1.51060638526E-01
-1.35247482323E-01
-1.14377544461E-01
-9.20505678166E-02
-7.26805228198E-02
-5.93100492822E-02
-5.28390829226E-02
-5.20248553675E-02
-5.39532890508E-02
-5.43818298693E-02
-4.95393186201E-02
-3.80115706021E-02
-2.14270409256E-02
-2.61409899293E-03
1.63702592672E-02
3.41975573173E-02
5.00535676023E-02
6.47096635955E-02
8.05228197986E-02
9.86500964217E-02
1.17805871009E-01
1.35504606814E-01
1.49817870152E-01
1.59588600814E-01
1.64131133490E-01
1.63702592672E-01
1.59460038569E-01
1.53374758946E-01
1.47889436469E-01
1.44075423184E-01
1.42318405828E-01
1.42446968074E-01
1.43604028284E-01
1.44289693593E-01
1.43775444611E-01
1.42575530319E-01
1.41118491536E-01
1.40304263981E-01
1.39704306835E-01
1.38890079280E-01
1.38890079280E-01
1.40047139490E-01
1.41932719091E-01
1.43218341547E-01
1.42061281337E-01
1.37004499679E-01
1.26762374116E-01
1.10949217913E-01
9.06792371973E-02
6.90807799443E-02
5.04392543390E-02
3.90829226484E-02
3.85258195843E-02
4.85965288194E-02
6.50096421684E-02
8.26655238912E-02
9.61217055925E-02
1.01007070924E-01
9.55646025284E-02
8.12513391901E-02
6.22241268481E-02
4.38825798157E-02
3.05121062781E-02
2.47696593100E-02
2.83694021856E-02
4.10542104135E-02
5.88815084637E-02
7.61517034498E-02
8.78508677952E-02
9.21791300621E-02
8.94364688237E-02
8.06085279623E-02
6.76665952432E-02
5.51532033426E-02
4.71394900364E-02
4.33254767517E-02
4.25112491965E-02
4.42254124705E-02
4.72680522820E-02
4.93679022927E-02
4.74394686094E-02
4.03256910221E-02
2.87122348404E-02
1.40132847654E-02
-1.88557960146E-03
-1.58131562031E-02
-2.38697235912E-02
-2.62695521748E-02
-2.63124062567E-02
-2.63981144204E-02
-2.82408399400E-02
-3.25262481251E-02
-3.89972144847E-02
-4.70966359546E-02
-5.48103706878E-02
-6.07670880651E-02
-6.46239554318E-02
-6.63809727877E-02
-6.60809942147E-02
-6.42382686951E-02
-6.12384829655E-02
-5.68673666167E-02
-5.12106278123E-02
-4.41397043068E-02
-3.59974287551E-02
-2.85408185130E-02
-2.39982858367E-02
-2.25412470538E-02
-2.36554531819E-02
-2.72980501393E-02
-3.34690379259E-02
-4.12256267409E-02
-4.83822584101E-02
-5.33961859867E-02
-5.60531390615E-02
-5.61388472252E-02
-5.28390829226E-02
-4.61109920720E-02
-3.80544246840E-02
-3.05549603600E-02
-2.48982215556E-02
-2.12984786801E-02
-1.95843154060E-02
-1.87272337690E-02
-1.64131133490E-02
-9.51360617099E-03
3.51403471181E-03
2.05271052068E-02
3.73259052925E-02
5.02249839297E-02
5.51103492608E-02
4.98821512749E-02
3.62116991643E-02
1.84701092779E-02
3.42832654810E-04
-1.62416970216E-02
-2.96121705592E-02
-3.86543818299E-02
-4.30683522606E-02
-4.34968930791E-02
-4.13113349046E-02
-3.82686950932E-02
-3.62974073280E-02
-3.64688236555E-02
-3.84829655025E-02
-4.17398757232E-02
-4.49539318620E-02
-4.73109063638E-02
-4.83394043283E-02
-4.72680522820E-02
-4.39682879794E-02
-3.98114420399E-02
-3.61259910006E-02
-3.30404971073E-02
-2.92264838226E-02
-2.29269337904E-02
-1.31562031283E-02
-7.71373473323E-04
1.24276837369E-02
2.41268480823E-02
3.12406256696E-02
3.15834583244E-02
2.42554103278E-02
1.09277908721E-02
-5.18534390401E-03
-1.98842939790E-02
-2.76837368759E-02
-2.50267838012E-02
-1.22991214913E-02
7.58517248768E-03
3.00407113778E-02
5.02249839297E-02
6.40239982858E-02
6.85236768802E-02
6.38097278766E-02
5.33961859867E-02
4.05399614313E-02
2.84979644311E-02
2.09985001071E-02
2.09556460253E-02
2.88836511678E-02
4.22969787872E-02
5.73387615170E-02
7.01949860724E-02
7.82944075423E-02
8.01799871438E-02
7.50803514035E-02
6.40668523677E-02
5.02678380116E-02
3.68973644740E-02
2.51124919649E-02
1.49989286480E-02
6.64238268695E-03
2.14270409256E-04
-5.01392757660E-03
-9.21362759803E-03
-1.12706235269E-02
-1.05849582173E-02
-7.97085922434E-03
-4.62824083994E-03
-2.05699592886E-03
-2.44268266552E-03
-7.54231840583E-03
-1.70987786587E-02
-2.92693379044E-02
-4.14398971502E-02
-5.03964002571E-02
-5.33533319049E-02
-4.89393614742E-02
-3.83544032569E-02
-2.40411399186E-02
-9.89929290765E-03
8.57081637026E-05
3.42832654810E-03
-2.14270409256E-04
-9.72787658024E-03
-2.28840797086E-02
-3.58688665095E-02
-4.46968073709E-02
-4.82965502464E-02
-4.71823441183E-02
-4.24255410328E-02
-3.46260981358E-02
-2.53267623741E-02
-1.71416327405E-02
-1.19562888365E-02
-1.06278122991E-02
-1.39275766017E-02
-2.19412899079E-02
-3.22262695522E-02
-4.14398971502E-02
-4.65395328905E-02
-4.49967859439E-02
-3.73687593743E-02
-2.58410113563E-02
-1.22562674095E-02
1.62845511035E-03
1.49132204843E-02
2.63981144204E-02
3.58260124277E-02
4.35826012428E-02
4.88107992286E-02
5.08249410756E-02
4.93250482108E-02
4.42254124705E-02
3.63402614099E-02
2.69980715663E-02
1.94986072423E-02
1.67988000857E-02
1.82558388687E-02
2.18555817442E-02
2.60552817656E-02
2.95264623955E-02
3.20548532248E-02
3.39832869081E-02
3.52689093636E-02
3.68116563103E-02
3.99828583673E-02
4.49539318620E-02
5.04821084208E-02
5.60102849796E-02
6.15813156203E-02
6.59952860510E-02
6.83094064710E-02
6.87379472895E-02
6.82236983073E-02
6.63381187058E-02
6.27383758303E-02
5.72101992715E-02
4.98392971931E-02
4.05828155132E-02
2.95264623955E-02
1.80844225412E-02
8.82794086137E-03
3.29976430255E-03
2.14270409256E-03
5.35676023141E-03
1.14420398543E-02
1.76130276409E-02
2.09127919434E-02
1.86415256053E-02
1.08420827084E-02
3.42832654810E-04
-9.89929290765E-03
-1.76130276409E-02
-2.10413541890E-02
-1.91129205057E-02
-1.17420184273E-02
-7.71373473323E-04
1.16134561817E-02
2.33554746090E-02
3.20548532248E-02
3.60831369188E-02
3.50974930362E-02
2.99550032141E-02
2.23269766445E-02
1.41418470109E-02
7.02806942361E-03
6.42811227769E-04
-4.71394900364E-03
-7.75658881508E-03
-7.71373473323E-03
-5.09963574030E-03
-3.85686736662E-04
4.19970002143E-03
6.25669595029E-03
5.39961431326E-03
1.75701735590E-03
-3.08549389329E-03
-5.87100921363E-03
-3.55688879366E-03
4.11399185772E-03
1.55560317120E-02
2.89693593315E-02
4.17827298050E-02
5.07820869938E-02
5.46818084423E-02
5.31390614956E-02
4.52539104350E-02
3.17120205700E-02
1.49560745661E-02
-2.52839082923E-03
-1.78272980501E-02
-2.78980072852E-02
-3.14977501607E-02
-2.96121705592E-02
-2.49410756375E-02
-2.17270194986E-02
-2.33554746090E-02
-3.13263338333E-02
-4.49967859439E-02
-6.14527533748E-02
-7.76944503964E-02
-8.95650310692E-02
-9.30790657810E-02
-8.88793657596E-02
-7.93229055067E-02
-6.60809942147E-02
-5.14248982216E-02
-3.83115491751E-02
-2.84551103493E-02
-2.15556031712E-02
-1.63274051853E-02
-1.41418470109E-02
-1.45703878294E-02
-1.46560959931E-02
-1.28133704735E-02
-9.55646025284E-03
-4.92821941290E-03
-4.28540818513E-05
3.38547246625E-03
4.97107349475E-03
5.52817655882E-03
5.69959288622E-03
6.04242554103E-03
6.98521534176E-03
8.74223269766E-03
1.01992714806E-02
9.81358474395E-03
6.89950717806E-03
2.52839082923E-03
-1.97128776516E-03
-6.47096635955E-03
-1.13134776087E-02
-1.69273623313E-02
-2.27126633812E-02
-2.85408185130E-02
-3.40689950718E-02
-3.82258410114E-02
-4.20827083780E-02
-4.60252839083E-02
-4.85536747375E-02
-4.89393614742E-02
-4.59395757446E-02
-4.04971073495E-02
-3.50546389544E-02
-3.06406685237E-02
-2.67409470752E-02
-2.26269552175E-02
-1.85986715235E-02
-1.49989286480E-02
-1.16563102636E-02
-9.59931433469E-03
-9.42789800729E-03
-1.07135204628E-02
-1.18705806728E-02
-1.16563102636E-02
-1.04992500536E-02
-7.97085922434E-03
-3.42832654810E-03
2.27126633812E-03
7.84229697879E-03
1.22562674095E-02
1.56417398757E-02
1.83844011142E-02
1.88557960146E-02
1.67130919220E-02
1.31990572102E-02
9.68502249839E-03
7.97085922434E-03
1.00278551532E-02
1.67130919220E-02
2.69980715663E-02
3.95543175487E-02
5.18962931219E-02
6.06385258196E-02
6.38097278766E-02
6.09385043925E-02
5.32676237412E-02
4.20827083780E-02
2.86693807585E-02
1.60702806942E-02
7.45661024213E-03
3.81401328477E-03
4.24255410328E-03
8.35654596100E-03
1.49560745661E-02
2.18984358260E-02
2.74266123848E-02
3.05549603600E-02
3.07692307692E-02
2.69980715663E-02
1.82986929505E-02
5.35676023141E-03
-8.18512963360E-03
-1.92414827512E-02
-2.60552817656E-02
-2.77694450396E-02
-2.42982644097E-02
-1.70559245768E-02
-9.04221127062E-03
-3.68545103921E-03
-2.95693164774E-03
-6.98521534176E-03
-1.46989500750E-02
-2.42125562460E-02
-3.27405185344E-02
-3.80115706021E-02
-3.97257338762E-02
-3.82686950932E-02
-3.35118920077E-02
-2.61409899293E-02
-1.81272766231E-02
-1.13134776087E-02
-7.24233983287E-03
-8.31369187915E-03
-1.49132204843E-02
-2.41268480823E-02
-3.39404328262E-02
-4.25969573602E-02
-4.73537604457E-02
-4.61538461538E-02
-3.92971930576E-02
-2.83694021856E-02
-1.57274480394E-02
-4.32826226698E-03
3.64259695736E-03
7.84229697879E-03
8.44225412471E-03
5.74244696807E-03
1.32847653739E-03
-3.17120205700E-03
-6.29955003214E-03
-6.55667452325E-03
-4.15684593958E-03
3.85686736662E-04
8.27083779730E-03
1.97985858153E-02
3.24405399614E-02
4.47396614528E-02
5.63102635526E-02
6.55238911506E-02
7.05806728091E-02
7.01521319906E-02
6.49239340047E-02
5.80244268267E-02
5.25819584315E-02
4.99678594386E-02
5.06963788301E-02
5.45103921148E-02
5.94386115277E-02
6.32097707307E-02
6.37240197129E-02
5.96957360189E-02
5.15963145490E-02
4.08827940861E-02
2.92264838226E-02
1.81272766231E-02
8.48510820656E-03
4.71394900364E-04
-6.98521534176E-03
-1.46989500750E-02
-2.18127276623E-02
-2.79408613670E-02
-3.39832869081E-02
-3.99828583673E-02
-4.41825583887E-02
-4.50396400257E-02
-4.31540604243E-02
-3.99828583673E-02
-3.61688450825E-02
-3.22691236340E-02
-2.90122134133E-02
-2.67409470752E-02
-2.49839297193E-02
-2.35697450182E-02
-2.22412684808E-02
-2.07842296979E-02
-1.88129419327E-02
-1.55988857939E-02
-1.17848725091E-02
-8.48510820656E-03
-6.47096635955E-03
-5.61388472252E-03
-5.61388472252E-03
-6.21384186844E-03
-7.37090207842E-03
-8.27083779730E-03
-7.49946432398E-03
-5.61388472252E-03
-3.42832654810E-03
-1.41418470109E-03
0.00000000000E+00
4.28540818513E-04
-7.71373473323E-04
-4.62824083994E-03
-1.08849367902E-02
-1.76130276409E-02
-2.33126205271E-02
-2.73409042211E-02
-2.88836511678E-02
-2.73837583030E-02
-2.22841225627E-02
-1.43132633383E-02
-5.27105206771E-03
2.91407756589E-03
8.61367045211E-03
9.77073066210E-03
5.39961431326E-03
-3.85686736662E-03
-1.50846368117E-02
-2.48982215556E-02
-3.09406470966E-02
-3.22262695522E-02
-2.81979858582E-02
-1.95843154060E-02
-9.94214698950E-03
-2.91407756589E-03
4.71394900364E-04
-2.14270409256E-04
-4.24255410328E-03
-9.12791943433E-03
-1.24276837369E-02
-1.31562031283E-02
-1.14848939361E-02
-7.19948575102E-03
-1.58560102850E-03
2.44268266552E-03
2.69980715663E-03
-5.99957145918E-04
-5.52817655882E-03
-1.10134990358E-02
-1.56845939576E-02
-1.78272980501E-02
-1.63702592672E-02
-1.08420827084E-02
-2.27126633812E-03
6.94236125991E-03
1.46560959931E-02
1.94986072423E-02
2.03128347975E-02
1.61131347761E-02
7.54231840583E-03
-3.38547246625E-03
-1.45275337476E-02
-2.30983501178E-02
-2.72980501393E-02
-2.82408399400E-02
-2.79408613670E-02
-2.78122991215E-02
-2.87122348404E-02
-3.12406256696E-02
-3.53974716092E-02
-4.07113777587E-02
-4.60681379901E-02
-5.03106920934E-02
-5.21534176130E-02
-5.02678380116E-02
-4.48682236983E-02
-3.68116563103E-02
-2.74266123848E-02
-1.73559031498E-02
-7.54231840583E-03
-7.71373473323E-04
7.28519391472E-04
-2.65695307478E-03
-8.01371330619E-03
-1.42275551746E-02
-2.01842725520E-02
-2.33554746090E-02
-2.18984358260E-02
-1.60274266124E-02
-7.49946432398E-03
1.37133061924E-03
8.22798371545E-03
1.07992286265E-02
7.67088065138E-03
-8.14227555175E-04
-1.26848082280E-02
-2.55838868652E-02
-3.71116348832E-02
-4.58538675809E-02
-5.08249410756E-02
-5.24533961860E-02
-5.22391257767E-02
-5.02678380116E-02
-4.60252839083E-02
-4.17398757232E-02
-3.92114848939E-02
-3.86543818299E-02
-4.00257124491E-02
-4.29397900150E-02
-4.57253053353E-02
-4.66680951361E-02
-4.36254553246E-02
-3.55260338547E-02
-2.43839725734E-02
-1.16991643454E-02
1.75701735590E-03
1.49989286480E-02
2.75123205485E-02
3.93829012213E-02
5.06963788301E-02
6.20527105207E-02
7.27233769016E-02
8.05228197986E-02
8.39511463467E-02
8.32654810371E-02
7.93229055067E-02
7.31519177202E-02
6.65095350332E-02
6.05528176559E-02
5.60959931433E-02
5.39104349689E-02
5.34390400686E-02
5.42104135419E-02
5.67388043711E-02
5.86672380544E-02
5.72101992715E-02
5.17248767945E-02
4.30683522606E-02
3.29547889436E-02
2.41697021641E-02
1.92843368331E-02
1.95414613242E-02
2.47268052282E-02
3.27405185344E-02
4.05828155132E-02
4.64538247268E-02
4.90250696379E-02
4.82536961646E-02
4.49539318620E-02
4.01971287765E-02
3.49260767088E-02
3.02549817870E-02
2.74694664667E-02
2.68695093208E-02
2.75980287122E-02
2.91836297407E-02
3.16263124063E-02
3.44118277266E-02
3.72830512106E-02
3.92114848939E-02
3.92971930576E-02
3.79258624384E-02
3.50546389544E-02
3.12406256696E-02
2.75123205485E-02
2.44696807371E-02
2.27555174630E-02
2.27126633812E-02
2.38697235912E-02
2.57981572745E-02
2.77694450396E-02
2.86265266767E-02
2.77265909578E-02
2.46410970645E-02
1.88129419327E-02
1.15277480180E-02
5.78530104993E-03
2.31412041997E-03
1.02849796443E-03
2.14270409256E-03
5.69959288622E-03
1.04992500536E-02
1.39275766017E-02
1.28990786372E-02
6.04242554103E-03
-5.22819798586E-03
-1.86415256053E-02
-3.13691879151E-02
-4.13113349046E-02
-4.64109706450E-02
-4.44825369616E-02
-3.62545532462E-02
-2.39982858367E-02
-9.64216841654E-03
4.11399185772E-03
1.42704092565E-02
1.94557531605E-02
1.97557317334E-02
1.59845725305E-02
9.08506535247E-03
2.05699592886E-03
-2.35697450182E-03
-3.38547246625E-03
-1.28562245554E-03
3.21405613885E-03
8.48510820656E-03
1.35418898650E-02
1.79558602957E-02
2.06556674523E-02
2.22841225627E-02
2.40411399186E-02
2.61409899293E-02
2.79408613670E-02
2.82408399400E-02
2.67838011571E-02
2.39982858367E-02
1.94557531605E-02
1.34133276195E-02
7.41375616027E-03
2.35697450182E-03
-2.22841225627E-03
-6.64238268695E-03
-1.06278122991E-02
-1.39275766017E-02
-1.73987572316E-02
-2.30554960360E-02
-3.12406256696E-02
-4.03256910221E-02
-4.91107778016E-02
-5.60959931433E-02
-6.02956931648E-02
-6.20098564388E-02
-6.14956074566E-02
-5.89243625455E-02
-5.40389972145E-02
-4.64966788087E-02
-3.61259910006E-02
-2.39554317549E-02
-1.18705806728E-02
-7.71373473323E-04
8.44225412471E-03
1.48275123205E-02
1.85129633598E-02
2.09127919434E-02
2.36125991001E-02
2.75123205485E-02
3.27405185344E-02
3.72401971288E-02
3.87400899936E-02
3.65973859010E-02
3.16263124063E-02
2.58838654382E-02
2.02699807157E-02
1.42704092565E-02
8.22798371545E-03
2.91407756589E-03
-1.54274694665E-03
-5.27105206771E-03
-8.52796228841E-03
-1.13991857724E-02
-1.38847225198E-02
-1.69702164131E-02
-2.11699164345E-02
-2.62266980930E-02
-3.20548532248E-02
-3.86115277480E-02
-4.42682665524E-02
-4.65395328905E-02
-4.51253481894E-02
-4.13970430684E-02
-3.61688450825E-02
-3.02549817870E-02
-2.54553246197E-02
-2.29269337904E-02
-2.29697878723E-02
-2.61409899293E-02
-3.15834583244E-02
-3.68545103921E-02
-3.93829012213E-02
-3.71116348832E-02
-2.96550246411E-02
-1.86415256053E-02
-6.77094493250E-03
3.72830512106E-03
1.18277265910E-02
1.72701949861E-02
1.99271480609E-02
2.02699807157E-02
1.95414613242E-02
1.93271909149E-02
2.04842511249E-02
2.25412470538E-02
2.37840154275E-02
2.21555603171E-02
1.71844868224E-02
8.99935718877E-03
-1.62845511035E-03
-1.29419327191E-02
-2.21984143990E-02
-2.75980287122E-02
-2.99550032141E-02
-3.07692307692E-02
-3.20977073066E-02
-3.50546389544E-02
-3.85258195843E-02
-4.05399614313E-02
-3.94257553032E-02
-3.50974930362E-02
-2.84122562674E-02
-2.04413970431E-02
-1.28990786372E-02
-7.45661024213E-03
-5.31390614956E-03
-5.61388472252E-03
-6.25669595029E-03
-6.68523676880E-03
-7.24233983287E-03
-8.31369187915E-03
-8.99935718877E-03
-8.22798371545E-03
-6.42811227769E-03
-4.75680308549E-03
-3.68545103921E-03
-3.34261838440E-03
-4.71394900364E-03
-9.47075208914E-03
-1.79987143775E-02
-2.78122991215E-02
-3.65116777373E-02
-4.25969573602E-02
-4.51682022713E-02
-4.45682451253E-02
-4.14398971502E-02
-3.71544889651E-02
-3.41975573173E-02
-3.34261838440E-02
-3.47546603814E-02
-3.77544461110E-02
-4.15684593958E-02
-4.43111206342E-02
-4.45253910435E-02
-4.14398971502E-02
-3.50974930362E-02
-2.61838440111E-02
-1.52989072209E-02
-3.89972144847E-03
6.59952860510E-03
1.53846153846E-02
2.12984786801E-02
2.45125348189E-02
2.67838011571E-02
2.88407970859E-02
2.98692950504E-02
2.95693164774E-02
2.91836297407E-02
2.91407756589E-02
2.84122562674E-02
2.61838440111E-02
2.25412470538E-02
1.86843796872E-02
1.54274694665E-02
1.31562031283E-02
1.13134776087E-02
9.21362759803E-03
7.28519391472E-03
5.39961431326E-03
3.21405613885E-03
5.14248982216E-04
-2.82836940219E-03
-5.27105206771E-03
-5.48532247697E-03
-4.71394900364E-03
-4.45682451253E-03
-5.65673880437E-03
-8.22798371545E-03
-1.13134776087E-02
-1.37990143561E-02
-1.47846582387E-02
-1.55560317120E-02
-1.56845939576E-02
-1.40989929291E-02
-1.09277908721E-02
-6.98521534176E-03
-2.35697450182E-03
2.69980715663E-03
7.54231840583E-03
1.19134347547E-02
1.62416970216E-02
2.03985429612E-02
2.36554531819E-02
2.65266766660E-02
2.89265052496E-02
3.02549817870E-02
2.97835868867E-02
2.75123205485E-02
2.45553889008E-02
2.21555603171E-02
2.02699807157E-02
1.84272551961E-02
1.60274266124E-02
1.35418898650E-02
1.13134776087E-02
8.69937861581E-03
5.18534390401E-03
8.99935718877E-04
-4.49967859439E-03
-1.11849153632E-02
-1.86843796872E-02
-2.64838225841E-02
-3.38547246625E-02
-4.00257124491E-02
-4.36683094065E-02
-4.37968716520E-02
-4.09256481680E-02
-3.63402614099E-02
-3.09406470966E-02
-2.46839511463E-02
-1.76130276409E-02
-1.05421041354E-02
-5.22819798586E-03
-2.39982858367E-03
-1.41418470109E-03
-2.35697450182E-03
-4.62824083994E-03
-7.37090207842E-03
-9.17077351618E-03
-9.25648167988E-03
-7.62802656953E-03
-4.24255410328E-03
8.57081637026E-05
4.67109492179E-03
9.42789800729E-03
1.44418255839E-02
1.86843796872E-02
2.08270837797E-02
2.12556245982E-02
2.04842511249E-02
1.84701092779E-02
1.56417398757E-02
1.28562245554E-02
1.07992286265E-02
1.06278122991E-02
1.34561817013E-02
1.90272123420E-02
2.52410542104E-02
3.06835226055E-02
3.46689522177E-02
3.68116563103E-02
3.69402185558E-02
3.47975144633E-02
3.14120419970E-02
2.93979001500E-02
3.00835654596E-02
3.25262481251E-02
3.57831583458E-02
4.01542746947E-02
4.51682022713E-02
4.97107349475E-02
5.29247910864E-02
5.45961002786E-02
5.47675166060E-02
5.36104563960E-02
5.12106278123E-02
4.81679880009E-02
4.50824941076E-02
4.13541889865E-02
3.68973644740E-02
3.36833083351E-02
2.85836725948E-02
2.28412256267E-02
1.66273837583E-02
1.12706235269E-02
7.58517248768E-03
5.74244696807E-03
5.14248982216E-03
5.52817655882E-03
7.71373473323E-03
1.18277265910E-02
1.68845082494E-02
2.18555817442E-02
2.66552389115E-02
3.11120634240E-02
3.41118491536E-02
3.50974930362E-02
3.52689093636E-02
3.57831583458E-02
3.62974073280E-02
3.70687808014E-02
3.83544032569E-02
3.98971502036E-02
4.09256481680E-02
4.05828155132E-02
3.86543818299E-02
3.50974930362E-02
3.02549817870E-02
2.39554317549E-02
1.63702592672E-02
8.78508677952E-03
1.88557960146E-03
-4.79965716735E-03
-1.06278122991E-02
-1.39275766017E-02
-1.42275551746E-02
-1.25991000643E-02
-9.89929290765E-03
-7.07092350546E-03
-5.05678165845E-03
-4.11399185772E-03
-4.62824083994E-03
-6.68523676880E-03
-9.04221127062E-03
-1.07135204628E-02
-1.09277908721E-02
-9.04221127062E-03
-5.39961431326E-03
-4.28540818513E-04
5.82815513178E-03
1.38847225198E-02
2.21555603171E-02
2.84551103493E-02
3.23976858796E-02
3.35976001714E-02
3.18405828155E-02
2.79837154489E-02
2.28840797086E-02
1.61988429398E-02
8.57081637026E-03
1.41418470109E-03
-4.75680308549E-03
-1.04135418899E-02
-1.64988215127E-02
-2.33126205271E-02
-3.06406685237E-02
-3.80544246840E-02
-4.51682022713E-02
-5.18105849582E-02
-5.79387186630E-02
-6.30812084851E-02
-6.68523676880E-02
-6.88236554532E-02
-6.78380115706E-02
-6.33811870581E-02
-5.59674308978E-02
-4.70109277909E-02
-3.81829869295E-02
-3.12834797514E-02
-2.76837368759E-02
-2.79837154489E-02
-3.15834583244E-02
-3.70259267195E-02
-4.27255196057E-02
-4.75680308549E-02
-5.04821084208E-02
-4.94964645382E-02
-4.40111420613E-02
-3.53546175273E-02
-2.57124491108E-02
-1.64988215127E-02
-8.69937861581E-03
-4.45682451253E-03
-4.71394900364E-03
-8.09942146990E-03
-1.28990786372E-02
-1.69702164131E-02
-1.90272123420E-02
-1.93700449968E-02
-1.80415684594E-02
-1.55131776302E-02
-1.29419327191E-02
-1.17420184273E-02
-1.19134347547E-02
-1.30704949646E-02
-1.47846582387E-02
-1.62845511035E-02
-1.70130704950E-02
-1.56417398757E-02
-1.16991643454E-02
-5.78530104993E-03
1.41418470109E-03
9.29933576173E-03
1.73559031498E-02
2.50267838012E-02
3.11120634240E-02
3.48403685451E-02
3.65545318192E-02
3.71973430469E-02
3.72830512106E-02
3.72401971288E-02
3.66830940647E-02
3.55688879366E-02
3.46689522177E-02
3.37690164988E-02
3.25262481251E-02
3.12406256696E-02
2.98264409685E-02
2.79837154489E-02
2.57124491108E-02
2.35697450182E-02
2.19841439897E-02
2.02271266338E-02
1.78272980501E-02
1.55560317120E-02
1.36704521106E-02
1.15277480180E-02
9.17077351618E-03
6.85665309621E-03
4.49967859439E-03
1.32847653739E-03
-2.57124491108E-03
-6.55667452325E-03
-9.94214698950E-03
-1.25991000643E-02
-1.42704092565E-02
-1.49560745661E-02
-1.47846582387E-02
-1.43132633383E-02
-1.41847010928E-02
-1.52989072209E-02
-1.78272980501E-02
-2.09127919434E-02
-2.38268695093E-02
-2.62266980930E-02
-2.78980072852E-02
-2.90979215770E-02
-3.05549603600E-02
-3.21834154703E-02
-3.26119562888E-02
-3.20548532248E-02
-3.20119991429E-02
-3.25691022070E-02
-3.35118920077E-02
-3.47975144633E-02
-3.63831154918E-02
-3.73259052925E-02
-3.66402399829E-02
-3.36404542533E-02
-2.85408185130E-02
-2.21555603171E-02
-1.50846368117E-02
-8.31369187915E-03
-2.35697450182E-03
2.78551532033E-03
6.89950717806E-03
9.68502249839E-03
1.10134990358E-02
1.12277694450E-02
1.10563531176E-02
1.10134990358E-02
1.12277694450E-02
1.14420398543E-02
1.15277480180E-02
1.16134561817E-02
1.15277480180E-02
1.02849796443E-02
7.19948575102E-03
3.12834797514E-03
-7.28519391472E-04
-4.32826226698E-03
-7.79944289694E-03
-1.08849367902E-02
-1.31133490465E-02
-1.39275766017E-02
-1.35847439469E-02
-1.26419541461E-02
-1.14848939361E-02
-1.00278551532E-02
-8.52796228841E-03
-7.19948575102E-03
-6.17098778659E-03
-5.52817655882E-03
-5.35676023141E-03
-5.69959288622E-03
-5.91386329548E-03
-5.57103064067E-03
-4.67109492179E-03
-3.55688879366E-03
-2.09985001071E-03
-2.14270409256E-04
1.45703878294E-03
2.14270409256E-03
1.97128776516E-03
1.37133061924E-03
9.42789800729E-04
5.14248982216E-04
2.99978572959E-04
6.85665309621E-04
1.37133061924E-03
2.01414184701E-03
2.87122348404E-03
3.98542961217E-03
5.14248982216E-03
6.59952860510E-03
8.22798371545E-03
9.51360617099E-03
1.04135418899E-02
1.11420612813E-02
1.17848725091E-02
1.20848510821E-02
1.15706020999E-02
1.02421255625E-02
8.48510820656E-03
6.68523676880E-03
5.31390614956E-03
4.88536533105E-03
4.84251124920E-03
4.75680308549E-03
4.71394900364E-03
4.58538675809E-03
4.49967859439E-03
4.37111634883E-03
4.28540818513E-03
4.45682451253E-03
5.09963574030E-03
5.91386329548E-03
6.55667452325E-03
7.24233983287E-03
8.05656738804E-03
8.61367045211E-03
8.74223269766E-03
8.44225412471E-03
7.97085922434E-03
7.49946432398E-03
7.02806942361E-03
6.64238268695E-03
6.55667452325E-03
6.94236125991E-03
7.58517248768E-03
8.22798371545E-03
8.57081637026E-03
8.57081637026E-03
8.09942146990E-03
7.19948575102E-03
6.08527962288E-03
5.01392757660E-03
4.45682451253E-03
4.37111634883E-03
4.41397043068E-03
4.28540818513E-03
3.85686736662E-03
2.95693164774E-03
1.67130919220E-03
3.42832654810E-04
-7.28519391472E-04
-1.37133061924E-03
-1.54274694665E-03
-1.45703878294E-03
-1.19991429184E-03
-7.71373473323E-04
-5.14248982216E-04
-7.71373473323E-04
-1.32847653739E-03
-1.97128776516E-03
-2.65695307478E-03
-3.47118062996E-03
-4.24255410328E-03
-4.71394900364E-03
-5.01392757660E-03
-5.39961431326E-03
-5.78530104993E-03
-5.99957145918E-03
-6.21384186844E-03
-6.42811227769E-03
-6.59952860510E-03
-6.64238268695E-03
-6.55667452325E-03
-6.29955003214E-03
-5.78530104993E-03
-5.01392757660E-03
-4.11399185772E-03
-3.29976430255E-03
-2.57124491108E-03
-2.01414184701E-03
-1.49989286480E-03
-1.02849796443E-03
-5.99957145918E-04
-2.14270409256E-04
2.57124491108E-04
7.71373473323E-04
1.24276837369E-03
1.58560102850E-03
1.88557960146E-03
2.01414184701E-03
2.01414184701E-03
1.97128776516E-03
1.92843368331E-03
1.97128776516E-03
2.14270409256E-03
2.35697450182E-03
2.48553674738E-03
2.57124491108E-03
2.52839082923E-03
2.35697450182E-03
2.18555817442E-03
2.05699592886E-03
2.05699592886E-03
2.22841225627E-03
2.44268266552E-03
2.69980715663E-03
2.87122348404E-03
2.95693164774E-03
2.87122348404E-03
2.65695307478E-03
2.31412041997E-03
1.97128776516E-03
1.67130919220E-03
1.45703878294E-03
1.28562245554E-03
1.15706020999E-03
1.11420612813E-03
1.02849796443E-03
9.85643882580E-04
9.42789800729E-04
8.99935718877E-04
8.57081637026E-04
7.28519391472E-04
5.99957145918E-04
5.14248982216E-04
4.28540818513E-04
3.42832654810E-04
3.42832654810E-04
3.42832654810E-04
3.85686736662E-04
4.28540818513E-04
4.71394900364E-04
4.71394900364E-04
4.71394900364E-04
4.71394900364E-04
4.71394900364E-04
4.28540818513E-04
3.85686736662E-04
3.85686736662E-04
3.42832654810E-04
3.42832654810E-04
2.99978572959E-04
2.99978572959E-04
2.57124491108E-04
2.57124491108E-04
2.14270409256E-04
2.14270409256E-04
1.71416327405E-04
1.28562245554E-04
8.57081637026E-05
4.28540818513E-05
4.28540818513E-05
0.00000000000E+00
0.00000000000E+00
0.00000000000E+00
-4.28540818513E-05
-4.28540818513E-05
-4.28540818513E-05
-4.28540818513E-05
-4.28540818513E-05
-4.28540818513E-05
-8.57081637026E-05
-8.57081637026E-05
-8.57081637026E-05
-8.57081637026E-05
-8.57081637026E-05
-8.57081637026E-05
-1.28562245554E-04
-1.28562245554E-04
-1.28562245554E-04
-1.28562245554E-04
-1.28562245554E-04
-1.28562245554E-04
-1.71416327405E-04
-1.71416327405E-04
-1.71416327405E-04
-1.71416327405E-04
-1.71416327405E-04
-1.71416327405E-04
-2.14270409256E-04
-2.14270409256E-04
-2.14270409256E-04
-2.14270409256E-04
-2.14270409256E-04
