5.11898595326E-03
5.11898595326E-03
5.11898595326E-03
5.11898595326E-03
5.14945610774E-03
5.14945610774E-03
5.05804564429E-03
5.02757548981E-03
4.99710533532E-03
4.47911270910E-03
3.96112008288E-03
3.99159023736E-03
4.08300070081E-03
3.93064992840E-03
3.68688869253E-03
3.83923946494E-03
4.54005301807E-03
5.14945610774E-03
5.57603827051E-03
6.09403089674E-03
6.73390414089E-03
6.27685182364E-03
6.06356074225E-03
7.06907584021E-03
6.85578475883E-03
6.70343398641E-03
7.95271032024E-03
7.55659831195E-03
3.62594838356E-03
1.06645540693E-03
3.44312745666E-03
4.84475456291E-03
1.49303756970E-03
-3.50406776562E-03
-6.67296383193E-03
-5.54556811603E-03
-3.47359761114E-03
-2.58996313111E-03
-2.13291081386E-03
-3.13842591182E-03
-2.16338096834E-03
2.43761235869E-03
9.38480758097E-03
1.26146439562E-02
7.80035954782E-03
3.13842591182E-03
4.96663518084E-03
8.74493433682E-03
1.11216063865E-02
1.24622931838E-02
9.90280020720E-03
8.86681495475E-03
1.30412261190E-02
1.49913160060E-02
1.06950242238E-02
4.32676193668E-03
4.50958286359E-03
7.31283707608E-03
4.20488131875E-03
2.83372436698E-03
5.88073981535E-03
7.76988939334E-03
9.20198665407E-03
9.50668819891E-03
7.70894908437E-03
5.91120996983E-03
8.07459093818E-03
1.14567780859E-02
7.67847892989E-03
-8.53164325543E-04
-4.23535147323E-03
1.58444803315E-03
9.47621804443E-03
1.21271214845E-02
9.50668819891E-03
6.21591151467E-03
5.72838904293E-03
4.02206039185E-03
3.65641853804E-04
-3.83923946494E-03
-5.54556811603E-03
-2.83372436698E-03
-4.17441116426E-03
-6.55108321399E-03
-2.55949297663E-03
-1.52350772418E-04
-2.62043328560E-03
-3.56500807459E-03
-2.25479143179E-03
-9.14104634510E-04
-1.79773911454E-03
-6.21591151467E-03
-5.66744873397E-03
2.01103019592E-03
9.75044943478E-03
1.48084950791E-02
1.68195252750E-02
1.72765775922E-02
1.56311892501E-02
1.12434870045E-02
9.65903897133E-03
1.32240470459E-02
1.48389652336E-02
8.98869557269E-03
-7.31283707608E-04
-4.60099332704E-03
-2.13291081386E-03
-4.35723209117E-03
-7.46518784850E-03
-3.19936622079E-03
5.27133672568E-03
1.19747707121E-02
9.93327036168E-03
5.57603827051E-03
6.15497120570E-03
7.89177001127E-03
7.70894908437E-03
3.68688869253E-03
2.16338096834E-03
4.63146348152E-03
3.80876931046E-03
1.88914957799E-03
-7.92224016576E-04
-3.80876931046E-03
-4.87522471739E-03
-9.23245680856E-03
-7.40424753954E-03
-1.55397787867E-03
-8.01365062921E-03
-2.13595782931E-02
-3.47969164204E-02
-3.65337152259E-02
-2.77583107346E-02
-2.02321825772E-02
-9.35433742649E-03
-9.14104634510E-04
3.10795575734E-03
8.10506109266E-03
1.19747707121E-02
1.04817331424E-02
8.77540449130E-03
1.60882415674E-02
2.50159968311E-02
2.61738627015E-02
1.88305554709E-02
1.15481885493E-02
9.38480758097E-03
7.22142661263E-03
9.01916572717E-03
1.41686218349E-02
1.11520765410E-02
4.44864255462E-03
2.07197050489E-03
4.38770224565E-03
1.25232334928E-02
1.52350772418E-02
1.46866144611E-02
2.65699747098E-02
3.98854322191E-02
4.06471860812E-02
3.15975501996E-02
6.61202352296E-03
-1.79773911454E-02
-1.78859806819E-02
-5.05804564429E-03
1.04817331424E-02
1.27365245742E-02
5.36274718913E-03
3.47359761114E-03
-4.87522471739E-04
-7.89177001127E-03
-2.32182577166E-02
-2.88247661416E-02
-1.90743167068E-02
-1.55702489412E-02
-1.83125628447E-02
-1.84649136171E-02
-1.35896888997E-02
-5.72838904293E-03
1.21880617935E-03
4.69240379049E-03
1.23404125659E-02
1.80688016088E-02
1.95618391785E-02
1.21575916390E-02
-6.58155336848E-03
-1.25841738018E-02
-1.30107559645E-02
-2.23955635455E-02
-3.77220512508E-02
-4.38770224565E-02
-2.84895944422E-02
-8.53164325543E-03
1.40162710625E-03
6.45967275054E-03
1.39553307535E-02
2.30659069441E-02
3.08357963375E-02
3.41265730217E-02
3.48578567293E-02
2.66918553277E-02
6.33779213261E-03
-9.04963588165E-03
-1.34982784363E-02
-5.21039641671E-03
6.12450105122E-03
1.88914957799E-03
-5.57603827051E-03
-6.27685182364E-03
-1.10911362321E-02
-2.55339894573E-02
-3.03787440202E-02
-1.62405923398E-02
-6.42920259606E-03
-4.93616502636E-03
-1.04512629879E-02
-1.27669947287E-02
2.83372436698E-03
2.22736829276E-02
4.15917608702E-02
5.97215027880E-02
6.46271976599E-02
5.16164416954E-02
3.21764831348E-02
1.59968311039E-02
4.90569487187E-03
3.16889606630E-03
2.98607513940E-03
-1.88914957799E-03
-1.88305554709E-02
-4.01901337640E-02
-4.17441116426E-02
-2.59910417746E-02
-1.37115695177E-03
1.07864346872E-02
1.76726896005E-03
-4.72287394497E-03
-1.02989122155E-02
-1.79164508364E-02
-1.97446601054E-02
-9.75044943478E-03
1.35896888997E-02
3.23897742162E-02
3.81486334136E-02
3.41570431762E-02
2.22127426186E-02
1.27669947287E-02
7.22142661263E-03
-6.85578475883E-03
-1.29193455011E-02
1.21880617935E-03
1.02684420610E-02
1.57530698681E-02
2.44675340504E-02
2.55035193028E-02
1.35287485908E-02
-6.94719522228E-03
-3.65641853804E-03
1.04817331424E-02
7.37377738505E-03
1.58749504860E-02
2.10244065937E-02
1.12739571590E-03
-1.74593985192E-02
-1.94704287151E-02
7.19095645815E-03
3.05920351016E-02
1.90438465523E-02
1.33763978183E-02
1.56007190956E-02
4.32676193668E-03
-5.72838904293E-03
-8.98869557269E-03
3.22983637527E-03
2.38886011152E-02
2.64785642463E-02
7.89177001127E-03
-2.16642798379E-02
-4.99405831988E-02
-6.91672506780E-02
-7.76988939334E-02
-6.39568542613E-02
-3.95502605198E-02
-3.32734086962E-02
-3.11709680368E-02
-2.35229592614E-02
-1.60577714129E-02
-5.45415765258E-03
-4.14394100978E-03
-7.37377738505E-03
6.70343398641E-04
1.60273012584E-02
3.64118346080E-02
5.52728602334E-02
5.71620098114E-02
5.19516133947E-02
4.38770224565E-02
2.48636460587E-02
1.31631067370E-02
-7.61753862092E-04
-2.51988177580E-02
-2.94646393857E-02
-9.17151649959E-03
1.99884213413E-02
4.65583960511E-02
5.81979950638E-02
4.63146348152E-02
2.13595782931E-02
1.72156372833E-02
4.25668058137E-02
5.59736737865E-02
3.81486334136E-02
1.85563240806E-02
2.00798318047E-02
3.89103872757E-02
4.82342545477E-02
4.55224107986E-02
5.12507998416E-02
6.22505256102E-02
7.06602882477E-02
5.68268381121E-02
1.99579511868E-02
-1.88914957799E-02
-6.04527864956E-02
-8.53773728633E-02
-6.92891312959E-02
-3.43093939486E-02
-1.84953837716E-02
-3.30905877693E-02
-5.24391358664E-02
-4.69849782138E-02
-3.90932082026E-02
-3.51930284287E-02
-2.11158170572E-02
-2.03235930406E-02
2.22432127731E-03
4.37551418386E-02
4.02815442274E-02
1.60273012584E-02
-1.03598525245E-02
-1.98360705689E-02
-8.22694171059E-04
-1.16091288583E-02
-4.29324476675E-02
-5.39626435906E-02
-4.99405831988E-02
-4.26886864316E-02
-4.04034248454E-02
-4.09214174716E-02
-4.07690666992E-02
-4.48215972455E-02
-4.72287394497E-02
-1.52350772418E-02
4.15612907157E-02
7.13001614918E-02
6.19153539108E-02
4.99101130443E-02
5.76800024376E-02
6.19458240653E-02
4.07690666992E-02
1.29193455011E-02
2.96474603126E-02
8.00450958286E-02
1.11185593711E-01
1.30899783662E-01
1.33002224321E-01
1.04299338798E-01
7.16658033456E-02
4.53395898717E-02
3.95197903653E-02
4.92092994911E-02
4.16222310247E-02
2.56558700753E-02
5.33227703464E-03
-3.06225052561E-02
-3.63508942990E-02
1.90133763978E-02
7.33416618422E-02
6.53889515220E-02
1.59054206405E-02
-1.91352570158E-02
-9.99421067065E-03
2.75450196532E-02
4.47911270910E-02
3.43703342576E-02
2.02017124227E-02
8.10506109266E-03
-6.12450105122E-03
-1.60882415674E-02
1.40162710625E-02
3.83314543405E-02
7.73941923886E-03
-1.17310094762E-02
3.86970961943E-03
2.24565038545E-02
2.44065937414E-02
-6.45967275054E-03
-7.11173405649E-02
-1.34495261891E-01
-1.56951765745E-01
-1.55336847558E-01
-1.54118041378E-01
-1.47475547701E-01
-1.29863798409E-01
-1.06554130229E-01
-9.54629939974E-02
-8.64438282702E-02
-8.13857826259E-02
-7.68761997623E-02
-3.05310947927E-02
2.37057801883E-02
3.17194308175E-02
9.78091958926E-03
-1.27060544197E-02
-3.30905877693E-02
-4.13479996344E-02
-2.54425789939E-02
-1.26451141107E-02
-2.24869740090E-02
-5.87769279990E-02
-1.14202139005E-01
-1.52716414272E-01
-1.64416953594E-01
-1.61522288918E-01
-1.60851945519E-01
-1.88457905482E-01
-2.08507267132E-01
-1.87848502392E-01
-1.69200767848E-01
-1.70693805418E-01
-1.60303482739E-01
-1.20357110211E-01
-7.36158932326E-02
-4.70154483683E-02
-6.07879581949E-02
-1.01039032268E-01
-1.19747707121E-01
-1.22886133033E-01
-1.36079709924E-01
-1.32941284012E-01
-9.19589262318E-02
-3.37304610134E-02
2.55644596118E-02
5.96300923246E-02
6.69429294007E-02
9.36043145739E-02
1.46591913221E-01
2.20360157226E-01
2.82245040982E-01
2.92726774125E-01
2.77948749200E-01
2.59118193729E-01
2.48423169505E-01
2.32761510101E-01
1.84131143545E-01
1.26359730644E-01
8.83939181572E-02
4.76553216125E-02
-2.43761235869E-02
-7.85520582589E-02
-7.22752064353E-02
-3.26640056065E-02
-6.85578475883E-03
-6.18544136019E-03
3.28163563789E-02
1.28035589140E-01
2.21487552942E-01
2.64602821536E-01
2.42847131235E-01
2.07958804351E-01
1.98482586307E-01
1.90804107377E-01
1.82577165666E-01
1.82302934276E-01
1.84557725708E-01
1.84618666017E-01
1.72186842987E-01
1.59450318413E-01
1.68499954295E-01
1.87178158993E-01
1.85045248179E-01
1.60486303666E-01
1.29467686401E-01
8.54687833267E-02
4.04338949998E-02
9.14104634510E-04
-4.47911270910E-02
-5.83198756818E-02
-1.70023462019E-02
5.38407629727E-02
1.25201864773E-01
1.74319753801E-01
2.05856363692E-01
2.31055181450E-01
2.47052012554E-01
2.54852372102E-01
2.59057253420E-01
2.58386910022E-01
2.64420000609E-01
2.82763033609E-01
2.89527407904E-01
2.59361954965E-01
1.82120113349E-01
6.38654437978E-02
-8.83025076937E-02
-2.60702641762E-01
-4.25942289527E-01
-5.68268381121E-01
-6.70769980804E-01
-7.15317346659E-01
-7.11843749048E-01
-6.72019257138E-01
-5.81126786313E-01
-4.23931259331E-01
-2.45040982358E-01
-1.09479265060E-01
4.05253054633E-03
1.32088119687E-01
2.27520643530E-01
2.58234559249E-01
2.39373533624E-01
1.59419848259E-01
3.83923946494E-02
-8.70227612054E-02
-2.12285566288E-01
-3.27615101009E-01
-4.24479722112E-01
-4.83439471038E-01
-4.96693988239E-01
-4.87004479113E-01
-4.89563972089E-01
-5.30607270179E-01
-5.73052195375E-01
-5.48767482251E-01
-4.36180261434E-01
-2.92483012889E-01
-1.97050489046E-01
-1.29132514702E-01
-5.21039641671E-03
1.32910813858E-01
1.66945976416E-01
1.35135135135E-01
9.44270087449E-02
4.07690666992E-02
2.94341692312E-02
5.04585758250E-02
7.55659831195E-02
1.01435144276E-01
1.30473201499E-01
1.81145068405E-01
2.10883939182E-01
1.85807002042E-01
1.28218410067E-01
7.11478107194E-02
7.34330723057E-03
-7.35244827691E-02
-1.64874005911E-01
-2.50251378774E-01
-2.85170175813E-01
-2.64206709528E-01
-2.16277156525E-01
-1.48176361254E-01
-6.46881379689E-02
6.39873244157E-03
5.89597489259E-02
8.70837015144E-02
8.00450958286E-02
6.13668911301E-02
1.93485480971E-02
-4.90569487187E-02
-1.06889301929E-01
-1.55397787867E-01
-2.14266126329E-01
-2.52292879125E-01
-2.23559523447E-01
-1.44702763643E-01
-3.25725951431E-02
4.75029708401E-02
5.33837106554E-02
5.81675249094E-02
8.30007008136E-02
1.04482159725E-01
1.02227368293E-01
9.08315305159E-02
7.32807215333E-02
3.20241323624E-02
-4.66193363600E-03
-3.76001706329E-02
-6.45053170420E-02
-5.82894055273E-02
-1.13348974679E-02
6.71257503276E-02
1.65970931473E-01
2.76486181785E-01
4.04003778299E-01
5.40814771931E-01
6.58429568238E-01
7.52033882812E-01
8.03437033426E-01
8.08891191078E-01
7.66903318200E-01
6.55931015570E-01
4.96511167312E-01
3.35019348548E-01
2.53511685304E-01
2.47234833481E-01
2.11798043816E-01
2.02596057162E-01
2.56741521680E-01
2.40257168104E-01
1.65574819464E-01
1.34830433590E-01
1.18681251714E-01
9.78091958926E-02
8.69008805875E-02
4.88436576373E-02
-1.65757640391E-02
-9.88451811451E-02
-1.85593710960E-01
-2.46777781163E-01
-2.73073524483E-01
-2.28251927237E-01
-1.10454310003E-01
4.57661720345E-02
1.97141899509E-01
2.84895944422E-01
3.00009141046E-01
2.89070355587E-01
2.49276333831E-01
1.38029799811E-01
2.10244065937E-03
-1.29041104238E-01
-2.60306529754E-01
-3.77311922971E-01
-4.81093269143E-01
-5.41454645175E-01
-5.44410250160E-01
-4.77497790914E-01
-3.44678387519E-01
-2.08019744660E-01
-1.22368140406E-01
-8.28178798867E-02
-5.98738535604E-02
-1.01252323349E-01
-2.06282945855E-01
-2.77065114720E-01
-2.83677138243E-01
-2.90685273774E-01
-3.19296748835E-01
-3.29473780432E-01
-3.28224504098E-01
-3.03421798349E-01
-2.54974252719E-01
-2.05368841220E-01
-1.70328163564E-01
-1.76665955696E-01
-1.96837197965E-01
-2.30506718669E-01
-2.79990249551E-01
-3.29260489351E-01
-3.76885340809E-01
-4.01566165940E-01
-3.96416709833E-01
-3.70517078522E-01
-3.62046375575E-01
-3.76001706329E-01
-3.59547822907E-01
-2.94494043085E-01
-2.01651482373E-01
-1.22429080715E-01
-8.84243883116E-02
-7.27627289070E-02
-4.92092994911E-02
-3.86666260398E-02
-6.54194216765E-02
-1.16274109510E-01
-1.60394893202E-01
-1.80962247479E-01
-1.84923367561E-01
-1.91352570158E-01
-1.93058898809E-01
-1.87939912855E-01
-1.85593710960E-01
-1.84710076480E-01
-1.74776806118E-01
-1.37207105640E-01
-8.91252018648E-02
-6.43834364240E-02
-6.19458240653E-02
-6.14887717481E-02
-4.81428440842E-02
-1.95313690240E-02
2.04759438130E-02
7.91919315031E-02
1.75904201834E-01
3.12227672994E-01
4.44772844998E-01
5.37645875865E-01
5.93132027179E-01
5.92065571772E-01
5.13422103050E-01
3.88006947195E-01
2.90350102075E-01
2.77156525184E-01
3.15609860142E-01
3.53910844328E-01
3.98062098175E-01
4.24571132576E-01
3.88463999512E-01
3.19327218989E-01
2.70209329961E-01
2.61890977787E-01
2.71793777994E-01
2.55979767817E-01
1.98756817697E-01
1.07133063165E-01
2.16338096834E-03
-7.61449160547E-02
-9.52497029160E-02
-9.54934641519E-02
-1.19260184649E-01
-1.39492367226E-01
-1.32910813858E-01
-8.81806270758E-02
-1.76422194461E-02
4.41817240013E-02
7.56573935830E-02
8.01669764466E-02
1.00917151650E-01
1.53264877053E-01
1.95740272403E-01
1.90956458149E-01
1.18620311405E-01
-2.03540631951E-02
-1.80809896706E-01
-2.90868094701E-01
-3.29016728115E-01
-3.48182455285E-01
-3.71705414546E-01
-3.64240226698E-01
-2.95286267101E-01
-1.82089643194E-01
-1.01374203967E-01
-8.22084767970E-02
-1.06127548067E-01
-1.62558274170E-01
-1.95191809622E-01
-1.68835125994E-01
-1.13806026997E-01
-6.98375940766E-02
-2.79411316615E-02
3.40961028672E-02
9.97897559341E-02
1.47475547701E-01
1.57347877754E-01
1.37328986258E-01
1.04939212042E-01
9.30558517932E-02
1.21210274536E-01
1.58993266096E-01
1.87604741156E-01
1.95252749931E-01
1.63320028033E-01
8.57430147171E-02
-1.82820926902E-03
-5.97519729425E-02
-8.17818946342E-02
-7.40120052409E-02
-3.64423047625E-02
3.14451994272E-02
1.12983332825E-01
1.97355190591E-01
2.44096407569E-01
2.14723178647E-01
1.41442457113E-01
5.03062250526E-02
-5.01843444346E-02
-1.23556476431E-01
-1.49608458515E-01
-1.55397787867E-01
-1.59602669186E-01
-1.67433498888E-01
-1.94948048387E-01
-2.36082756940E-01
-2.90136810994E-01
-3.68201346781E-01
-4.37216246686E-01
-4.27008744934E-01
-3.00161491819E-01
-1.53264877053E-01
-8.93384929462E-02
-3.06225052561E-02
5.23172552485E-02
9.12581126786E-02
1.06036137603E-01
1.10606660776E-01
1.16274109510E-01
1.20875102837E-01
7.93138121210E-02
-1.24622931838E-02
-1.13745086688E-01
-1.49882689905E-01
-1.25628446936E-01
-1.13135683598E-01
-9.90280020720E-02
-7.30979006064E-02
-1.32088119687E-01
-2.36356988330E-01
-2.30872360523E-01
-1.71851671288E-01
-1.50278801914E-01
-8.75102836771E-02
2.02626527316E-02
1.23830707822E-01
2.56954812761E-01
3.79536244249E-01
4.85663792315E-01
5.58944513849E-01
5.48036198544E-01
4.49587129407E-01
2.52993692678E-01
6.91977208324E-02
-2.21213321552E-02
-5.07632773698E-02
-7.69980803803E-02
-9.43965385905E-02
-4.75029708401E-02
3.95502605198E-02
1.19260184649E-01
1.50248331759E-01
1.51985130565E-01
1.54300862305E-01
1.44855114415E-01
1.35927359152E-01
1.72491544532E-01
2.42542429690E-01
2.89344586977E-01
2.97358237606E-01
2.92818184588E-01
2.77186995338E-01
2.44980042049E-01
2.17160791005E-01
1.56829885128E-01
4.74725006856E-02
-7.72418416161E-02
-1.51589018556E-01
-1.55123556476E-01
-1.35744538225E-01
-1.08047167799E-01
-8.71751119778E-02
-7.38901246229E-02
-1.01648435358E-01
-1.50309272068E-01
-1.60821475365E-01
-1.66519394253E-01
-1.72979067004E-01
-1.73070477467E-01
-1.65544349310E-01
-1.47048965538E-01
-1.38517322283E-01
-1.41594807886E-01
-1.38974374600E-01
-1.16335049819E-01
-9.58895761602E-02
-9.31167921021E-02
-8.24217678784E-02
-5.37493525092E-02
-1.90438465523E-02
-1.31021664280E-03
-2.94951095402E-02
-7.76988939334E-02
-7.77903043968E-02
-4.69545080594E-02
-5.18602029312E-02
-7.63277369816E-02
-7.67543191444E-02
-7.08126390201E-02
-8.55297236357E-02
-1.16578811055E-01
-1.45342636887E-01
-1.66458453944E-01
-1.84283494317E-01
-1.89554831043E-01
-1.88914957799E-01
-1.85654651269E-01
-1.89768122124E-01
-2.22767299430E-01
-2.64420000609E-01
-2.88582833115E-01
-2.85992869984E-01
-2.55431305037E-01
-2.01925713763E-01
-1.38761083519E-01
-7.09954599470E-02
-6.00262043329E-03
3.21155428258E-02
4.10737682440E-02
2.28221457083E-02
-1.47170846156E-02
-4.55224107986E-02
-5.97215027880E-02
-7.62363265182E-02
-9.61333373960E-02
-1.04146988025E-01
-1.03293823700E-01
-8.07763795362E-02
-5.17078521588E-02
-3.31515280782E-02
-4.08300070081E-03
2.05064139675E-02
3.02568634023E-02
3.76611109418E-02
3.53758493556E-02
6.55108321399E-03
-3.42789237941E-02
-5.50900393065E-02
-6.29208690088E-02
-5.40845242085E-02
-8.98869557269E-03
3.33952893141E-02
2.99826320119E-02
1.28584051921E-02
2.52292879125E-02
4.71068588318E-02
4.67716871325E-02
3.90017977391E-02
3.28772966879E-02
2.07806453579E-02
1.15177183948E-02
1.98360705689E-02
5.44196959079E-02
9.61942777050E-02
1.34556202200E-01
1.71790730979E-01
2.06343886164E-01
2.39982936713E-01
2.63688716902E-01
2.93153356288E-01
3.31667631555E-01
3.64483987934E-01
3.85020872056E-01
3.78469788842E-01
3.58481367501E-01
3.44495566593E-01
3.36268624882E-01
3.17133367866E-01
2.77491696883E-01
2.33249032573E-01
2.05490721838E-01
2.04363326122E-01
2.08568207441E-01
2.02931228861E-01
2.00158444803E-01
2.07715043115E-01
2.29013681099E-01
2.44644870349E-01
2.31816935312E-01
2.04911788903E-01
1.87818032237E-01
1.80809896706E-01
1.72491544532E-01
1.64112252049E-01
1.31813888296E-01
6.17325329839E-02
-2.59605716201E-02
-1.12465340199E-01
-1.85807002042E-01
-2.58843962339E-01
-3.17681830647E-01
-3.36969438435E-01
-3.24446204942E-01
-2.94676864012E-01
-2.60611231299E-01
-2.32852920564E-01
-2.13991894939E-01
-1.93698772053E-01
-1.65788110546E-01
-1.39035314909E-01
-1.19930528048E-01
-9.80834272830E-02
-6.94110119138E-02
-3.39437520948E-02
1.79773911454E-02
8.52859623998E-02
1.62436393553E-01
2.50464669856E-01
3.48121514976E-01
4.33224656449E-01
4.79478350955E-01
4.84292635364E-01
4.42700874493E-01
3.55312471434E-01
2.51774886499E-01
1.63015326488E-01
9.25683293214E-02
3.45531551845E-02
9.35433742649E-03
7.03860568573E-03
-1.54178981687E-02
-5.95996221701E-02
-1.17858557543E-01
-1.75934671989E-01
-2.12773088760E-01
-2.23315762211E-01
-1.93942533289E-01
-1.39827538926E-01
-9.88451811451E-02
-6.26771077729E-02
-7.67847892989E-03
5.83198756818E-02
1.40010359853E-01
2.28282397392E-01
2.85992869984E-01
3.06560224260E-01
2.82549742527E-01
2.08080684969E-01
1.02410189220E-01
-6.88625491331E-03
-9.39394862732E-02
-1.32149059996E-01
-1.18376550169E-01
-7.97708644383E-02
-2.12072275206E-02
3.16584905085E-02
2.97084006216E-02
-1.75812791371E-02
-8.40671562205E-02
-1.70328163564E-01
-2.62683201804E-01
-3.28925317651E-01
-3.45927663853E-01
-3.17041957403E-01
-2.68563941619E-01
-2.26637009050E-01
-1.98573996770E-01
-1.88061793473E-01
-2.07410341570E-01
-2.40257168104E-01
-2.57259514306E-01
-2.40226697949E-01
-1.93180779427E-01
-1.63411438496E-01
-1.49212346507E-01
-1.03537584936E-01
-3.51320881197E-02
3.16889606630E-02
8.06240287638E-02
1.19717236966E-01
1.66732685335E-01
2.07532222188E-01
2.36265577866E-01
2.46320728846E-01
2.24504098236E-01
1.81845881959E-01
1.52807824736E-01
1.44855114415E-01
1.31661537524E-01
1.02135957829E-01
6.06051372680E-02
2.40104817331E-02
-2.13291081386E-04
-4.06776562357E-02
-1.11642646028E-01
-1.91657271702E-01
-2.50373259392E-01
-2.87912489716E-01
-3.23379749535E-01
-3.22983637527E-01
-2.65303635089E-01
-1.74350223956E-01
-9.24464487035E-02
-5.28352478747E-02
-3.48273865748E-02
-2.11767573662E-02
-2.77278405802E-03
2.05368841220E-02
4.13784697888E-02
6.38349736433E-02
7.46214083305E-02
6.72476309455E-02
5.93558609342E-02
7.21228556629E-02
9.78091958926E-02
1.20052408666E-01
1.53021115817E-01
1.93058898809E-01
2.27063591212E-01
2.62835552576E-01
3.04701544837E-01
3.65032450715E-01
4.21706938054E-01
4.45961181023E-01
4.61104847802E-01
4.61988482282E-01
4.44163441909E-01
4.18446631524E-01
3.62198726348E-01
2.89893049758E-01
2.35869465858E-01
2.08019744660E-01
1.97416130900E-01
1.89372010116E-01
1.77092537859E-01
1.66306103172E-01
1.74045522411E-01
1.98848228161E-01
2.28404278010E-01
2.44553459886E-01
2.23772814528E-01
1.75111977818E-01
1.20509460983E-01
5.99957341784E-02
-8.98869557269E-03
-5.94168012432E-02
-6.04527864956E-02
-2.39495414242E-02
2.65699747098E-02
7.95575733569E-02
1.31600597215E-01
1.71120387580E-01
1.80017672690E-01
1.68987476767E-01
1.65849050855E-01
1.69383588775E-01
1.59998781194E-01
1.50126451141E-01
1.48877174807E-01
1.45098875651E-01
1.19473475731E-01
4.91483591822E-02
-7.04165270118E-02
-2.17617843322E-01
-3.50102075018E-01
-4.33894999848E-01
-4.50623114659E-01
-4.32066790579E-01
-4.05222584479E-01
-3.20515555014E-01
-1.94277704988E-01
-1.21301685000E-01
-1.20478990828E-01
-1.44154300862E-01
-1.51954660410E-01
-1.35470306834E-01
-1.11612175874E-01
-1.06554130229E-01
-1.07559645327E-01
-8.65047685792E-02
-7.38901246229E-02
-8.02583869100E-02
-9.69560315671E-02
-1.12252049118E-01
-1.13653676224E-01
-1.26115969408E-01
-1.48938115116E-01
-1.73070477467E-01
-1.82333404430E-01
-1.55458728176E-01
-1.03720405862E-01
-3.84838051129E-02
4.22621042689E-02
1.22124379171E-01
1.86964867912E-01
2.51683476035E-01
3.09333008318E-01
3.35476400865E-01
3.24568085560E-01
3.05859410707E-01
3.00527133673E-01
2.98668454249E-01
2.86663213382E-01
2.65090344008E-01
2.61586276242E-01
2.78131570127E-01
2.89222706359E-01
2.86084280447E-01
2.64572351382E-01
2.23498583138E-01
1.86507815595E-01
1.61979341235E-01
1.15299064566E-01
3.20546025168E-02
-6.59678844572E-02
-1.55976720802E-01
-2.24138456382E-01
-2.65059873854E-01
-2.91721259027E-01
-3.15762210914E-01
-3.12593314848E-01
-2.55065663183E-01
-1.56372832810E-01
-6.54194216765E-02
-1.30107559645E-02
1.50827264694E-02
5.33837106554E-02
1.00612450105E-01
1.12891922362E-01
1.01953136902E-01
1.01435144276E-01
1.06493189920E-01
1.29162984856E-01
1.67860081051E-01
1.90834577531E-01
1.86782046985E-01
1.53356287516E-01
8.94299034096E-02
2.28221457083E-02
-2.53816386849E-02
-7.47432889485E-02
-1.27365245742E-01
-1.58840915323E-01
-1.70297693409E-01
-1.64112252049E-01
-1.45616868278E-01
-1.33763978183E-01
-1.08290929035E-01
-7.28541393705E-02
-5.48462780706E-02
-4.00682531460E-02
-4.79600231573E-02
-7.81864164051E-02
-7.50479904933E-02
-6.16411225205E-02
-8.38538651391E-02
-1.31234955361E-01
-1.86020293123E-01
-2.24839269935E-01
-2.41354093665E-01
-2.48148938115E-01
-2.46686370700E-01
-2.16917029769E-01
-1.64995886529E-01
-1.15146713794E-01
-6.91977208324E-02
-3.72345287791E-02
-1.25841738018E-02
-9.08010603614E-03
-3.95807306743E-02
-8.49507907005E-02
-1.31631067370E-01
-1.64599774521E-01
-2.00676437430E-01
-2.36661689875E-01
-2.63170724276E-01
-2.77887808891E-01
-2.53389804686E-01
-2.04607087358E-01
-1.32088119687E-01
-3.81181632591E-02
2.41018921966E-02
5.79847039824E-02
1.14019318078E-01
1.86324994668E-01
2.15759163899E-01
1.99152929705E-01
1.60821475365E-01
1.06310368994E-01
5.77409427466E-02
1.41076815259E-02
-1.42295621439E-02
-2.96474603126E-02
-5.50900393065E-02
-8.49507907005E-02
-1.00612450105E-01
-7.02337060849E-02
-2.40409518876E-02
1.27974648831E-03
9.38480758097E-03
-2.58996313111E-03
-5.88073981535E-03
4.93616502636E-03
6.52061305951E-03
-7.34330723057E-03
-2.48027057497E-02
-3.07748560285E-02
-2.86114750602E-02
-7.98318047473E-03
3.26944757610E-02
6.72171607910E-02
8.04716779914E-02
9.13799932966E-02
1.26847253116E-01
1.88000853164E-01
2.50220908620E-01
2.78314391054E-01
2.63353545202E-01
2.15911514671E-01
1.43697248545E-01
5.55470916238E-02
-3.47664462659E-02
-1.12008287882E-01
-1.88793077181E-01
-2.94036990768E-01
-4.13175294799E-01
-5.14976080929E-01
-5.82528413419E-01
-5.29510344617E-01
-3.10399463725E-01
-1.07254943783E-01
-5.36274718913E-02
-6.23419360736E-02
-5.14336207685E-02
5.90511593894E-02
1.85228069106E-01
1.68926536458E-01
1.31234955361E-01
9.93631737713E-02
3.93369694384E-02
2.55644596118E-02
8.34882232853E-03
-5.10679789147E-02
-9.49754715256E-02
-5.98129132515E-02
-1.09692556141E-02
-2.49855266766E-03
-7.98318047473E-03
-1.52960175508E-02
2.83372436698E-03
5.24086657119E-03
-3.08662664920E-02
-8.93384929462E-02
-1.43788659009E-01
-1.62101221853E-01
-1.63076266797E-01
-1.74837746427E-01
-2.02992169170E-01
-2.19933575063E-01
-2.18531947957E-01
-2.02748407934E-01
-1.81206008714E-01
-1.72430604223E-01
-1.71729790670E-01
-1.74929156891E-01
-1.82546695512E-01
-1.96014503794E-01
-2.06282945855E-01
-2.03814863341E-01
-1.93881592980E-01
-1.70937566653E-01
-1.15877997501E-01
-6.24638166916E-02
-5.97519729425E-02
-6.89844297511E-02
-7.13611018008E-02
-8.00450958286E-02
-8.67789999695E-02
-9.80834272830E-02
-1.03781346171E-01
-1.23830707822E-01
-1.35805478534E-01
-8.86681495475E-02
-3.50406776562E-02
-1.91961973247E-03
1.44428532253E-02
3.45226850300E-02
9.95155245437E-02
1.53325817362E-01
1.85014778025E-01
2.24869740090E-01
2.30689539596E-01
2.15058350346E-01
2.14418477102E-01
2.24168926536E-01
2.19232761510E-01
2.05368841220E-01
2.03875803650E-01
1.98970108778E-01
1.98543526616E-01
1.95679332094E-01
1.70541454645E-01
1.28401230994E-01
6.39263841068E-02
7.43471769402E-03
-1.73679880557E-02
-1.99274810323E-02
1.06645540693E-02
5.22563149395E-02
8.36405740577E-02
1.03781346171E-01
1.03050062464E-01
9.59809866236E-02
9.98811663975E-02
1.18894542795E-01
1.37999329657E-01
1.51467137938E-01
1.67342088424E-01
1.73832231329E-01
1.61887930772E-01
1.38822023828E-01
1.08321399189E-01
6.12145403577E-02
4.08300070081E-03
-4.08604771626E-02
-6.52061305951E-02
-5.66135470307E-02
-1.52655473963E-02
3.16889606630E-02
6.75828026448E-02
7.99841555197E-02
7.65105579085E-02
7.91919315031E-02
7.58706846644E-02
5.17078521588E-02
2.99826320119E-02
2.44065937414E-02
2.11158170572E-02
1.59968311039E-02
6.03309058777E-03
-5.21039641671E-03
-1.48084950791E-02
-2.65699747098E-02
-4.49739480179E-02
-7.82473567141E-02
-1.12648161126E-01
-1.34799963436E-01
-1.37846978884E-01
-1.24653401993E-01
-1.09265973978E-01
-8.86072092386E-02
-6.77046832627E-02
-4.78990828484E-02
-2.51378774490E-02
-8.65352387337E-03
-5.30180688016E-03
-1.29193455011E-02
-1.82211523812E-02
-2.05673542765E-02
-1.28888753466E-02
2.38276608062E-02
7.44385874036E-02
1.14019318078E-01
1.38608732746E-01
1.45555927969E-01
1.25140924464E-01
7.30979006064E-02
1.30412261190E-02
-2.37057801883E-02
-3.29382369969E-02
-2.17556903013E-02
-5.85026966087E-03
1.36810993632E-02
4.83866053201E-02
8.46765593102E-02
1.19290654804E-01
1.45129345806E-01
1.38273561047E-01
1.01983607057E-01
5.18297327767E-02
8.83634480027E-04
-3.26335354520E-02
-3.80572229501E-02
-2.99521618575E-02
-1.45647338432E-02
-7.61753862092E-04
-2.97998110850E-02
-8.35186934398E-02
-1.15085773485E-01
-1.40863524178E-01
-1.67646789969E-01
-1.66824095798E-01
-1.37846978884E-01
-1.06919772083E-01
-8.64742984247E-02
-6.53889515220E-02
-4.14089399433E-02
-2.86114750602E-02
-1.93485480971E-02
-1.31935768914E-02
-1.03293823700E-02
-6.09403089674E-05
3.32124683872E-03
8.34882232853E-03
2.91599378409E-02
5.46025168348E-02
7.84606477955E-02
8.79673359944E-02
7.71199609982E-02
5.39931137451E-02
1.58749504860E-02
-3.13233188092E-02
-6.31341600902E-02
-6.84054968159E-02
-5.34751211189E-02
-1.20357110211E-02
4.89350681008E-02
9.82053079009E-02
1.30777903044E-01
1.49852219751E-01
1.59480788568E-01
1.62619214479E-01
1.56342362656E-01
1.35226545599E-01
9.50668819891E-02
6.22505256102E-02
5.14945610774E-02
6.00566744873E-02
8.10506109266E-02
8.90033212468E-02
7.03555867028E-02
4.12565891709E-02
1.84039733081E-02
-5.17992626223E-03
-3.06529754106E-02
-5.57299125507E-02
-7.77903043968E-02
-1.04939212042E-01
-1.42874554374E-01
-1.57500228526E-01
-1.38547792437E-01
-1.01191383040E-01
-4.69545080594E-02
4.35723209117E-03
2.91904079954E-02
4.07690666992E-02
4.12565891709E-02
2.66309150187E-02
1.64538834212E-02
3.10795575734E-03
-2.37971906518E-02
-5.41759346720E-02
-7.41034157043E-02
-7.02641762394E-02
-5.07632773698E-02
-3.89408574301E-02
-4.00987233005E-02
-5.20430238581E-02
-7.78512447058E-02
-1.04238398489E-01
-1.22032968707E-01
-1.42417502057E-01
-1.68347603522E-01
-1.85380419879E-01
-1.94247234833E-01
-2.05094609830E-01
-2.13138730613E-01
-2.07593162497E-01
-1.83826442000E-01
-1.44976995033E-01
-1.04817331424E-01
-8.05021481459E-02
-6.54803619854E-02
-5.96300923246E-02
-6.19458240653E-02
-5.88073981535E-02
-5.99957341784E-02
-7.00813553125E-02
-8.54078430178E-02
-1.01739845821E-01
-1.05975197294E-01
-9.84795392913E-02
-9.64989792498E-02
-9.54934641519E-02
-8.66266491971E-02
-8.46765593102E-02
-8.89728510924E-02
-8.99174258813E-02
-7.83387671775E-02
-5.64307261038E-02
-3.78439318687E-02
-3.10795575734E-02
-3.15670800451E-02
-2.05673542765E-02
-6.09403089674E-05
2.64480940918E-02
5.09156281422E-02
5.93863310887E-02
5.90816295439E-02
4.48215972455E-02
1.64843535757E-02
-7.61753862092E-03
-2.20908620007E-02
-3.34257594686E-02
-4.33590298303E-02
-4.45778360096E-02
-3.38218714769E-02
-2.05064139675E-02
-1.94704287151E-02
-2.55949297663E-02
-3.81181632591E-02
-5.44196959079E-02
-6.16106523660E-02
-7.19705048905E-02
-7.02337060849E-02
-4.66193363600E-02
-1.67890551205E-02
1.63624729577E-02
4.19269325695E-02
6.40482647247E-02
7.96185136659E-02
9.10448215972E-02
1.02623480301E-01
1.05457204668E-01
9.75044943478E-02
7.71504311527E-02
5.90816295439E-02
3.78744020232E-02
1.46866144611E-02
2.34620189524E-03
-3.44312745666E-03
4.81428440842E-03
3.24811846796E-02
7.62058563637E-02
1.14110728541E-01
1.31752947987E-01
1.39827538926E-01
1.33154575094E-01
1.02166427984E-01
6.69124592462E-02
4.25058655047E-02
2.85200645967E-02
3.01654529388E-02
3.57414912094E-02
3.86970961943E-02
4.85389560925E-02
6.05441969591E-02
6.03004357232E-02
5.54252110058E-02
7.03860568573E-02
9.60723970871E-02
1.21271214845E-01
1.41990919894E-01
1.42965964837E-01
1.38669673055E-01
1.34769493281E-01
1.26115969408E-01
1.25049514001E-01
1.34251500655E-01
1.59237027332E-01
1.91565861239E-01
2.12468387215E-01
2.17709253786E-01
2.13291081386E-01
1.97995063835E-01
1.59785490112E-01
1.12404399890E-01
7.30979006064E-02
4.23535147323E-02
2.18166306103E-02
8.92775526372E-03
-2.98607513940E-03
-1.68195252750E-02
-3.22678935982E-02
-4.34504402937E-02
-4.11956488619E-02
-3.01654529388E-02
-1.85258539261E-02
-7.00813553125E-03
9.17151649959E-03
3.49492671928E-02
6.90758402145E-02
1.07376824401E-01
1.33337396021E-01
1.30930253816E-01
1.10880892166E-01
9.73216734209E-02
8.30007008136E-02
4.92702398001E-02
2.25479143179E-03
-5.14031506140E-02
-1.01465614431E-01
-1.38425911819E-01
-1.61735579999E-01
-1.68286663213E-01
-1.62101221853E-01
-1.46774734148E-01
-1.25079984156E-01
-1.07315884092E-01
-8.59563057985E-02
-5.23781955575E-02
-2.30963770986E-02
-4.78381425394E-03
9.90280020720E-03
1.76117492916E-02
1.39553307535E-02
2.16338096834E-03
-1.34068679728E-02
-2.51988177580E-02
-3.75087601694E-02
-6.09098388129E-02
-7.91309911941E-02
-8.05021481459E-02
-7.68152594534E-02
-7.41643560133E-02
-7.03860568573E-02
-5.98129132515E-02
-5.21649044761E-02
-5.11289192236E-02
-4.14698802523E-02
-2.44675340504E-02
-2.83372436698E-03
1.69718760474E-02
3.11100277278E-02
4.40903135379E-02
5.10375087602E-02
5.42064048265E-02
5.43587555989E-02
4.37856119931E-02
1.90743167068E-02
-1.33763978183E-02
-4.75029708401E-02
-8.31225814315E-02
-1.12434870045E-01
-1.31174015052E-01
-1.39431426917E-01
-1.34007739419E-01
-1.18437490478E-01
-1.09966787532E-01
-1.15847527347E-01
-1.16121758737E-01
-1.09265973978E-01
-1.02318778756E-01
-8.02888570645E-02
-4.54614704897E-02
-1.07254943783E-02
2.25783844724E-02
5.88683384625E-02
9.64075687864E-02
1.22429080715E-01
1.23312715195E-01
9.70169718760E-02
5.71620098114E-02
2.81239525884E-02
2.70574971815E-02
3.57719613638E-02
3.64423047625E-02
3.34866997776E-02
2.45589445138E-02
5.48462780706E-03
-1.91961973247E-02
-4.24144550413E-02
-6.40177945702E-02
-9.06791797434E-02
-1.14598251013E-01
-1.11033242939E-01
-7.72723117706E-02
-2.87333556781E-02
9.93327036168E-03
1.39858009080E-02
3.04701544837E-03
-7.31283707608E-04
-1.19443005576E-02
-3.23897742162E-02
-5.11898595326E-02
-6.82531460435E-02
-7.45909381761E-02
-6.85883177428E-02
-6.75218623358E-02
-7.28846095250E-02
-7.08431091746E-02
-6.27380480819E-02
-5.08546878333E-02
-3.07139157196E-02
-5.30180688016E-03
2.75145494988E-02
6.31951003992E-02
8.51336116274E-02
9.08924708248E-02
9.40613668911E-02
9.87233005271E-02
9.90280020720E-02
8.42499771474E-02
4.96663518084E-02
1.63624729577E-02
-6.61202352296E-03
-3.04092141747E-02
-5.72838904293E-02
-8.48593802371E-02
-1.08839391816E-01
-1.27791827905E-01
-1.46988025229E-01
-1.60577714129E-01
-1.54879795241E-01
-1.36049239770E-01
-1.07986227490E-01
-6.44748468875E-02
-2.43456534325E-02
9.14104634510E-05
2.02321825772E-02
3.79048721777E-02
5.13422103050E-02
5.32618300375E-02
3.69907675432E-02
1.76726896005E-02
1.11216063865E-02
1.92266674792E-02
3.49187970383E-02
5.25000761754E-02
6.25856973095E-02
6.35607422530E-02
7.69980803803E-02
9.55848746153E-02
9.27206800938E-02
7.85825284134E-02
6.96547731497E-02
7.41034157043E-02
9.23855083945E-02
1.06706481002E-01
1.17767147079E-01
1.28401230994E-01
1.21362625309E-01
1.06036137603E-01
1.00490569487E-01
9.94545842347E-02
1.00825741187E-01
1.04512629879E-01
1.04421219416E-01
1.03080532618E-01
1.00795271032E-01
8.96736646455E-02
6.96243029952E-02
5.61869648679E-02
6.28903988543E-02
8.08068496907E-02
9.57067552332E-02
9.89975319175E-02
8.90642615558E-02
7.83997074865E-02
7.96185136659E-02
8.71751119778E-02
9.48231207532E-02
1.09479265060E-01
1.22520491179E-01
1.16517870746E-01
8.73884030592E-02
4.82951948566E-02
1.84953837716E-02
-1.95008988696E-03
-9.14104634510E-03
3.04701544837E-05
4.75334409945E-03
-4.63146348152E-03
-1.61491818764E-02
-2.25479143179E-02
-3.18413114354E-02
-5.17383223133E-02
-7.42252963223E-02
-8.63828879612E-02
-8.91252018648E-02
-9.35129041104E-02
-9.72302629574E-02
-9.17456351504E-02
-7.86129985679E-02
-5.99652640239E-02
-4.47301867820E-02
-4.13175294799E-02
-4.54919406441E-02
-5.28352478747E-02
-5.92339803163E-02
-6.41396751882E-02
-7.64496175996E-02
-9.76873152747E-02
-1.09083153052E-01
-1.02075017520E-01
-8.91252018648E-02
-8.36101039032E-02
-8.04412078369E-02
-6.19458240653E-02
-3.33648191596E-02
-3.77829915598E-03
2.25174441634E-02
3.97026112922E-02
5.01843444346E-02
4.73201499132E-02
2.93427587678E-02
3.59547822907E-03
-2.05368841220E-02
-3.59852524452E-02
-4.75334409945E-02
-5.17383223133E-02
-4.51262987903E-02
-3.03482738657E-02
-5.85026966087E-03
1.88305554709E-02
2.57168103842E-02
1.38029799811E-02
-6.36826228709E-03
-2.28830860172E-02
-2.22736829276E-02
-7.98318047473E-03
8.47070294646E-03
2.31573174076E-02
2.71184374905E-02
1.10911362321E-02
-1.42905024528E-02
-3.26030652975E-02
-4.26277461227E-02
-4.35113806027E-02
-3.52844388921E-02
-2.74840793443E-02
-2.00798318047E-02
-8.92775526372E-03
-3.44312745666E-03
-3.50406776562E-03
3.59547822907E-03
2.32487278711E-02
5.12812699960E-02
6.87406685152E-02
6.92891312959E-02
6.10621895853E-02
4.23230445778E-02
1.89524360889E-02
-2.58996313111E-03
-2.34010786435E-02
-4.77162619214E-02
-7.33721319967E-02
-9.20198665407E-02
-9.96678753161E-02
-9.09229409793E-02
-6.53889515220E-02
-3.52844388921E-02
-2.02017124227E-02
-1.96227794875E-02
-1.84953837716E-02
-1.18833602486E-02
-9.14104634510E-04
1.73679880557E-03
-5.14945610774E-03
-5.78932935190E-03
1.24927633383E-03
9.14104634510E-05
-1.43819129163E-02
-2.28221457083E-02
-1.49303756970E-02
2.98607513940E-03
1.71546969743E-02
2.11158170572E-02
1.91657271702E-02
1.56007190956E-02
1.91657271702E-02
2.21213321552E-02
1.95618391785E-02
1.47170846156E-02
5.78932935190E-04
-1.96227794875E-02
-3.81486334136E-02
-4.85694262470E-02
-5.18297327767E-02
-5.21344343216E-02
-4.77772022304E-02
-4.03120143819E-02
-3.32734086962E-02
-2.42237728145E-02
-8.31835217405E-03
1.58444803315E-02
5.06413967519E-02
8.20865961790E-02
8.99783661903E-02
6.93196014504E-02
3.62899539901E-02
1.38334501356E-02
9.14104634510E-04
-1.45647338432E-02
-3.75392303239E-02
-6.31951003992E-02
-7.75160730065E-02
-6.96547731497E-02
-5.51205094610E-02
-5.24391358664E-02
-4.74115603766E-02
-2.68442061001E-02
-4.54005301807E-03
1.14263079314E-02
2.38276608062E-02
3.16280203541E-02
3.37914013224E-02
2.85505347512E-02
2.37057801883E-02
2.37667204973E-02
3.09272068009E-02
5.04890459795E-02
7.23056765898E-02
9.11667022152E-02
1.00338218715E-01
9.23550382400E-02
7.68152594534E-02
5.46939272982E-02
3.35781102410E-02
2.01407721137E-02
1.26146439562E-02
1.71546969743E-02
3.41570431762E-02
6.59983546117E-02
9.55239343063E-02
1.07529175173E-01
1.08290929035E-01
9.98506962430E-02
8.70837015144E-02
7.15134525732E-02
5.45111063713E-02
3.38523416314E-02
1.33763978183E-02
7.16048630367E-03
9.11057619062E-03
9.53715835339E-03
1.24927633383E-02
1.70023462019E-02
2.02931228861E-02
1.95618391785E-02
1.52960175508E-02
2.36753100338E-02
3.92150888205E-02
3.80572229501E-02
2.37362503428E-02
6.06356074225E-03
-1.15786587038E-02
-2.76364301167E-02
-4.68630975959E-02
-6.55108321399E-02
-6.96243029952E-02
-5.92339803163E-02
-5.26828971023E-02
-6.24028763826E-02
-7.66629086809E-02
-8.05935586093E-02
-7.45604680216E-02
-5.70096590390E-02
-4.04948353088E-02
-3.93369694384E-02
-4.53091197172E-02
-4.72287394497E-02
-3.62594838356E-02
-2.35229592614E-02
-1.98056004144E-02
-1.89829062433E-02
-1.83430329992E-02
-1.39248605990E-02
-1.82820926902E-03
6.39873244157E-03
-3.10795575734E-03
-1.55397787867E-02
-1.36506292087E-02
-6.49014290502E-03
-4.50958286359E-03
-3.41265730217E-03
-1.52350772418E-04
3.90017977391E-03
1.09997257686E-02
1.20052408666E-02
1.61491818764E-03
-7.31283707608E-03
-1.11216063865E-02
-1.15786587038E-02
-1.03598525245E-02
-1.22185319480E-02
-1.15177183948E-02
-7.98318047473E-03
-7.86129985679E-03
-1.21271214845E-02
-1.65148237302E-02
-1.54483683232E-02
-7.46518784850E-03
1.58444803315E-03
5.08851579878E-03
7.31283707608E-03
7.52612815747E-03
5.51509796155E-03
3.90017977391E-03
-8.53164325543E-04
-1.01160912886E-02
-2.57168103842E-02
-4.30543282854E-02
-5.74362412017E-02
-7.16962735001E-02
-8.39148054481E-02
-8.90642615558E-02
-8.84548584661E-02
-8.15686035528E-02
-6.74304518724E-02
-5.74667113562E-02
-5.42978152899E-02
-5.11289192236E-02
-5.41759346720E-02
-6.16715926750E-02
-6.23114659191E-02
-5.78018830555E-02
-4.68630975959E-02
-2.83981839788E-02
-2.18166306103E-02
-3.04396843292E-02
-3.88189768122E-02
-4.63755751242E-02
-5.00624638167E-02
-4.67716871325E-02
-4.32371492123E-02
-4.19878728785E-02
-3.58938419818E-02
-2.37971906518E-02
-1.73679880557E-02
-1.45037935342E-02
-6.30732197812E-03
-1.58444803315E-03
-4.11347085530E-03
-2.04150035041E-03
7.70894908437E-03
2.31573174076E-02
3.90932082026E-02
4.36637313751E-02
3.51016179652E-02
1.73679880557E-02
-2.62043328560E-03
-8.92775526372E-03
4.57052317255E-04
1.24013528749E-02
2.29744964807E-02
3.31515280782E-02
4.74725006856E-02
6.55413022944E-02
7.73027819251E-02
8.22389469515E-02
8.08068496907E-02
7.08735793290E-02
5.44501660623E-02
3.58024315183E-02
2.58691611566E-02
2.53206983759E-02
2.74231390353E-02
3.29687071513E-02
3.76001706329E-02
3.64727749170E-02
3.01654529388E-02
2.25174441634E-02
2.24260337000E-02
2.44980042049E-02
1.32240470459E-02
-3.65641853804E-03
-1.14872482403E-02
-7.58706846644E-03
1.00246808251E-02
3.08967366465E-02
3.71735884701E-02
3.32734086962E-02
3.11404978823E-02
2.75450196532E-02
1.84953837716E-02
7.49565800299E-03
2.92513483043E-03
5.17992626223E-03
7.31283707608E-03
1.35592187452E-02
2.38276608062E-02
2.83981839788E-02
3.14147292727E-02
3.74478198604E-02
4.27496267406E-02
4.18964624151E-02
2.60824522380E-02
4.20488131875E-03
-8.22694171059E-03
-1.20357110211E-02
-1.71851671288E-02
-2.93427587678E-02
-4.28410372041E-02
-5.64002559493E-02
-7.24580273622E-02
-8.11420213900E-02
-7.76684237789E-02
-7.36463633871E-02
-6.95938328407E-02
-5.70401291935E-02
-3.90932082026E-02
-2.55949297663E-02
-1.90743167068E-02
-9.41527773546E-03
9.50668819891E-03
3.05615649471E-02
4.86913068649E-02
6.34388616350E-02
7.07821688656E-02
7.53222218837E-02
7.77293640879E-02
6.42310856516E-02
3.12014381913E-02
-7.43471769402E-03
-3.16280203541E-02
-3.75087601694E-02
-2.90685273774E-02
-1.29498156556E-02
-8.89728510924E-03
-1.60882415674E-02
-1.62405923398E-02
-8.89728510924E-03
-3.47359761114E-03
-4.20488131875E-03
-8.04412078369E-03
-8.95822541820E-03
-5.14945610774E-03
4.08300070081E-03
1.82820926902E-02
2.98302812395E-02
2.98912215485E-02
2.44675340504E-02
2.97388707761E-02
3.86970961943E-02
3.27249459155E-02
1.56311892501E-02
-5.11898595326E-03
-2.62957433194E-02
-3.93064992840E-02
-4.31762089034E-02
-4.02206039185E-02
-3.05310947927E-02
-2.33096681800E-02
-2.21822724641E-02
-1.23099424114E-02
1.26755842652E-02
3.83619244950E-02
5.59736737865E-02
6.27380480819E-02
5.59127334776E-02
4.46997166276E-02
3.38218714769E-02
2.20908620007E-02
1.41990919894E-02
1.09083153052E-02
9.65903897133E-03
1.18224199397E-02
1.60577714129E-02
1.91657271702E-02
1.90743167068E-02
9.84185989823E-03
-5.78932935190E-03
-1.46561443067E-02
-9.47621804443E-03
1.98056004144E-03
8.92775526372E-03
1.20661811755E-02
1.17919497852E-02
8.65352387337E-03
3.93064992840E-03
-1.27974648831E-03
-5.17992626223E-04
9.23245680856E-03
2.44065937414E-02
3.19327218989E-02
2.78801913526E-02
2.37057801883E-02
2.32487278711E-02
2.67832657912E-02
2.95560498492E-02
2.90380572230E-02
3.31210579238E-02
4.14394100978E-02
4.55833511076E-02
4.18050519516E-02
3.89408574301E-02
4.29629178220E-02
4.20183430330E-02
2.86419452147E-02
7.98318047473E-03
-8.47070294646E-03
-1.23404125659E-02
-6.36826228709E-03
2.04150035041E-03
5.48462780706E-03
3.62594838356E-03
8.22694171059E-04
-2.25479143179E-03
-6.30732197812E-03
-8.34882232853E-03
-7.76988939334E-03
-9.35433742649E-03
-1.27669947287E-02
-1.75203388281E-02
-2.24869740090E-02
-2.26393247814E-02
-1.82820926902E-02
-1.03598525245E-02
-1.03598525245E-03
4.66193363600E-03
1.98056004144E-03
-1.21880617935E-02
-3.01959230933E-02
-4.58575824979E-02
-6.18848837564E-02
-6.83445565069E-02
-5.95691520156E-02
-4.87522471739E-02
-4.30238581310E-02
-3.86666260398E-02
-3.53453792011E-02
-3.71735884701E-02
-4.12261190164E-02
-4.18964624151E-02
-4.20183430330E-02
-4.44559553917E-02
-4.00377829916E-02
-2.33706084890E-02
-1.13348974679E-02
-1.61491818764E-02
-2.68746762546E-02
-3.28772966879E-02
-3.42789237941E-02
-2.98607513940E-02
-2.09634662848E-02
-1.10301959231E-02
2.13291081386E-03
1.63320028033E-02
2.79411316615E-02
3.17194308175E-02
2.16338096834E-02
5.45415765258E-03
-5.08851579878E-03
-4.66193363600E-03
6.58155336848E-03
2.39495414242E-02
4.17745817971E-02
5.66135470307E-02
6.39873244157E-02
5.44196959079E-02
3.00740424754E-02
7.34330723057E-03
-5.54556811603E-03
-1.31631067370E-02
-1.64234132667E-02
-1.06340839148E-02
5.17992626223E-04
1.03293823700E-02
1.82211523812E-02
2.53206983759E-02
2.98607513940E-02
3.03178037113E-02
2.91294676864E-02
3.48273865748E-02
4.97577622719E-02
6.24028763826E-02
6.98375940766E-02
7.45604680216E-02
7.18181541180E-02
5.73753008928E-02
3.20850726713E-02
6.79484444986E-03
-1.08778451507E-02
-2.49855266766E-02
-3.25116548341E-02
-2.55949297663E-02
-1.13653676224E-02
-1.43209726073E-03
4.20488131875E-03
8.01365062921E-03
1.45647338432E-02
2.45894146683E-02
2.55949297663E-02
1.30107559645E-02
-6.24638166916E-03
-2.62652731649E-02
-3.86361558853E-02
-3.70212376977E-02
-2.66613851732E-02
-1.85563240806E-02
-1.78555105274E-02
-1.90743167068E-02
-1.27365245742E-02
-1.82820926902E-03
4.69240379049E-03
7.52612815747E-03
4.23535147323E-03
-1.00246808251E-02
-2.94341692312E-02
-4.80514336208E-02
-6.55108321399E-02
-8.29092903501E-02
-9.69865017216E-02
-1.03598525245E-01
-1.03293823700E-01
-9.70779121850E-02
-8.95213138731E-02
-8.44937383833E-02
-8.21780066425E-02
-7.94661628934E-02
-7.25799079801E-02
-6.53584813675E-02
-5.98738535604E-02
-5.37493525092E-02
-4.44254852372E-02
-2.90685273774E-02
-1.77336299095E-02
-2.00798318047E-02
-2.55949297663E-02
-2.16338096834E-02
-1.11520765410E-02
5.48462780706E-04
1.31631067370E-02
2.05368841220E-02
2.45284743594E-02
2.99521618575E-02
3.33952893141E-02
3.29991773058E-02
2.57472805387E-02
1.52046070874E-02
1.12434870045E-02
1.68195252750E-02
2.51683476035E-02
2.96474603126E-02
3.00131021664E-02
2.65395045553E-02
2.08720558213E-02
1.86172643895E-02
2.27002650903E-02
2.79106615071E-02
3.21155428258E-02
3.43703342576E-02
3.18108412810E-02
2.36753100338E-02
1.08169048417E-02
-1.82820926902E-04
-4.87522471739E-03
-5.72838904293E-03
-3.96112008288E-03
-5.78932935190E-04
-7.61753862092E-04
-2.71184374905E-03
-2.68137359456E-03
1.18833602486E-03
1.06645540693E-02
1.86172643895E-02
2.02626527316E-02
1.38943904446E-02
6.97766537676E-03
7.98318047473E-03
1.06645540693E-02
1.03293823700E-02
4.96663518084E-03
-1.91961973247E-03
-4.23535147323E-03
1.31021664280E-03
1.24318230293E-02
2.07197050489E-02
2.08415856668E-02
1.01465614431E-02
-4.05253054633E-03
-1.47780249246E-02
-1.98665407234E-02
-1.39248605990E-02
-2.92513483043E-03
2.10244065937E-03
-2.68137359456E-03
-1.41990919894E-02
-2.62348030105E-02
-3.47055059569E-02
-3.50406776562E-02
-2.99521618575E-02
-2.57472805387E-02
-1.92571376337E-02
-1.17310094762E-02
-5.11898595326E-03
-2.13291081386E-04
-1.55397787867E-03
-3.71735884701E-03
-5.91120996983E-03
-9.41527773546E-03
-8.44023279198E-03
-7.95271032024E-03
-9.44574788994E-03
-4.66193363600E-03
9.47621804443E-03
3.05006246382E-02
4.72896797587E-02
5.62479051769E-02
5.88683384625E-02
4.95749413450E-02
3.59852524452E-02
2.68137359456E-02
2.36753100338E-02
2.25479143179E-02
2.12986379841E-02
2.41628325056E-02
2.67832657912E-02
2.74231390353E-02
2.31877875621E-02
1.26146439562E-02
2.43761235869E-03
4.54005301807E-03
2.58386910022E-02
5.05195161339E-02
6.29513391633E-02
6.19458240653E-02
4.70459185228E-02
1.82820926902E-02
-9.32386727201E-03
-2.74231390353E-02
-4.58575824979E-02
-6.20372345288E-02
-7.13611018008E-02
-7.26408482891E-02
-6.00871446418E-02
-3.90627380481E-02
-2.06892348944E-02
-7.61753862092E-03
9.14104634510E-04
4.38770224565E-03
1.31021664280E-03
-5.51509796155E-03
-5.02757548981E-03
6.67296383193E-03
2.15119290655E-02
3.32734086962E-02
4.26886864316E-02
4.93921204181E-02
5.14031506140E-02
4.98187025808E-02
4.27191565861E-02
3.15975501996E-02
2.47722355952E-02
2.45284743594E-02
2.21518023096E-02
9.44574788994E-03
-5.54556811603E-03
-1.39553307535E-02
-2.00188914958E-02
-2.07197050489E-02
-1.28888753466E-02
-3.32124683872E-03
5.21039641671E-03
1.05731436058E-02
1.09692556141E-02
7.55659831195E-03
4.66193363600E-03
6.39873244157E-03
1.48389652336E-02
2.15119290655E-02
1.98056004144E-02
1.85867942350E-02
2.06587647399E-02
2.47112952863E-02
2.10548767482E-02
1.41076815259E-02
2.00798318047E-02
3.27858862244E-02
4.55528809531E-02
4.99710533532E-02
4.43036046193E-02
3.24811846796E-02
1.29498156556E-02
-9.04963588165E-03
-2.62652731649E-02
-2.96779304671E-02
-2.38276608062E-02
-1.96837197965E-02
-1.93485480971E-02
-1.95923093330E-02
-1.59358907950E-02
-1.24622931838E-02
-1.19443005576E-02
-1.51741369329E-02
-2.05673542765E-02
-2.03845333496E-02
-1.35592187452E-02
-3.80876931046E-03
7.89177001127E-03
1.59358907950E-02
1.64843535757E-02
1.15786587038E-02
1.40162710625E-03
-6.27685182364E-03
-8.71446418233E-03
-6.49014290502E-03
3.62594838356E-03
1.11216063865E-02
8.01365062921E-03
-3.04701544837E-03
-1.53264877053E-02
-2.04759438130E-02
-1.59968311039E-02
-1.25232334928E-02
-1.77945702185E-02
-2.56253999208E-02
-3.42789237941E-02
-4.25058655047E-02
-4.31762089034E-02
-3.22069532893E-02
-1.85867942350E-02
-1.08778451507E-02
-5.45415765258E-03
1.82820926902E-03
1.31021664280E-02
2.15423992200E-02
2.23955635455E-02
2.09939364393E-02
2.23041530821E-02
2.88857064505E-02
3.36085803955E-02
3.28772966879E-02
2.86724153691E-02
2.15119290655E-02
1.75203388281E-02
1.88914957799E-02
2.46503549773E-02
3.13842591182E-02
3.50711478107E-02
3.49797373473E-02
2.56558700753E-02
1.11520765410E-02
2.68137359456E-03
9.44574788994E-04
-3.35171699321E-04
-7.89177001127E-03
-1.58749504860E-02
-1.18528900942E-02
-1.24927633383E-03
5.75885919742E-03
1.02379719065E-02
1.52046070874E-02
2.12072275206E-02
2.41323623511E-02
2.41323623511E-02
2.42237728145E-02
2.04454736586E-02
1.07559645327E-02
-2.80325421250E-03
-1.57530698681E-02
-2.36448398793E-02
-2.36143697249E-02
-1.85258539261E-02
-1.51131966239E-02
-1.24622931838E-02
-1.21271214845E-02
-1.54178981687E-02
-1.68804655840E-02
-1.26146439562E-02
-1.95008988696E-03
7.22142661263E-03
7.58706846644E-03
1.88914957799E-03
-4.72287394497E-03
-7.49565800299E-03
-8.56211340991E-03
-1.16091288583E-02
-1.04207928334E-02
-6.55108321399E-03
-8.92775526372E-03
-1.44123830708E-02
-1.74593985192E-02
-1.74593985192E-02
-2.02626527316E-02
-3.17499009720E-02
-4.32066790579E-02
-4.94225905725E-02
-5.30180688016E-02
-4.99101130443E-02
-4.03729546909E-02
-2.92208781499E-02
-2.26697949359E-02
-2.56558700753E-02
-3.33343490051E-02
-4.00073128371E-02
-4.35113806027E-02
-4.38160821475E-02
-4.03120143819E-02
-3.14147292727E-02
-2.15423992200E-02
-1.84953837716E-02
-2.29135561717E-02
-2.61433925470E-02
-2.57472805387E-02
-2.62348030105E-02
-2.93427587678E-02
-3.53453792011E-02
-3.97940217557E-02
-3.64423047625E-02
-2.69660867181E-02
-1.76117492916E-02
-8.53164325543E-03
3.62594838356E-03
1.79164508364E-02
2.85200645967E-02
3.09576769554E-02
2.73317285719E-02
1.97446601054E-02
9.59809866236E-03
2.31573174076E-03
4.08300070081E-03
1.34678082818E-02
1.87696151619E-02
1.84344434626E-02
2.03540631951E-02
1.91047868613E-02
8.98869557269E-03
-3.13842591182E-03
-9.32386727201E-03
-5.48462780706E-03
6.15497120570E-03
1.85258539261E-02
2.96169901581E-02
3.86361558853E-02
4.22011639599E-02
4.39989030744E-02
4.74725006856E-02
4.89045979463E-02
4.50958286359E-02
3.52539687376E-02
2.50464669856E-02
1.89219659344E-02
1.60882415674E-02
1.91657271702E-02
2.78497211981E-02
3.72345287791E-02
4.25972759682E-02
4.46997166276E-02
4.71677991407E-02
4.58575824979E-02
4.06167159267E-02
3.64727749170E-02
2.92208781499E-02
2.07501752034E-02
1.66671745026E-02
1.70632865109E-02
2.14205186020E-02
2.12681678296E-02
1.57225997136E-02
1.36506292087E-02
1.73070477467E-02
2.57777506932E-02
3.53758493556E-02
4.07995368537E-02
4.18355221061E-02
3.91541485115E-02
3.29382369969E-02
2.58082208477E-02
1.83125628447E-02
1.27060544197E-02
1.05122032969E-02
8.50117310095E-03
7.31283707608E-03
1.04817331424E-02
1.65757640391E-02
1.96837197965E-02
2.00798318047E-02
2.19994515372E-02
2.16947499924E-02
1.56921295591E-02
9.62856881684E-03
1.04207928334E-02
1.84039733081E-02
2.30049666352E-02
1.63929431122E-02
4.54005301807E-03
-6.06356074225E-03
-1.59663609495E-02
-2.65395045553E-02
-3.16280203541E-02
-2.79106615071E-02
-2.37667204973E-02
-2.10244065937E-02
-1.57530698681E-02
-9.90280020720E-03
-7.92224016576E-03
-1.03598525245E-02
-1.28584051921E-02
-1.62710624943E-02
-2.03235930406E-02
-1.96837197965E-02
-1.45342636887E-02
-7.25189676712E-03
7.92224016576E-04
6.30732197812E-03
5.24086657119E-03
-3.96112008288E-04
-5.75885919742E-03
-1.05731436058E-02
-1.73679880557E-02
-2.90380572230E-02
-4.69849782138E-02
-6.52975410585E-02
-7.31283707608E-02
-6.94110119138E-02
-5.81065846004E-02
-4.03729546909E-02
-2.38276608062E-02
-1.34678082818E-02
-8.22694171059E-03
-9.56762850788E-03
-1.56311892501E-02
-2.22736829276E-02
-2.53206983759E-02
-2.44980042049E-02
-2.44370638959E-02
-2.35534294159E-02
-1.95008988696E-02
-1.54788384777E-02
-1.41076815259E-02
-1.78859806819E-02
-2.22432127731E-02
-2.07197050489E-02
-1.68499954295E-02
-1.15177183948E-02
-6.30732197812E-03
-8.04412078369E-03
-1.59968311039E-02
-2.65395045553E-02
-3.59852524452E-02
-4.36942015296E-02
-5.03671653615E-02
-5.14640909229E-02
-4.93007099546E-02
-4.72287394497E-02
-4.49739480179E-02
-4.22621042689E-02
-3.52539687376E-02
-2.66918553277E-02
-1.73070477467E-02
-4.02206039185E-03
9.44574788994E-03
1.96227794875E-02
2.55644596118E-02
2.58996313111E-02
1.98056004144E-02
1.19138304031E-02
7.98318047473E-03
9.17151649959E-03
9.56762850788E-03
7.00813553125E-03
4.75334409945E-03
1.37115695177E-03
-1.98056004144E-03
-5.11898595326E-03
-7.89177001127E-03
-1.06036137603E-02
-1.68195252750E-02
-2.35229592614E-02
-2.77278405802E-02
-2.85505347512E-02
-2.56558700753E-02
-2.44370638959E-02
-2.56558700753E-02
-2.16642798379E-02
-9.96374051616E-03
2.31573174076E-03
9.99421067065E-03
1.43209726073E-02
1.54483683232E-02
1.20052408666E-02
8.40976263750E-03
1.09387854596E-02
1.51131966239E-02
1.56311892501E-02
1.22490021024E-02
5.66744873397E-03
1.06645540693E-03
3.35171699321E-04
4.14394100978E-03
1.12434870045E-02
1.43514427618E-02
1.13348974679E-02
6.76437429538E-03
6.67296383193E-03
9.56762850788E-03
1.13044273134E-02
1.57835400225E-02
2.45894146683E-02
3.42789237941E-02
4.18050519516E-02
4.50958286359E-02
4.35113806027E-02
3.55282001280E-02
2.36143697249E-02
1.61491818764E-02
1.77641000640E-02
2.37667204973E-02
2.79411316615E-02
2.80020719705E-02
2.38581309607E-02
2.04150035041E-02
2.04454736586E-02
1.98360705689E-02
1.99884213413E-02
2.40409518876E-02
2.92513483043E-02
3.35171699321E-02
3.50711478107E-02
3.15975501996E-02
2.47112952863E-02
1.98970108778E-02
2.09025259758E-02
2.53511685304E-02
2.82153630519E-02
2.67832657912E-02
2.54121088394E-02
2.78192510436E-02
3.07443858740E-02
3.11709680368E-02
2.94646393857E-02
2.78497211981E-02
2.43151832780E-02
1.59054206405E-02
5.94168012432E-03
-3.96112008288E-03
-1.21575916390E-02
-1.59054206405E-02
-1.67281148115E-02
-1.64234132667E-02
-1.53874280143E-02
-1.19747707121E-02
-7.28236692160E-03
-5.21039641671E-03
-6.58155336848E-03
-9.59809866236E-03
-1.28888753466E-02
-1.97141899509E-02
-2.90685273774E-02
-3.63204241446E-02
-4.28715073585E-02
-4.87217770194E-02
-5.21649044761E-02
-5.13117401505E-02
-4.58880526524E-02
-3.78744020232E-02
-2.64480940918E-02
-1.35592187452E-02
-3.19936622079E-03
9.44574788994E-04
-4.87522471739E-04
-4.60099332704E-03
-1.44123830708E-02
-2.35534294159E-02
-2.46503549773E-02
-2.03845333496E-02
-1.22185319480E-02
-2.55949297663E-03
4.96663518084E-03
5.54556811603E-03
3.04701544837E-04
-4.35723209117E-03
-5.75885919742E-03
-4.44864255462E-03
-2.89466467595E-03
-3.07748560285E-03
-5.17992626223E-03
-5.91120996983E-03
-5.85026966087E-03
-9.35433742649E-03
-1.49608458515E-02
-1.87391450075E-02
-1.86782046985E-02
-1.53874280143E-02
-7.83082970231E-03
4.84475456291E-03
1.49303756970E-02
1.78555105274E-02
1.84649136171E-02
1.99274810323E-02
2.22736829276E-02
2.66309150187E-02
3.20850726713E-02
3.20241323624E-02
2.30354367897E-02
1.11520765410E-02
5.69791888845E-03
5.21039641671E-03
2.46808251318E-03
-1.85867942350E-03
-7.58706846644E-03
-1.30107559645E-02
-1.47475547701E-02
-1.29193455011E-02
-7.52612815747E-03
9.75044943478E-04
1.06645540693E-02
1.68804655840E-02
1.58749504860E-02
9.20198665407E-03
4.57052317255E-04
-6.24638166916E-03
-8.25741186508E-03
-5.75885919742E-03
1.37115695177E-03
7.43471769402E-03
7.03860568573E-03
4.26582162772E-03
3.35171699321E-03
6.00262043329E-03
1.01160912886E-02
1.34678082818E-02
1.64538834212E-02
1.55093086322E-02
7.40424753954E-03
-5.78932935190E-03
-1.91352570158E-02
-2.58082208477E-02
-2.44065937414E-02
-1.76726896005E-02
-8.01365062921E-03
1.37115695177E-03
7.46518784850E-03
7.55659831195E-03
5.24086657119E-03
5.72838904293E-03
7.09954599470E-03
7.13001614918E-03
4.23535147323E-03
-3.29077668424E-03
-1.24013528749E-02
-1.87391450075E-02
-2.10548767482E-02
-1.98360705689E-02
-1.72461074378E-02
-1.54178981687E-02
-1.48389652336E-02
-1.65452938846E-02
-1.87391450075E-02
-1.59358907950E-02
-7.55659831195E-03
2.65090344008E-03
1.07559645327E-02
9.08010603614E-03
-3.68688869253E-03
-1.88000853164E-02
-3.14147292727E-02
-3.92455589750E-02
-4.23839848868E-02
-4.27191565861E-02
-3.82400438770E-02
-2.81544227429E-02
-1.48389652336E-02
-1.70632865109E-03
7.28236692160E-03
1.15786587038E-02
1.37725098266E-02
1.45037935342E-02
1.48084950791E-02
1.71851671288E-02
2.03845333496E-02
2.32182577166E-02
2.31877875621E-02
1.53264877053E-02
2.92513483043E-03
-4.57052317255E-03
-3.74782900149E-03
1.24927633383E-03
4.26582162772E-03
3.80876931046E-03
1.37115695177E-03
-3.62594838356E-03
-9.11057619062E-03
-8.89728510924E-03
1.09692556141E-03
1.56007190956E-02
2.39495414242E-02
2.36448398793E-02
1.96837197965E-02
1.73375179012E-02
1.53264877053E-02
1.17614796307E-02
1.15786587038E-02
1.45952039977E-02
1.59054206405E-02
1.31631067370E-02
7.16048630367E-03
1.18833602486E-03
-2.22432127731E-03
-3.68688869253E-03
-4.96663518084E-03
-5.27133672568E-03
-3.56500807459E-03
2.13291081386E-04
5.85026966087E-03
1.08473749962E-02
1.04817331424E-02
6.09403089674E-03
3.53453792011E-03
2.65090344008E-03
1.88914957799E-03
3.35171699321E-04
-3.47359761114E-03
-8.92775526372E-03
-1.22185319480E-02
-8.53164325543E-03
9.14104634510E-05
7.92224016576E-03
9.68950912581E-03
4.84475456291E-03
-7.92224016576E-04
-5.51509796155E-03
-9.11057619062E-03
-9.41527773546E-03
-6.91672506780E-03
-3.53453792011E-03
-2.25479143179E-03
-3.04701544837E-03
-4.29629178220E-03
-5.60650842500E-03
-7.37377738505E-03
-1.18224199397E-02
-1.46866144611E-02
-1.05731436058E-02
-3.13842591182E-03
2.31573174076E-03
3.93064992840E-03
2.74231390353E-03
1.55397787867E-03
2.52902282215E-03
4.75334409945E-03
6.94719522228E-03
8.80587464578E-03
8.34882232853E-03
6.27685182364E-03
4.41817240013E-03
2.01103019592E-03
2.74231390353E-04
1.24927633383E-03
5.02757548981E-03
1.22185319480E-02
2.11767573662E-02
2.73621987263E-02
2.90075870685E-02
2.78192510436E-02
2.59910417746E-02
2.44065937414E-02
2.28221457083E-02
1.96532496420E-02
1.39248605990E-02
9.01916572717E-03
7.55659831195E-03
8.83634480027E-03
1.31631067370E-02
2.05064139675E-02
2.93122886133E-02
3.72040586246E-02
4.14394100978E-02
4.15612907157E-02
3.84838051129E-02
3.47969164204E-02
3.08053261830E-02
2.42237728145E-02
1.68499954295E-02
9.41527773546E-03
2.31573174076E-03
-1.55397787867E-03
-7.00813553125E-04
2.98607513940E-03
6.06356074225E-03
6.52061305951E-03
5.66744873397E-03
6.15497120570E-03
7.55659831195E-03
1.09692556141E-02
1.46561443067E-02
1.39248605990E-02
1.18833602486E-02
1.08778451507E-02
1.07864346872E-02
1.09083153052E-02
9.62856881684E-03
8.56211340991E-03
6.58155336848E-03
3.04701544837E-05
-1.11825466955E-02
-2.18775709193E-02
-2.69965568725E-02
-2.57472805387E-02
-1.88305554709E-02
-9.87233005271E-03
-2.68137359456E-03
5.48462780706E-04
-6.70343398641E-04
-3.41265730217E-03
-4.38770224565E-03
-2.25479143179E-03
3.96112008288E-04
6.70343398641E-04
-7.00813553125E-04
-3.44312745666E-03
-6.49014290502E-03
-8.80587464578E-03
-1.01465614431E-02
-8.98869557269E-03
-8.40976263750E-03
-1.21880617935E-02
-1.75203388281E-02
-2.38581309607E-02
-3.07748560285E-02
-3.51016179652E-02
-3.34866997776E-02
-2.50159968311E-02
-1.69718760474E-02
-1.34373381273E-02
-1.33154575094E-02
-1.63624729577E-02
-2.18775709193E-02
-2.87333556781E-02
-3.14756695816E-02
-2.76059599622E-02
-2.01103019592E-02
-1.27365245742E-02
-6.76437429538E-03
-1.95008988696E-03
-5.78932935190E-04
-2.65090344008E-03
-6.42920259606E-03
-9.90280020720E-03
-1.01465614431E-02
-8.10506109266E-03
-7.83082970231E-03
-8.89728510924E-03
-9.20198665407E-03
-9.59809866236E-03
-1.20357110211E-02
-1.77336299095E-02
-2.35534294159E-02
-2.68137359456E-02
-2.59910417746E-02
-2.17861604558E-02
-1.90438465523E-02
-1.90743167068E-02
-2.01407721137E-02
-1.83125628447E-02
-1.41990919894E-02
-1.13653676224E-02
-8.19647155611E-03
-3.93064992840E-03
3.86970961943E-03
1.32240470459E-02
1.74289283647E-02
1.78859806819E-02
1.77336299095E-02
1.86172643895E-02
2.17861604558E-02
2.42847131235E-02
2.48331759042E-02
2.67527956367E-02
3.01959230933E-02
3.22069532893E-02
3.39437520948E-02
3.52844388921E-02
3.61680733721E-02
3.91541485115E-02
4.04034248454E-02
3.61680733721E-02
2.85810049057E-02
2.15119290655E-02
1.66367043481E-02
1.05426734514E-02
3.47359761114E-03
-7.00813553125E-04
-3.65641853804E-04
5.21039641671E-03
1.33459276639E-02
2.05978244310E-02
2.48027057497E-02
2.50159968311E-02
2.25479143179E-02
1.76726896005E-02
1.03293823700E-02
5.69791888845E-03
6.79484444986E-03
1.04512629879E-02
1.41381516804E-02
1.53569578598E-02
1.60273012584E-02
2.02321825772E-02
2.45589445138E-02
2.50159968311E-02
2.19385112283E-02
1.58140101770E-02
7.86129985679E-03
8.53164325543E-04
-5.51509796155E-03
-1.25841738018E-02
-1.73679880557E-02
-1.77945702185E-02
-1.68804655840E-02
-1.66367043481E-02
-1.42295621439E-02
-7.64800877540E-03
1.52350772418E-03
1.01465614431E-02
1.52046070874E-02
1.68804655840E-02
1.74593985192E-02
1.76117492916E-02
1.57530698681E-02
1.15786587038E-02
8.13553124714E-03
5.02757548981E-03
-1.82820926902E-04
-6.61202352296E-03
-1.45952039977E-02
-2.21213321552E-02
-2.70270270270E-02
-2.86724153691E-02
-2.54425789939E-02
-2.16033395289E-02
-2.06892348944E-02
-2.21213321552E-02
-2.48331759042E-02
-2.78497211981E-02
-3.02873335568E-02
-2.93732289223E-02
-2.61738627015E-02
-2.61129223925E-02
-3.00131021664E-02
-3.46750358024E-02
-3.76915810963E-02
-3.64423047625E-02
-3.04396843292E-02
-2.22736829276E-02
-1.61491818764E-02
-1.45037935342E-02
-1.55397787867E-02
-1.75812791371E-02
-1.77336299095E-02
-1.48389652336E-02
-1.33459276639E-02
-1.38943904446E-02
-1.46256741522E-02
-1.57225997136E-02
-1.72765775922E-02
-1.88914957799E-02
-1.88914957799E-02
-1.58749504860E-02
-1.27669947287E-02
-1.12130168500E-02
-9.68950912581E-03
-9.17151649959E-03
-9.78091958926E-03
-1.11216063865E-02
-1.23708827204E-02
-1.22490021024E-02
-1.31935768914E-02
-1.62405923398E-02
-1.88305554709E-02
-1.78555105274E-02
-1.43819129163E-02
-1.06340839148E-02
-5.97215027880E-03
1.52350772418E-04
7.25189676712E-03
1.40772113715E-02
2.07197050489E-02
2.71184374905E-02
3.16889606630E-02
3.34562296231E-02
3.14147292727E-02
2.56863402297E-02
2.04759438130E-02
2.00493616503E-02
2.36753100338E-02
2.73926688808E-02
2.73621987263E-02
2.47722355952E-02
2.28221457083E-02
2.05673542765E-02
1.68804655840E-02
1.23708827204E-02
7.28236692160E-03
2.68137359456E-03
5.17992626223E-04
1.82820926902E-03
4.50958286359E-03
5.66744873397E-03
5.05804564429E-03
3.29077668424E-03
9.44574788994E-04
-9.75044943478E-04
-3.47359761114E-03
-5.85026966087E-03
-5.08851579878E-03
3.04701544837E-05
8.80587464578E-03
1.80383314543E-02
2.47722355952E-02
2.95865200037E-02
3.25725951431E-02
3.18108412810E-02
2.62652731649E-02
1.86477345440E-02
1.31021664280E-02
1.18224199397E-02
1.48389652336E-02
1.84344434626E-02
1.96227794875E-02
1.77336299095E-02
1.33459276639E-02
9.53715835339E-03
8.19647155611E-03
8.31835217405E-03
8.04412078369E-03
6.52061305951E-03
3.01654529388E-03
-1.09692556141E-03
-4.41817240013E-03
-7.40424753954E-03
-7.06907584021E-03
-3.01654529388E-03
-2.43761235869E-04
1.03598525245E-03
1.37115695177E-03
-9.14104634510E-05
-2.58996313111E-03
-5.24086657119E-03
-5.24086657119E-03
-4.29629178220E-03
-5.94168012432E-03
-8.98869557269E-03
-1.25841738018E-02
-1.62710624943E-02
-1.82820926902E-02
-1.69109357384E-02
-1.36506292087E-02
-1.15481885493E-02
-1.05426734514E-02
-1.04512629879E-02
-1.31935768914E-02
-1.80078612999E-02
-2.12376976751E-02
-2.15728693744E-02
-2.10853469027E-02
-2.05978244310E-02
-1.93180779427E-02
-1.81297419178E-02
-1.83125628447E-02
-1.89524360889E-02
-1.77336299095E-02
-1.51436667784E-02
-1.15786587038E-02
-6.15497120570E-03
-3.96112008288E-04
2.92513483043E-03
2.25479143179E-03
4.26582162772E-04
-3.04701544837E-04
5.17992626223E-04
1.61491818764E-03
7.31283707608E-04
-2.04150035041E-03
-7.83082970231E-03
-1.25841738018E-02
-1.35592187452E-02
-1.32240470459E-02
-1.17614796307E-02
-1.07864346872E-02
-1.03293823700E-02
-9.41527773546E-03
-8.53164325543E-03
-8.31835217405E-03
-8.22694171059E-03
-6.79484444986E-03
-3.71735884701E-03
1.31021664280E-03
7.58706846644E-03
1.35287485908E-02
1.71851671288E-02
1.84953837716E-02
1.87391450075E-02
1.84039733081E-02
1.71242268198E-02
1.42905024528E-02
1.12434870045E-02
8.10506109266E-03
4.84475456291E-03
2.49855266766E-03
1.24927633383E-03
1.34068679728E-03
2.01103019592E-03
2.37667204973E-03
1.64538834212E-03
3.04701544837E-04
-7.31283707608E-04
-1.82820926902E-03
-2.13291081386E-03
-2.04150035041E-03
-6.39873244157E-04
3.10795575734E-03
7.55659831195E-03
1.20966513300E-02
1.49608458515E-02
1.63929431122E-02
1.88610256254E-02
2.14814589110E-02
2.31877875621E-02
2.38886011152E-02
2.43456534325E-02
2.49550565221E-02
2.47112952863E-02
2.17861604558E-02
1.61491818764E-02
1.19443005576E-02
1.11216063865E-02
1.28279350376E-02
1.52046070874E-02
1.36201590542E-02
8.13553124714E-03
1.24927633383E-03
-6.39873244157E-03
-1.27974648831E-02
-1.56921295591E-02
-1.44733233797E-02
-1.11825466955E-02
-7.22142661263E-03
-1.70632865109E-03
5.33227703464E-03
1.19443005576E-02
1.61187117219E-02
1.87086748530E-02
2.00188914958E-02
1.82820926902E-02
1.27974648831E-02
5.17992626223E-03
-2.40714220421E-03
-8.50117310095E-03
-1.24318230293E-02
-1.58749504860E-02
-1.91657271702E-02
-2.08111155124E-02
-2.07197050489E-02
-2.06282945855E-02
-2.42847131235E-02
-3.12928486547E-02
-3.71126481611E-02
-4.01596636095E-02
-4.13175294799E-02
-4.06471860812E-02
-3.76001706329E-02
-3.31515280782E-02
-2.76973704257E-02
-2.04150035041E-02
-1.39858009080E-02
-9.87233005271E-03
-6.58155336848E-03
-6.52061305951E-03
-1.01465614431E-02
-1.40467412170E-02
-1.73679880557E-02
-1.89829062433E-02
-1.72765775922E-02
-1.27365245742E-02
-7.40424753954E-03
-5.39321734361E-03
-7.64800877540E-03
-9.87233005271E-03
-8.37929248301E-03
-4.23535147323E-03
-1.52350772418E-03
-2.01103019592E-03
-3.80876931046E-03
-4.17441116426E-03
-2.28526158628E-03
-4.87522471739E-04
0.00000000000E+00
1.09692556141E-03
2.80325421250E-03
3.29077668424E-03
2.68137359456E-03
1.58444803315E-03
-8.22694171059E-04
-5.36274718913E-03
-9.68950912581E-03
-1.09083153052E-02
-1.02379719065E-02
-8.62305371888E-03
-4.99710533532E-03
-9.75044943478E-04
1.12739571590E-03
1.12739571590E-03
-1.21880617935E-04
-1.21880617935E-04
2.34620189524E-03
6.15497120570E-03
9.81138974375E-03
1.14872482403E-02
1.19747707121E-02
1.37725098266E-02
1.44428532253E-02
1.12739571590E-02
5.66744873397E-03
5.17992626223E-04
-1.73679880557E-03
-2.43761235869E-03
-3.13842591182E-03
-2.31573174076E-03
5.78932935190E-04
4.99710533532E-03
8.47070294646E-03
8.47070294646E-03
5.51509796155E-03
6.09403089674E-05
-6.06356074225E-03
-1.04817331424E-02
-1.22794722569E-02
-9.99421067065E-03
-3.13842591182E-03
5.27133672568E-03
1.08473749962E-02
1.29802858100E-02
1.33763978183E-02
1.17614796307E-02
7.92224016576E-03
4.14394100978E-03
2.25479143179E-03
2.13291081386E-03
4.14394100978E-03
7.92224016576E-03
1.17614796307E-02
1.45647338432E-02
1.52960175508E-02
1.31326365825E-02
8.40976263750E-03
4.38770224565E-03
3.32124683872E-03
3.74782900149E-03
5.05804564429E-03
6.58155336848E-03
7.00813553125E-03
6.30732197812E-03
4.02206039185E-03
1.40162710625E-03
6.09403089674E-04
1.18833602486E-03
2.19385112283E-03
2.65090344008E-03
1.58444803315E-03
-4.26582162772E-04
-2.89466467595E-03
-5.48462780706E-03
-7.61753862092E-03
-8.92775526372E-03
-8.83634480027E-03
-8.28788201956E-03
-6.85578475883E-03
-3.47359761114E-03
-3.65641853804E-04
1.00551509796E-03
2.31573174076E-03
3.71735884701E-03
3.74782900149E-03
2.58996313111E-03
1.06645540693E-03
8.22694171059E-04
1.64538834212E-03
2.46808251318E-03
4.75334409945E-03
8.13553124714E-03
9.47621804443E-03
7.43471769402E-03
4.38770224565E-03
2.89466467595E-03
1.61491818764E-03
-4.87522471739E-04
-1.12739571590E-03
7.61753862092E-04
3.38218714769E-03
4.20488131875E-03
2.80325421250E-03
1.27974648831E-03
1.95008988696E-03
3.41265730217E-03
2.86419452147E-03
6.09403089674E-04
-2.16338096834E-03
-4.69240379049E-03
-6.09403089674E-03
-6.30732197812E-03
-5.33227703464E-03
-2.98607513940E-03
-9.14104634510E-05
2.04150035041E-03
1.82820926902E-03
-5.78932935190E-04
-3.01654529388E-03
-3.56500807459E-03
-1.21880617935E-03
3.47359761114E-03
8.92775526372E-03
1.31631067370E-02
1.52046070874E-02
1.56616594046E-02
1.38029799811E-02
9.87233005271E-03
6.03309058777E-03
3.71735884701E-03
3.32124683872E-03
3.32124683872E-03
2.65090344008E-03
9.14104634510E-05
-3.56500807459E-03
-5.54556811603E-03
-3.96112008288E-03
2.10244065937E-03
1.06036137603E-02
1.87696151619E-02
2.30354367897E-02
2.14509887565E-02
1.70632865109E-02
1.25537036473E-02
8.25741186508E-03
4.47911270910E-03
1.67585849660E-03
1.82820926902E-04
8.22694171059E-04
3.68688869253E-03
6.55108321399E-03
7.92224016576E-03
7.76988939334E-03
7.43471769402E-03
8.04412078369E-03
7.58706846644E-03
5.05804564429E-03
1.95008988696E-03
-7.92224016576E-04
-2.13291081386E-03
-5.17992626223E-04
3.62594838356E-03
7.70894908437E-03
1.03903226789E-02
1.14567780859E-02
9.87233005271E-03
6.27685182364E-03
1.40162710625E-03
-4.11347085530E-03
-7.31283707608E-03
-7.19095645815E-03
-5.45415765258E-03
-3.04701544837E-03
-2.13291081386E-04
3.47359761114E-03
7.16048630367E-03
9.17151649959E-03
9.29339711752E-03
8.13553124714E-03
5.51509796155E-03
1.43209726073E-03
-2.07197050489E-03
-3.19936622079E-03
-2.98607513940E-03
-2.49855266766E-03
-1.21880617935E-03
2.13291081386E-04
6.09403089674E-04
1.21880617935E-04
-1.82820926902E-04
-3.35171699321E-04
-7.92224016576E-04
-1.88914957799E-03
-3.68688869253E-03
-5.39321734361E-03
-7.06907584021E-03
-8.71446418233E-03
-9.26292696304E-03
-8.56211340991E-03
-6.24638166916E-03
-1.85867942350E-03
2.71184374905E-03
5.75885919742E-03
5.88073981535E-03
3.90017977391E-03
1.52350772418E-03
-1.79773911454E-03
-4.90569487187E-03
-6.91672506780E-03
-8.89728510924E-03
-1.04512629879E-02
-1.02684420610E-02
-8.22694171059E-03
-6.39873244157E-03
-5.17992626223E-03
-3.90017977391E-03
-2.98607513940E-03
-2.22432127731E-03
-1.98056004144E-03
-3.44312745666E-03
-5.75885919742E-03
-7.67847892989E-03
-7.19095645815E-03
-3.22983637527E-03
1.64538834212E-03
5.54556811603E-03
7.55659831195E-03
7.67847892989E-03
6.79484444986E-03
3.86970961943E-03
1.82820926902E-04
-3.10795575734E-03
-6.21591151467E-03
-8.89728510924E-03
-1.19138304031E-02
-1.33154575094E-02
-1.17919497852E-02
-8.62305371888E-03
-4.75334409945E-03
-2.62043328560E-03
-1.49303756970E-03
6.09403089674E-05
4.26582162772E-04
1.37115695177E-03
3.56500807459E-03
4.14394100978E-03
1.52350772418E-03
-3.32124683872E-03
-6.42920259606E-03
-4.87522471739E-03
-1.67585849660E-03
-9.14104634510E-04
-2.22432127731E-03
-3.56500807459E-03
-3.32124683872E-03
-5.78932935190E-04
2.13291081386E-03
1.91961973247E-03
-3.96112008288E-04
-3.10795575734E-03
-4.69240379049E-03
-4.32676193668E-03
-3.56500807459E-03
-1.98056004144E-03
7.61753862092E-04
2.43761235869E-03
2.01103019592E-03
-5.78932935190E-04
-3.38218714769E-03
-4.08300070081E-03
-3.56500807459E-03
-4.14394100978E-03
-4.08300070081E-03
-5.17992626223E-04
3.19936622079E-03
4.32676193668E-03
5.72838904293E-03
9.23245680856E-03
1.25537036473E-02
1.22490021024E-02
8.71446418233E-03
4.29629178220E-03
9.75044943478E-04
-9.44574788994E-04
-3.65641853804E-03
-8.04412078369E-03
-1.21880617935E-02
-1.35287485908E-02
-1.20661811755E-02
-1.09083153052E-02
-1.14567780859E-02
-1.19747707121E-02
-1.08169048417E-02
-8.40976263750E-03
-5.88073981535E-03
-3.47359761114E-03
-1.18833602486E-03
1.24927633383E-03
4.60099332704E-03
7.34330723057E-03
7.37377738505E-03
4.87522471739E-03
1.12739571590E-03
-3.01654529388E-03
-8.19647155611E-03
-1.39553307535E-02
-1.73984582102E-02
-1.70328163564E-02
-1.48084950791E-02
-1.27974648831E-02
-1.09997257686E-02
-9.17151649959E-03
-7.31283707608E-03
-5.88073981535E-03
-4.84475456291E-03
-4.20488131875E-03
-3.50406776562E-03
-2.92513483043E-03
-3.62594838356E-03
-5.78932935190E-03
-8.28788201956E-03
-9.78091958926E-03
-1.04512629879E-02
-9.81138974375E-03
-6.12450105122E-03
-1.52350772418E-03
2.13291081386E-04
-1.31021664280E-03
-3.32124683872E-03
-2.95560498492E-03
-8.53164325543E-04
3.35171699321E-04
3.96112008288E-04
7.31283707608E-04
1.61491818764E-03
2.77278405802E-03
2.77278405802E-03
6.39873244157E-04
-2.95560498492E-03
-7.73941923886E-03
-1.24013528749E-02
-1.59968311039E-02
-1.70937566653E-02
-1.45647338432E-02
-1.11520765410E-02
-9.11057619062E-03
-8.31835217405E-03
-8.19647155611E-03
-8.22694171059E-03
-7.89177001127E-03
-6.06356074225E-03
-2.49855266766E-03
1.31021664280E-03
4.05253054633E-03
5.72838904293E-03
6.06356074225E-03
6.15497120570E-03
8.19647155611E-03
1.14567780859E-02
1.41076815259E-02
1.59358907950E-02
1.71546969743E-02
1.76726896005E-02
1.60577714129E-02
1.27060544197E-02
9.29339711752E-03
4.35723209117E-03
-2.10244065937E-03
-8.19647155611E-03
-1.21271214845E-02
-1.32545172004E-02
-1.41990919894E-02
-1.57835400225E-02
-1.58749504860E-02
-1.36810993632E-02
-9.17151649959E-03
-4.32676193668E-03
-1.95008988696E-03
-2.04150035041E-03
-2.74231390353E-03
-2.89466467595E-03
-3.16889606630E-03
-4.60099332704E-03
-6.76437429538E-03
-8.56211340991E-03
-9.84185989823E-03
-1.13653676224E-02
-1.36201590542E-02
-1.53569578598E-02
-1.51741369329E-02
-1.39248605990E-02
-1.25841738018E-02
-1.06036137603E-02
-9.14104634510E-03
-9.17151649959E-03
-8.16600140163E-03
-4.90569487187E-03
-9.75044943478E-04
1.52350772418E-03
2.95560498492E-03
6.61202352296E-03
1.10606660776E-02
1.26146439562E-02
1.17614796307E-02
9.56762850788E-03
7.55659831195E-03
7.64800877540E-03
8.59258356440E-03
8.92775526372E-03
9.32386727201E-03
8.89728510924E-03
7.09954599470E-03
5.60650842500E-03
6.00262043329E-03
7.95271032024E-03
8.89728510924E-03
8.19647155611E-03
8.53164325543E-03
1.02379719065E-02
1.17614796307E-02
1.30412261190E-02
1.30412261190E-02
1.08778451507E-02
7.67847892989E-03
5.08851579878E-03
3.53453792011E-03
3.56500807459E-03
5.36274718913E-03
7.31283707608E-03
8.16600140163E-03
7.31283707608E-03
5.08851579878E-03
3.13842591182E-03
3.41265730217E-03
6.76437429538E-03
1.16091288583E-02
1.61491818764E-02
1.94094884061E-02
2.11767573662E-02
2.16642798379E-02
2.14205186020E-02
2.22432127731E-02
2.41933026600E-02
2.38276608062E-02
1.86477345440E-02
1.05426734514E-02
3.38218714769E-03
-1.03598525245E-03
-2.43761235869E-03
-1.55397787867E-03
-9.14104634510E-05
1.88914957799E-03
5.21039641671E-03
7.92224016576E-03
8.10506109266E-03
7.37377738505E-03
8.22694171059E-03
1.03903226789E-02
1.14263079314E-02
1.06645540693E-02
9.29339711752E-03
7.73941923886E-03
5.97215027880E-03
3.80876931046E-03
1.15786587038E-03
-4.26582162772E-04
-3.04701544837E-04
3.35171699321E-04
8.83634480027E-04
1.06645540693E-03
7.31283707608E-04
-3.96112008288E-04
-1.58444803315E-03
-2.86419452147E-03
-4.32676193668E-03
-5.02757548981E-03
-5.81979950638E-03
-6.36826228709E-03
-5.78932935190E-03
-3.83923946494E-03
-9.14104634510E-05
3.38218714769E-03
4.96663518084E-03
5.17992626223E-03
4.35723209117E-03
3.44312745666E-03
2.74231390353E-03
1.76726896005E-03
1.31021664280E-03
2.55949297663E-03
4.05253054633E-03
3.80876931046E-03
2.80325421250E-03
1.91961973247E-03
1.34068679728E-03
1.12739571590E-03
5.17992626223E-04
-3.65641853804E-04
-5.48462780706E-04
-3.65641853804E-04
-1.46256741522E-03
-3.96112008288E-03
-7.19095645815E-03
-1.07864346872E-02
-1.40467412170E-02
-1.60577714129E-02
-1.66976446571E-02
-1.57835400225E-02
-1.38639202901E-02
-1.27365245742E-02
-1.27669947287E-02
-1.33459276639E-02
-1.25537036473E-02
-9.17151649959E-03
-3.83923946494E-03
1.98056004144E-03
6.21591151467E-03
8.44023279198E-03
9.81138974375E-03
9.65903897133E-03
7.06907584021E-03
3.99159023736E-03
1.85867942350E-03
-1.82820926902E-04
-2.49855266766E-03
-4.17441116426E-03
-4.78381425394E-03
-4.96663518084E-03
-5.45415765258E-03
-6.21591151467E-03
-6.27685182364E-03
-5.11898595326E-03
-4.14394100978E-03
-5.14945610774E-03
-8.34882232853E-03
-1.13958377769E-02
-1.14872482403E-02
-1.00246808251E-02
-8.56211340991E-03
-7.46518784850E-03
-6.06356074225E-03
-4.90569487187E-03
-2.77278405802E-03
-2.13291081386E-03
-2.13291081386E-03
-1.70632865109E-03
-1.98056004144E-03
-2.52902282215E-03
-3.16889606630E-03
-2.77278405802E-03
-1.88914957799E-03
-2.43761235869E-03
-3.19936622079E-03
-3.35171699321E-03
-3.74782900149E-03
-4.47911270910E-03
-4.72287394497E-03
-4.99710533532E-03
-5.97215027880E-03
-6.12450105122E-03
-4.84475456291E-03
-2.19385112283E-03
5.48462780706E-04
1.40162710625E-03
6.09403089674E-05
-4.60099332704E-03
-1.02684420610E-02
-1.27060544197E-02
-1.26146439562E-02
-1.15481885493E-02
-1.07254943783E-02
-1.18528900942E-02
-1.34068679728E-02
-1.31021664280E-02
-1.11520765410E-02
-1.00246808251E-02
-1.02684420610E-02
-9.90280020720E-03
-9.99421067065E-03
-1.22490021024E-02
-1.41076815259E-02
-1.32545172004E-02
-1.08473749962E-02
-8.86681495475E-03
-8.95822541820E-03
-9.47621804443E-03
-7.89177001127E-03
-5.51509796155E-03
-5.05804564429E-03
-6.49014290502E-03
-8.34882232853E-03
-9.68950912581E-03
-1.04207928334E-02
-1.10606660776E-02
-1.10606660776E-02
-1.02075017520E-02
-8.65352387337E-03
-6.82531460435E-03
-5.27133672568E-03
-4.38770224565E-03
-5.02757548981E-03
-5.39321734361E-03
-5.21039641671E-03
-4.93616502636E-03
-4.57052317255E-03
-5.08851579878E-03
-4.38770224565E-03
-2.40714220421E-03
-2.74231390353E-04
2.55949297663E-03
4.11347085530E-03
4.14394100978E-03
4.41817240013E-03
5.54556811603E-03
6.36826228709E-03
5.48462780706E-03
3.53453792011E-03
2.89466467595E-03
4.66193363600E-03
6.27685182364E-03
5.24086657119E-03
2.65090344008E-03
1.27974648831E-03
2.19385112283E-03
3.29077668424E-03
2.86419452147E-03
2.71184374905E-03
4.41817240013E-03
6.97766537676E-03
8.62305371888E-03
8.68399402785E-03
7.67847892989E-03
5.17992626223E-03
1.85867942350E-03
-9.14104634510E-04
-2.89466467595E-03
-3.32124683872E-03
-1.27974648831E-03
1.76726896005E-03
4.23535147323E-03
6.36826228709E-03
7.92224016576E-03
8.10506109266E-03
7.37377738505E-03
6.03309058777E-03
4.17441116426E-03
2.19385112283E-03
4.26582162772E-04
-6.09403089674E-04
-9.75044943478E-04
-3.65641853804E-04
1.46256741522E-03
2.74231390353E-03
3.44312745666E-03
4.93616502636E-03
6.15497120570E-03
6.06356074225E-03
6.06356074225E-03
7.86129985679E-03
1.09387854596E-02
1.31631067370E-02
1.42295621439E-02
1.55093086322E-02
1.69718760474E-02
1.67585849660E-02
1.53264877053E-02
1.44428532253E-02
1.35592187452E-02
1.19747707121E-02
9.78091958926E-03
7.64800877540E-03
6.15497120570E-03
4.66193363600E-03
3.59547822907E-03
2.86419452147E-03
1.61491818764E-03
8.22694171059E-04
5.17992626223E-04
-9.14104634510E-05
-1.43209726073E-03
-3.65641853804E-03
-5.75885919742E-03
-7.09954599470E-03
-7.06907584021E-03
-5.66744873397E-03
-4.29629178220E-03
-3.10795575734E-03
-1.52350772418E-03
1.52350772418E-04
1.52350772418E-03
2.16338096834E-03
2.13291081386E-03
1.82820926902E-03
1.40162710625E-03
8.83634480027E-04
0.00000000000E+00
-1.40162710625E-03
-2.40714220421E-03
-2.89466467595E-03
-3.68688869253E-03
-4.23535147323E-03
-4.32676193668E-03
-4.57052317255E-03
-4.41817240013E-03
-3.62594838356E-03
-3.22983637527E-03
-2.98607513940E-03
-2.74231390353E-03
-2.55949297663E-03
-1.61491818764E-03
-2.74231390353E-04
4.26582162772E-04
4.26582162772E-04
-9.14104634510E-05
-4.87522471739E-04
-7.00813553125E-04
-1.12739571590E-03
-1.06645540693E-03
1.52350772418E-04
1.82820926902E-03
3.13842591182E-03
4.11347085530E-03
4.50958286359E-03
4.08300070081E-03
2.52902282215E-03
-1.52350772418E-04
-2.71184374905E-03
-4.60099332704E-03
-5.91120996983E-03
-6.55108321399E-03
-7.40424753954E-03
-8.10506109266E-03
-7.70894908437E-03
-6.97766537676E-03
-6.61202352296E-03
-6.12450105122E-03
-5.48462780706E-03
-5.21039641671E-03
-4.75334409945E-03
-4.41817240013E-03
-4.99710533532E-03
-5.54556811603E-03
-4.99710533532E-03
-2.98607513940E-03
-4.26582162772E-04
1.46256741522E-03
2.62043328560E-03
3.26030652975E-03
3.56500807459E-03
3.83923946494E-03
3.77829915598E-03
3.10795575734E-03
2.74231390353E-03
3.16889606630E-03
3.47359761114E-03
2.92513483043E-03
2.13291081386E-03
1.79773911454E-03
1.37115695177E-03
2.74231390353E-04
-9.14104634510E-04
-1.03598525245E-03
-2.74231390353E-04
5.48462780706E-04
1.06645540693E-03
1.43209726073E-03
1.46256741522E-03
7.61753862092E-04
2.13291081386E-04
4.57052317255E-04
1.15786587038E-03
2.04150035041E-03
2.55949297663E-03
2.37667204973E-03
2.16338096834E-03
2.71184374905E-03
3.77829915598E-03
4.60099332704E-03
5.08851579878E-03
5.45415765258E-03
6.00262043329E-03
6.55108321399E-03
6.91672506780E-03
7.00813553125E-03
6.94719522228E-03
6.88625491331E-03
6.58155336848E-03
6.33779213261E-03
6.15497120570E-03
6.18544136019E-03
6.45967275054E-03
6.36826228709E-03
6.00262043329E-03
5.30180688016E-03
4.35723209117E-03
3.16889606630E-03
1.82820926902E-03
5.17992626223E-04
-7.00813553125E-04
-1.37115695177E-03
-1.18833602486E-03
-3.35171699321E-04
1.24927633383E-03
3.01654529388E-03
4.20488131875E-03
4.72287394497E-03
4.75334409945E-03
4.23535147323E-03
3.35171699321E-03
2.19385112283E-03
1.09692556141E-03
2.43761235869E-04
-2.74231390353E-04
-3.65641853804E-04
1.82820926902E-04
9.14104634510E-04
1.18833602486E-03
1.03598525245E-03
6.70343398641E-04
3.65641853804E-04
6.09403089674E-05
-5.78932935190E-04
-1.40162710625E-03
-1.95008988696E-03
-2.34620189524E-03
-2.68137359456E-03
-2.95560498492E-03
-3.16889606630E-03
-3.19936622079E-03
-2.86419452147E-03
-2.31573174076E-03
-1.88914957799E-03
-1.43209726073E-03
-6.70343398641E-04
1.21880617935E-04
6.70343398641E-04
1.27974648831E-03
2.04150035041E-03
2.74231390353E-03
3.32124683872E-03
3.83923946494E-03
4.11347085530E-03
3.99159023736E-03
3.50406776562E-03
2.80325421250E-03
2.19385112283E-03
2.01103019592E-03
2.19385112283E-03
2.43761235869E-03
2.68137359456E-03
2.89466467595E-03
2.92513483043E-03
2.80325421250E-03
2.62043328560E-03
2.52902282215E-03
2.40714220421E-03
2.19385112283E-03
2.01103019592E-03
1.82820926902E-03
1.52350772418E-03
1.37115695177E-03
1.52350772418E-03
1.85867942350E-03
2.19385112283E-03
2.37667204973E-03
2.28526158628E-03
2.16338096834E-03
2.10244065937E-03
1.98056004144E-03
1.85867942350E-03
1.76726896005E-03
1.73679880557E-03
1.67585849660E-03
1.49303756970E-03
1.27974648831E-03
1.18833602486E-03
1.15786587038E-03
1.06645540693E-03
8.83634480027E-04
6.70343398641E-04
5.17992626223E-04
4.26582162772E-04
3.35171699321E-04
3.35171699321E-04
3.65641853804E-04
3.96112008288E-04
4.57052317255E-04
5.78932935190E-04
6.70343398641E-04
7.61753862092E-04
7.61753862092E-04
7.61753862092E-04
7.00813553125E-04
5.78932935190E-04
4.26582162772E-04
2.13291081386E-04
0.00000000000E+00
-9.14104634510E-05
-9.14104634510E-05
-3.04701544837E-05
6.09403089674E-05
1.21880617935E-04
1.21880617935E-04
3.04701544837E-05
-6.09403089674E-05
-1.52350772418E-04
-1.82820926902E-04
-1.82820926902E-04
-1.82820926902E-04
-1.52350772418E-04
-9.14104634510E-05
-3.04701544837E-05
0.00000000000E+00
3.04701544837E-05
3.04701544837E-05
-3.04701544837E-05
-9.14104634510E-05
-9.14104634510E-05
-1.21880617935E-04
-1.52350772418E-04
-2.13291081386E-04
-2.43761235869E-04
-2.43761235869E-04
-2.74231390353E-04
-3.04701544837E-04
-3.35171699321E-04
-3.35171699321E-04
-3.65641853804E-04
-3.65641853804E-04
-3.96112008288E-04
-3.96112008288E-04
-3.96112008288E-04
-3.96112008288E-04
-4.26582162772E-04
-4.87522471739E-04
-5.17992626223E-04
-5.17992626223E-04
-5.17992626223E-04
-5.17992626223E-04
-5.17992626223E-04
-5.48462780706E-04
-5.48462780706E-04
-5.78932935190E-04
-6.09403089674E-04
-6.39873244157E-04
-6.39873244157E-04
-6.70343398641E-04
-7.00813553125E-04
-7.00813553125E-04
-7.00813553125E-04
-7.31283707608E-04
-7.31283707608E-04
-7.61753862092E-04
-7.61753862092E-04
-7.92224016576E-04
-7.92224016576E-04
-8.22694171059E-04
-8.22694171059E-04
-8.53164325543E-04
-8.53164325543E-04
-8.83634480027E-04
-8.83634480027E-04
-9.14104634510E-04
-9.14104634510E-04
-9.44574788994E-04
-9.44574788994E-04
-9.75044943478E-04
-9.75044943478E-04
-9.75044943478E-04
-1.00551509796E-03
-1.00551509796E-03
-1.03598525245E-03
-1.06645540693E-03
-1.06645540693E-03
-1.09692556141E-03
-1.09692556141E-03
-1.12739571590E-03
-1.12739571590E-03
-1.15786587038E-03
-1.15786587038E-03
-1.18833602486E-03
-1.18833602486E-03
-1.21880617935E-03
-1.21880617935E-03
-1.24927633383E-03
-1.24927633383E-03
-1.24927633383E-03
-1.27974648831E-03
-1.27974648831E-03
-1.31021664280E-03
-1.31021664280E-03
-1.34068679728E-03
