1.52350772418E-04
1.52350772418E-04
1.82820926902E-04
3.04701544837E-04
3.65641853804E-04
3.35171699321E-04
3.65641853804E-04
6.39873244157E-04
9.44574788994E-04
7.31283707608E-04
3.35171699321E-04
3.65641853804E-04
3.65641853804E-04
0.00000000000E+00
-9.44574788994E-04
-1.55397787867E-03
-7.00813553125E-04
3.35171699321E-04
-7.00813553125E-04
-3.53453792011E-03
-5.39321734361E-03
-3.26030652975E-03
1.73679880557E-03
3.90017977391E-03
3.99159023736E-03
5.05804564429E-03
5.60650842500E-03
3.16889606630E-03
1.64538834212E-03
5.51509796155E-03
6.00262043329E-03
1.09692556141E-03
-1.21880617935E-03
1.24927633383E-03
8.07459093818E-03
1.34678082818E-02
1.11216063865E-02
3.74782900149E-03
-3.07748560285E-03
-1.98056004144E-03
1.00551509796E-03
-1.10301959231E-02
-2.67223254822E-02
-2.69051464091E-02
-1.66062341936E-02
-6.06356074225E-03
1.73679880557E-03
8.77540449130E-03
1.40772113715E-02
1.09083153052E-02
3.10795575734E-03
2.37667204973E-03
5.85026966087E-03
5.78932935190E-03
-6.09403089674E-04
-5.39321734361E-03
2.49855266766E-03
1.63320028033E-02
2.70574971815E-02
2.65395045553E-02
1.35896888997E-02
5.30180688016E-03
3.50406776562E-03
-3.71735884701E-03
-9.35433742649E-03
-1.09387854596E-02
-1.45952039977E-02
-1.39553307535E-02
-6.15497120570E-03
6.03309058777E-03
1.85867942350E-02
2.46503549773E-02
1.67281148115E-02
-3.07748560285E-03
-1.31326365825E-02
-1.09997257686E-02
-1.56616594046E-02
-2.18166306103E-02
-1.92266674792E-02
-1.13958377769E-02
3.22983637527E-03
1.64843535757E-02
1.84344434626E-02
1.85867942350E-02
1.56921295591E-02
6.85578475883E-03
4.81428440842E-03
6.15497120570E-03
1.91961973247E-03
-5.27133672568E-03
-1.04512629879E-02
-3.62594838356E-03
1.43514427618E-02
2.29440263262E-02
1.58444803315E-02
1.05122032969E-02
8.86681495475E-03
9.75044943478E-04
-1.06036137603E-02
-1.78250403730E-02
-1.35592187452E-02
-1.20052408666E-02
-2.14509887565E-02
-1.64234132667E-02
5.33227703464E-03
1.94094884061E-02
1.72156372833E-02
1.20052408666E-02
1.94094884061E-02
2.24565038545E-02
8.56211340991E-03
-6.18544136019E-03
-9.62856881684E-03
-3.50406776562E-03
-3.22983637527E-03
-6.82531460435E-03
-4.23535147323E-03
7.16048630367E-03
2.42847131235E-02
2.39495414242E-02
1.32545172004E-02
1.21271214845E-02
5.36274718913E-03
-5.11898595326E-03
-3.62594838356E-03
3.74782900149E-03
1.32849873549E-02
2.02321825772E-02
1.85867942350E-02
1.21271214845E-02
6.73390414089E-03
1.16395990128E-02
1.24927633383E-02
-1.79773911454E-03
-1.06340839148E-02
-1.63929431122E-02
-3.17194308175E-02
-5.16773820043E-02
-5.21953746305E-02
-2.00798318047E-02
7.76988939334E-03
2.04759438130E-02
3.04701544837E-02
3.02263932478E-02
3.83009841860E-02
4.86608367104E-02
3.47969164204E-02
1.72765775922E-02
1.80078612999E-02
1.88000853164E-02
2.19385112283E-03
-1.47170846156E-02
-2.84286541333E-02
-3.53453792011E-02
-7.80035954782E-03
3.20546025168E-02
5.20734940126E-02
5.58822633231E-02
3.44008044121E-02
2.43761235869E-03
-2.13291081386E-02
-5.14640909229E-02
-6.66382278558E-02
-4.38465523020E-02
-1.49303756970E-02
-8.50117310095E-03
-7.49565800299E-03
1.10301959231E-02
3.06225052561E-02
4.81733142387E-02
7.80950059417E-02
9.24464487035E-02
7.17267436546E-02
1.67585849660E-02
-4.52786495628E-02
-7.00204150035E-02
-7.08431091746E-02
-5.35360614278E-02
-2.18166306103E-02
-4.90569487187E-03
1.17310094762E-02
3.63813644535E-02
5.41454645175E-02
6.40482647247E-02
6.86187878973E-02
7.26408482891E-02
6.85273774338E-02
4.25363356592E-02
6.21591151467E-03
-1.24622931838E-02
-1.62710624943E-02
-2.58691611566E-02
-2.41018921966E-02
-6.82531460435E-03
-5.17992626223E-04
-9.90280020720E-03
-3.56500807459E-02
-6.18544136019E-02
-5.82894055273E-02
-3.65337152259E-02
-2.48331759042E-02
-1.87086748530E-02
-1.64538834212E-03
2.93427587678E-02
5.85331667632E-02
6.73695115634E-02
5.25000761754E-02
3.73259392425E-02
2.99826320119E-02
1.56311892501E-02
1.60273012584E-02
1.52960175508E-02
-9.20198665407E-03
-2.16947499924E-02
-2.13900484475E-02
-3.14756695816E-02
-3.92150888205E-02
-2.67527956367E-02
-7.19095645815E-03
7.86129985679E-03
1.76726896005E-03
-1.32545172004E-02
2.71184374905E-03
2.33401383345E-02
2.89771169140E-02
4.01596636095E-02
5.03976355160E-02
4.57357018800E-02
3.23897742162E-02
2.32791980255E-02
2.10244065937E-02
2.13291081386E-02
2.90380572230E-02
4.35113806027E-02
3.60157225997E-02
6.82531460435E-03
-2.94036990768E-02
-6.17325329839E-02
-6.17325329839E-02
-4.02815442274E-02
-1.57530698681E-02
4.23535147323E-03
8.37929248301E-03
-6.64249367744E-03
-3.44922148755E-02
-4.16222310247E-02
-2.11767573662E-02
-1.09692556141E-02
-4.66193363600E-03
2.63871537829E-02
4.54919406441E-02
2.94951095402E-02
4.78381425394E-03
-1.57835400225E-02
-7.34330723057E-03
3.46750358024E-02
6.83140863524E-02
6.10317194308E-02
1.02684420610E-02
-2.09939364393E-02
-2.13900484475E-02
-5.73753008928E-02
-7.60535055913E-02
-4.30543282854E-02
-4.84475456291E-03
4.75943813035E-02
8.02888570645E-02
8.43109174564E-02
7.48956397209E-02
2.41628325056E-02
-1.35592187452E-02
-1.95923093330E-02
-1.03293823700E-02
5.94168012432E-03
-1.70937566653E-02
-2.76059599622E-02
1.18833602486E-02
3.51016179652E-02
1.99579511868E-02
1.51741369329E-02
4.19878728785E-02
6.35912124074E-02
6.21895853012E-02
2.27307352448E-02
-4.17136414882E-02
-6.75828026448E-02
-5.89292787714E-02
-5.39321734361E-02
-4.17441116426E-02
-8.95822541820E-03
1.27669947287E-02
9.84185989823E-03
1.72461074378E-02
2.04454736586E-02
6.76437429538E-03
-5.54556811603E-03
-1.77336299095E-02
-1.17005393217E-02
1.73679880557E-03
1.76117492916E-02
6.57545933758E-02
9.54020536884E-02
6.71562204820E-02
4.77772022304E-02
6.41701453426E-02
7.61753862092E-02
5.40540540541E-02
5.08851579878E-03
-4.60404034248E-02
-8.35186934398E-02
-6.44139065785E-02
3.04701544837E-04
1.84344434626E-02
-4.02510740729E-02
-9.41527773546E-02
-7.38901246229E-02
-7.70894908437E-03
3.75087601694E-02
2.40409518876E-02
1.58140101770E-02
4.00682531460E-02
3.99463725281E-02
2.16338096834E-02
3.01654529388E-03
1.34373381273E-02
6.23114659191E-02
1.10698071239E-01
1.08747981352E-01
4.15308205613E-02
-6.40482647247E-02
-1.84039733081E-01
-2.07257990798E-01
-1.10484780158E-01
-3.79658124867E-02
-2.64785642463E-02
6.52061305951E-03
7.25494378256E-02
1.14141198696E-01
1.41259636186E-01
1.35988299461E-01
7.01118254670E-02
8.59258356440E-03
6.91672506780E-03
4.84475456291E-02
2.80325421250E-03
-1.08839391816E-01
-1.22124379171E-01
-6.73085712545E-02
-9.23245680856E-03
2.06282945855E-02
2.08111155124E-02
1.36810993632E-02
-2.55035193028E-02
-4.64669855876E-02
-3.43093939486E-02
-5.28352478747E-02
-9.03135378896E-02
-9.82967183644E-02
-8.68094701240E-02
-5.39931137451E-02
3.06225052561E-02
8.21170663335E-02
7.42557664767E-02
8.15076632439E-02
5.16469118498E-02
-3.34866997776E-02
-8.72055821323E-02
-8.06849690728E-02
-5.45111063713E-02
-6.27989883909E-02
-1.09174563515E-01
-1.56342362656E-01
-1.60181602121E-01
-1.18254669551E-01
-7.16048630367E-02
-3.75697004784E-02
-7.14829824187E-02
-1.39553307535E-01
-1.15938937810E-01
-3.22983637527E-02
1.66671745026E-02
6.82531460435E-03
3.26030652975E-02
1.30016149182E-01
1.83887382309E-01
2.05064139675E-01
2.12041805052E-01
1.59755019958E-01
9.18675157683E-02
5.64611962583E-02
1.62101221853E-02
-5.66440171852E-02
-4.20488131875E-02
5.64611962583E-02
9.79310765106E-02
9.02221274262E-02
6.48100185868E-02
9.65903897133E-03
-4.49130077089E-02
-3.04092141747E-02
2.17252201469E-02
4.52177092538E-02
6.89234894421E-02
8.10810810811E-02
4.74725006856E-02
-1.84344434626E-02
-5.22258447850E-02
-1.88305554709E-02
3.24507145251E-02
5.16164416954E-02
4.14089399433E-02
5.38102928182E-02
9.53106432250E-02
1.12648161126E-01
8.10506109266E-02
6.14887717481E-02
6.31646302447E-02
2.60519820835E-02
-2.74231390353E-02
-9.79006063561E-02
-2.11919924434E-01
-2.85627228130E-01
-2.55248484110E-01
-2.13534842622E-01
-2.07989274506E-01
-1.96471556111E-01
-1.75416679363E-01
-1.46896614766E-01
-1.12983332825E-01
-4.98187025808E-02
4.17745817971E-02
1.13745086688E-01
1.42356561748E-01
1.35470306834E-01
1.08869861970E-01
6.85273774338E-02
2.36448398793E-02
-3.64727749170E-02
-9.83576586733E-02
-1.21210274536E-01
-1.32545172004E-01
-1.81815411804E-01
-2.32731039946E-01
-2.34071726744E-01
-2.16673268533E-01
-1.95008988696E-01
-1.94826167769E-01
-2.29226972181E-01
-2.27642524148E-01
-1.94064413907E-01
-1.79895792072E-01
-2.22432127731E-01
-2.90411042384E-01
-3.04335902983E-01
-2.96169901581E-01
-3.05097656845E-01
-3.10429933880E-01
-3.13019897011E-01
-3.25207958804E-01
-3.46049544471E-01
-3.59943934916E-01
-3.31789512173E-01
-2.67619366830E-01
-2.14052835248E-01
-1.69657820165E-01
-1.21941558244E-01
-8.63524178068E-02
-6.23419360736E-02
-3.44312745666E-02
-5.57603827051E-03
3.84228648039E-02
1.22063438862E-01
2.30171546970E-01
3.42728297632E-01
4.23047624851E-01
4.19817788476E-01
3.39650812030E-01
2.26941710594E-01
1.15116243639E-01
3.33648191596E-02
-2.36448398793E-02
-7.17876839636E-02
-9.74740241933E-02
-1.27669947287E-01
-1.67372558579E-01
-1.82028702886E-01
-1.92937018191E-01
-1.97720832445E-01
-1.81998232731E-01
-1.70084402328E-01
-1.45342636887E-01
-8.30921112770E-02
-1.72461074378E-02
-1.27669947287E-02
-6.55108321399E-02
-7.74246625430E-02
-2.01103019592E-03
9.50973521436E-02
1.46561443067E-01
1.65635759773E-01
1.91078338767E-01
2.35747585240E-01
2.87394497090E-01
3.22739876291E-01
3.42789237941E-01
3.47024589415E-01
3.35659221792E-01
3.27036168073E-01
3.22160943356E-01
3.12562844694E-01
3.01227947226E-01
2.86419452147E-01
2.61007343307E-01
2.20238276608E-01
1.88153203937E-01
2.16338096834E-01
2.77339346110E-01
3.12867546238E-01
3.51046649807E-01
4.21280355891E-01
5.18236387458E-01
6.28477406380E-01
7.20253511685E-01
7.72936408788E-01
7.85276821353E-01
7.64039123678E-01
7.03738687955E-01
5.99713580548E-01
4.64852676803E-01
3.14665285353E-01
1.66458453944E-01
1.82516225357E-02
-1.29284865474E-01
-2.55522715500E-01
-3.17163838021E-01
-2.47966117188E-01
-7.18486242725E-02
3.77525214053E-02
-3.21460129803E-02
-9.25073890125E-02
-2.37971906518E-02
1.21880617935E-04
7.16048630367E-03
3.00435723209E-02
-4.23839848868E-02
-1.47841189555E-01
-2.57442335233E-01
-3.45958134008E-01
-4.08879003017E-01
-4.84902038453E-01
-5.39199853743E-01
-5.41972637801E-01
-4.83835583046E-01
-4.44925195771E-01
-4.40446083062E-01
-4.06624211585E-01
-3.22587525519E-01
-1.93851122825E-01
-7.48651695664E-02
1.98056004144E-03
6.06051372680E-02
9.91803528444E-02
1.01770315976E-01
9.74740241933E-02
1.12922392517E-01
1.60303482739E-01
2.16002925135E-01
2.46442609464E-01
2.36753100338E-01
1.68347603522E-01
6.09707791219E-02
-1.10911362321E-02
4.84475456291E-03
9.01916572717E-03
-1.05457204668E-01
-2.52292879125E-01
-3.31210579238E-01
-3.39315640330E-01
-3.07017276578E-01
-2.95865200037E-01
-3.09393948627E-01
-3.00131021664E-01
-2.62774612267E-01
-2.06861878790E-01
-1.90590816295E-01
-2.57168103842E-01
-3.50376306408E-01
-4.06258569731E-01
-4.35113806027E-01
-4.90721837960E-01
-5.70705993479E-01
-6.25735092477E-01
-6.19823882507E-01
-5.79847039824E-01
-5.65556537372E-01
-5.82863585118E-01
-6.18178494165E-01
-6.52731649349E-01
-6.54011395838E-01
-6.30244675341E-01
-6.00414394101E-01
-5.69030134983E-01
-5.48797952406E-01
-5.29632225235E-01
-4.94469666961E-01
-4.45016606234E-01
-4.06380450349E-01
-3.95533075353E-01
-3.73594564124E-01
-3.31606691246E-01
-2.80386361559E-01
-1.84466315244E-01
-6.89844297511E-02
2.50464669856E-02
1.06279898839E-01
1.62558274170E-01
2.01438191292E-01
2.45741795911E-01
3.04579664219E-01
4.02693561656E-01
5.27712605503E-01
6.15192419026E-01
6.29757152869E-01
5.70949754715E-01
4.57143727719E-01
3.59151710899E-01
3.23806331698E-01
3.32825497425E-01
3.67073951065E-01
4.05649166641E-01
4.43828270209E-01
4.81550321460E-01
5.06413967519E-01
5.16438648344E-01
5.02483317590E-01
4.72774916969E-01
4.23687498096E-01
3.47573052195E-01
2.42572899845E-01
1.03171943082E-01
-1.40467412170E-02
-5.91120996983E-02
-3.29991773058E-02
8.39757457570E-02
2.86632743228E-01
3.79079191932E-01
3.01136536762E-01
3.14177762881E-01
3.97513635394E-01
4.01505225631E-01
4.10128279350E-01
4.13053414181E-01
4.00560650843E-01
4.09427465797E-01
4.20366251257E-01
4.50653584814E-01
4.63908102014E-01
4.36058380816E-01
4.04156129072E-01
3.88189768122E-01
3.78347908224E-01
3.33495840824E-01
2.51927237271E-01
2.16216216216E-01
2.53511685304E-01
2.45284743594E-01
1.64142722204E-01
1.14567780859E-01
1.07620585636E-01
1.09205033670E-01
1.40772113715E-01
1.96928608428E-01
2.44766750967E-01
2.87973430025E-01
3.44251805357E-01
4.02327919803E-01
4.40324202444E-01
4.44011091136E-01
3.95594015662E-01
3.11587799750E-01
2.33279502727E-01
1.79865321917E-01
1.62741095097E-01
1.71790730979E-01
1.68591364758E-01
1.34891373899E-01
8.33663426674E-02
1.07559645327E-02
-9.14104634510E-02
-1.97263780127E-01
-2.84743593650E-01
-3.40839148054E-01
-3.55038240044E-01
-3.42697827478E-01
-3.28102623480E-01
-3.18900636826E-01
-3.13050367165E-01
-3.25086078186E-01
-3.56866449313E-01
-3.75270422621E-01
-3.59395472135E-01
-3.06133642098E-01
-2.28891800481E-01
-1.68682775222E-01
-1.47841189555E-01
-1.55793899875E-01
-1.63350498187E-01
-1.46713793839E-01
-1.14293549468E-01
-6.64554069289E-02
-4.54005301807E-03
3.98854322191E-02
5.04585758250E-02
5.00624638167E-02
6.53280112130E-02
6.07879581949E-02
-5.48462780706E-04
-8.98260154179E-02
-1.66549864408E-01
-2.05643072610E-01
-1.88732136872E-01
-1.07011182547E-01
-3.33648191596E-02
-3.58938419818E-02
-5.17383223133E-02
-1.00246808251E-02
7.39205947774E-02
1.53142996435E-01
2.20390627380E-01
2.78680032908E-01
3.23928212316E-01
3.66129376276E-01
3.89957037082E-01
3.88616350285E-01
3.64179286389E-01
2.83281026235E-01
1.45190286115E-01
1.30412261190E-02
-6.64858770834E-02
-1.32727992931E-01
-2.22523538194E-01
-2.90868094701E-01
-3.16310673695E-01
-3.28742496724E-01
-3.16463024468E-01
-2.88613303269E-01
-3.00770894908E-01
-3.35933453183E-01
-3.30479295530E-01
-2.41567384747E-01
-1.09144093361E-01
-1.19747707121E-02
3.92760291295E-02
7.99232152107E-02
1.49120936043E-01
2.36356988330E-01
2.97662939151E-01
2.97815289924E-01
2.45193333130E-01
1.79987202535E-01
1.40254121088E-01
1.53630518907E-01
1.88366495018E-01
1.74959627045E-01
7.30979006064E-02
-9.86318900637E-02
-2.64968463390E-01
-3.44282275511E-01
-3.35263109784E-01
-2.96291782199E-01
-2.71458606295E-01
-2.79929309242E-01
-3.04274962674E-01
-2.99308327493E-01
-2.37057801883E-01
-1.52107011183E-01
-1.01282793504E-01
-8.75102836771E-02
-6.04527864956E-02
-4.66193363600E-03
3.82095737225E-02
5.25914866388E-02
2.96474603126E-02
-3.60157225997E-02
-1.06858831774E-01
-1.53051585972E-01
-1.45403577196E-01
-5.64002559493E-02
3.76306407873E-02
4.75639111490E-02
5.34446509644E-02
1.15451415339E-01
1.27212894969E-01
1.16456930437E-01
1.93546421280E-01
2.98729394558E-01
3.82491849234E-01
4.22560102380E-01
4.20670952802E-01
4.03790487218E-01
3.08114202139E-01
8.43718577653E-02
-2.29226972181E-01
-5.30972912033E-01
-7.62363265182E-01
-8.17422834334E-01
-5.91456168683E-01
-3.95624485816E-01
-5.13422103050E-01
-6.06325604071E-01
-5.05926445047E-01
-4.54584234742E-01
-3.88067887504E-01
-3.35750632256E-01
-3.46445656479E-01
-2.75937719004E-01
-2.23498583138E-01
-1.68012431823E-01
-1.18833602486E-01
-1.16243639355E-01
-1.05487674823E-01
-9.28730308663E-02
-5.59127334776E-02
-9.75959048112E-02
-2.10335476401E-01
-3.11557329596E-01
-3.92150888205E-01
-4.96480697157E-01
-6.06477954843E-01
-6.33748743106E-01
-6.03400469240E-01
-5.10618848838E-01
-3.54063195100E-01
-1.75051037509E-01
-5.21649044761E-02
-8.71446418233E-03
4.78381425394E-02
1.32971754167E-01
2.28312867546E-01
3.83558304641E-01
6.04223163411E-01
8.30403120144E-01
9.84490691368E-01
1.00000000000E+00
8.85432219141E-01
6.91642036625E-01
4.89198330236E-01
3.32398915263E-01
2.58783022030E-01
2.68228769920E-01
2.61403455316E-01
2.19537463055E-01
2.01986654072E-01
1.92784667418E-01
1.78433224656E-01
1.66397513635E-01
1.66976446571E-01
1.81632590877E-01
1.76848776623E-01
1.49517048051E-01
1.01678905512E-01
4.22316341144E-02
1.62101221853E-02
2.42237728145E-02
3.49187970383E-02
-1.59663609495E-02
-1.41351046650E-01
-2.21396142478E-01
-1.73740820866E-01
-2.81239525884E-02
5.63697857948E-02
-1.90133763978E-02
-8.22389469515E-02
-1.29498156556E-02
8.11420213900E-02
9.32691428746E-02
3.95807306743E-02
-1.53264877053E-02
-1.83125628447E-02
5.09765684512E-02
1.17096803681E-01
1.10210548767E-01
7.69371400713E-02
4.99710533532E-02
1.27669947287E-02
-3.94893202109E-02
-8.81806270758E-02
-8.56516042536E-02
-4.64060452786E-02
-1.48999055425E-02
-1.59358907950E-02
-4.60708735793E-02
-4.86608367104E-02
1.19747707121E-02
9.03440080441E-02
1.15512355648E-01
1.28431701149E-01
1.72369663914E-01
2.07440811725E-01
2.24717389317E-01
2.22675888967E-01
2.07715043115E-01
1.93759712362E-01
1.59602669186E-01
9.15628142235E-02
1.77031597550E-02
-2.43456534325E-02
-4.11347085530E-02
-5.34141808099E-02
-5.87464578445E-02
-7.32807215333E-02
-1.20113348975E-01
-1.78616045583E-01
-2.14113775557E-01
-2.28861330327E-01
-2.20786739389E-01
-1.74136932874E-01
-1.52228891800E-01
-2.09360431457E-01
-2.78984734453E-01
-3.08175142448E-01
-3.26609585911E-01
-3.50833358725E-01
-3.56592217923E-01
-3.41204789908E-01
-3.12989426856E-01
-2.74170450044E-01
-2.39129772388E-01
-2.19811694445E-01
-2.22736829276E-01
-2.28373807855E-01
-2.19171821201E-01
-1.93333130199E-01
-1.45281696578E-01
-1.01404674122E-01
-7.29150796795E-02
-4.23839848868E-02
-1.60882415674E-02
-2.02626527316E-02
-6.93196014504E-02
-1.29528626710E-01
-1.55032146013E-01
-1.38547792437E-01
-1.39949419544E-01
-2.01560071910E-01
-2.59788537128E-01
-2.59514305738E-01
-2.15606813127E-01
-1.73649410403E-01
-1.78372284347E-01
-2.11554282580E-01
-2.30323897742E-01
-2.19842164600E-01
-1.69353118620E-01
-1.15512355648E-01
-8.05021481459E-02
-2.26697949359E-02
5.67963679576E-02
1.35561717298E-01
2.18989000274E-01
2.80051189860E-01
2.78466741826E-01
2.38154727444E-01
2.13473902313E-01
2.23285292056E-01
2.31908345775E-01
2.21000030470E-01
2.37880496054E-01
2.99308327493E-01
3.52935799385E-01
3.37761662452E-01
2.59514305738E-01
1.67921021360E-01
1.01496084585E-01
8.78759255309E-02
1.12221578963E-01
1.50248331759E-01
1.98726347543E-01
2.48545050123E-01
2.89344586977E-01
3.00161491819E-01
2.61769097169E-01
1.87909442701E-01
1.09022212743E-01
5.60955544045E-02
3.45531551845E-02
1.44733233797E-02
-2.41018921966E-02
-7.04165270118E-02
-9.68950912581E-02
-8.51945519364E-02
-4.89350681008E-02
-4.05862457723E-02
-9.46707699808E-02
-1.69901581401E-01
-2.19781224291E-01
-2.46381669155E-01
-2.64633291691E-01
-2.78740973217E-01
-2.75328315915E-01
-2.59331484811E-01
-2.42451019227E-01
-1.86721106676E-01
-9.43965385905E-02
-2.98912215485E-02
3.35171699321E-03
4.82951948566E-02
1.12922392517E-01
1.71882141442E-01
2.17343611932E-01
2.61982388251E-01
3.03970261129E-01
3.36603796581E-01
3.66982540601E-01
4.08452420854E-01
4.65279258966E-01
5.34903561961E-01
6.02120722752E-01
6.38227855815E-01
6.22352905329E-01
5.42185928883E-01
4.06319510040E-01
2.61312044852E-01
1.49059995734E-01
7.60230354368E-02
4.22621042689E-02
3.22374234437E-02
1.01160912886E-02
-3.43093939486E-02
-7.24580273622E-02
-8.55601937902E-02
-8.72055821323E-02
-9.02830677352E-02
-1.10880892166E-01
-1.49699868978E-01
-1.51802309638E-01
-7.34635424602E-02
2.29135561717E-02
3.94588500564E-02
-2.12376976751E-02
-7.52308114202E-02
-5.84722264542E-02
-6.91672506780E-03
1.06645540693E-03
-3.11100277278E-02
-5.57908528596E-02
-5.79237636735E-02
-5.75276516652E-02
-6.79484444986E-02
-7.32807215333E-02
-7.29150796795E-02
-7.51394009568E-02
-5.71010695024E-02
-9.44574788994E-03
2.41018921966E-02
-1.12739571590E-03
-5.65830768762E-02
-1.04360279107E-01
-1.61430878455E-01
-2.18531947957E-01
-2.49763856303E-01
-2.36235107712E-01
-1.70602394954E-01
-1.06371309303E-01
-9.20808068497E-02
-8.87290898565E-02
-4.85084859380E-02
-2.32182577166E-02
-6.23724062281E-02
-1.05731436058E-01
-9.00697766538E-02
-2.84895944422E-02
4.18659922606E-02
1.02714890764E-01
1.60364423048E-01
2.35016301533E-01
2.87607788171E-01
2.72189890003E-01
2.36935921265E-01
2.02687467625E-01
1.19564886194E-01
-2.37362503428E-02
-1.73375179012E-01
-3.10277583107E-01
-4.20853773729E-01
-4.39166336573E-01
-3.84838051129E-01
-3.13202717938E-01
-2.30567658978E-01
-1.44611353180E-01
-6.98375940766E-02
-4.57357018800E-02
-8.90642615558E-02
-1.52899235199E-01
-1.97233309973E-01
-1.97202839818E-01
-1.56647064201E-01
-1.08290929035E-01
-5.75276516652E-02
-3.93369694384E-02
-8.94299034096E-02
-1.61857460617E-01
-1.84862427253E-01
-1.73771291020E-01
-2.00371735885E-01
-2.59422895274E-01
-3.09607239709E-01
-3.38401535696E-01
-3.40443036046E-01
-3.13598829946E-01
-2.92147841190E-01
-3.13629300101E-01
-3.49340321155E-01
-3.63569883299E-01
-3.19814741461E-01
-2.13412962004E-01
-1.26603491880E-01
-8.93994332551E-02
-4.61318138883E-02
3.53758493556E-02
1.35744538225E-01
2.30659069441E-01
2.95712849264E-01
3.17803711265E-01
3.49523142082E-01
4.32706663823E-01
5.32801121302E-01
6.10347664463E-01
6.63700904964E-01
6.95572686554E-01
7.00082269417E-01
6.73238063317E-01
6.00780035955E-01
4.70276364301E-01
3.08327493220E-01
1.69383588775E-01
5.89292787714E-02
-4.86608367104E-02
-1.62771565252E-01
-2.75633017459E-01
-3.22800816600E-01
-2.90197751303E-01
-2.38428958835E-01
-2.13717663549E-01
-2.14875529419E-01
-1.73375179012E-01
-1.32910813858E-01
-1.61796520308E-01
-2.06953289253E-01
-2.64115299065E-01
-3.19235808526E-01
-3.61802614339E-01
-4.25515707365E-01
-4.84444986136E-01
-4.87004479113E-01
-4.11560376611E-01
-3.07992321521E-01
-2.25357262561E-01
-1.91718212011E-01
-2.09147140376E-01
-2.51348304336E-01
-2.99216917030E-01
-3.38919528322E-01
-3.97970687711E-01
-4.53243547945E-01
-4.61622840428E-01
-4.22163990371E-01
-3.54337426491E-01
-3.00527133673E-01
-2.58356439867E-01
-2.13412962004E-01
-1.63594259423E-01
-9.60723970871E-02
-1.33154575094E-02
5.94777415521E-02
1.12343459581E-01
1.66824095798E-01
2.50921722173E-01
3.67256771992E-01
4.71159998781E-01
5.30698680642E-01
5.75611688351E-01
6.57637344221E-01
7.65593101557E-01
8.37929248301E-01
8.48563332216E-01
8.06148877175E-01
7.28389042932E-01
6.22444315793E-01
4.88406106219E-01
3.42149364697E-01
2.18867119656E-01
1.27609006978E-01
4.42731344648E-02
-4.43950150827E-02
-1.36475821932E-01
-2.14723178647E-01
-2.69264755172E-01
-3.12898016393E-01
-3.52996739693E-01
-3.85934976690E-01
-3.93765806393E-01
-3.79383893476E-01
-3.90414089399E-01
-4.23139035315E-01
-4.18172400134E-01
-3.57353971785E-01
-2.72281300466E-01
-1.84923367561E-01
-8.49812608550E-02
1.86477345440E-02
5.54861513148E-02
-6.06356074225E-03
-6.24942868460E-02
-2.22127426186E-02
8.25436484963E-02
1.78067582803E-01
2.46198848228E-01
3.29656601359E-01
4.18020049362E-01
4.65523020202E-01
4.82281605168E-01
4.93250860782E-01
5.09674274049E-01
5.19759895183E-01
5.15615954173E-01
5.04951400104E-01
4.86882598495E-01
4.63603400469E-01
4.35753679271E-01
4.07812547610E-01
3.80450348883E-01
3.38066363996E-01
3.00283372437E-01
2.97632468997E-01
3.31698101709E-01
3.93247813766E-01
4.48886315854E-01
4.75974283190E-01
4.83104299339E-01
4.65797251592E-01
3.98488680338E-01
2.94646393857E-01
1.76818306469E-01
4.94835308815E-02
-7.59011548189E-02
-1.88914957799E-01
-2.73134464792E-01
-3.07504799049E-01
-2.77979219355E-01
-2.56893872452E-01
-3.04000731284E-01
-3.60065815534E-01
-3.96660471069E-01
-4.29964349919E-01
-4.43767329900E-01
-4.76736037052E-01
-5.77531308084E-01
-6.94749992382E-01
-7.62881257808E-01
-7.56391114903E-01
-7.08979554526E-01
-6.69733995551E-01
-6.51665193943E-01
-6.27868003291E-01
-5.68999664828E-01
-4.84262165209E-01
-3.80998811664E-01
-2.78740973217E-01
-2.13199670922E-01
-2.02992169170E-01
-1.88762607026E-01
-9.82967183644E-02
5.67049574941E-02
2.40470459185E-01
4.04917882934E-01
5.11868125171E-01
5.77927420092E-01
6.30701727658E-01
6.69337883543E-01
6.86888692526E-01
6.87802797160E-01
6.87132453762E-01
6.87772327006E-01
6.85060483257E-01
6.82257229044E-01
6.69124592462E-01
6.36399646546E-01
5.85179316859E-01
5.12325177489E-01
3.78165087297E-01
1.79956732381E-01
-7.80035954782E-03
-1.66245162863E-01
-3.14878576434E-01
-4.80209634663E-01
-6.98223589994E-01
-9.01429050245E-01
-9.64136628173E-01
-8.91678600811E-01
-7.85611993053E-01
-7.42862366312E-01
-7.75221670374E-01
-7.39205947774E-01
-6.27898473445E-01
-5.11350132545E-01
-3.85447454219E-01
-3.17163838021E-01
-2.72007069076E-01
-1.88640726408E-01
-1.10180078613E-01
-4.55833511076E-02
-1.58749504860E-02
-1.95923093330E-02
2.89771169140E-02
1.04116517871E-01
1.42204210975E-01
1.54971205704E-01
1.61491818764E-01
1.79712971145E-01
2.27642524148E-01
3.21246838721E-01
4.02693561656E-01
4.24601602730E-01
4.28532252659E-01
4.52146622383E-01
4.74816417319E-01
4.90142905025E-01
5.06931960145E-01
5.08973460495E-01
5.02239556355E-01
4.92946159237E-01
4.84018403973E-01
4.76949328133E-01
4.72744446814E-01
4.76888387824E-01
4.81367500533E-01
4.84384045827E-01
4.69148968585E-01
4.14729272677E-01
3.71187421920E-01
3.72741399799E-01
3.83680185259E-01
3.83131722478E-01
3.52174045522E-01
3.02964746031E-01
2.47478594716E-01
1.72247783296E-01
7.25799079801E-02
-7.71199609982E-02
-2.33584204272E-01
-3.42057954234E-01
-4.06197629422E-01
-4.28623663122E-01
-4.97547152564E-01
-6.03461409549E-01
-6.55687254334E-01
-7.01788598068E-01
-6.95176574545E-01
-6.09464029983E-01
-5.20003656419E-01
-4.70489655383E-01
-4.34748164173E-01
-3.54703068345E-01
-2.74871263597E-01
-2.02809348243E-01
-1.15756116884E-01
-2.44370638959E-02
5.67658978031E-02
1.05670495749E-01
1.30259910418E-01
1.66702215180E-01
2.11127700417E-01
2.37850025900E-01
2.44827691276E-01
2.29714494652E-01
1.81541180414E-01
9.17761053049E-02
-1.02075017520E-02
-6.13668911301E-02
-3.78744020232E-02
-1.26451141107E-02
-4.39379627655E-02
-9.93631737713E-02
-1.33063164630E-01
-1.34860903745E-01
-1.10698071239E-01
-9.93936439258E-02
-1.58231512234E-01
-2.56223529053E-01
-3.08144672293E-01
-2.77918279046E-01
-2.06069654773E-01
-1.69170297693E-01
-1.98817758006E-01
-2.62744142113E-01
-3.01715469697E-01
-2.96535543435E-01
-2.65608336634E-01
-2.45558974984E-01
-2.51287364027E-01
-2.32395868247E-01
-1.57652579299E-01
-5.65830768762E-02
3.47055059569E-02
1.01465614431E-01
1.42082330357E-01
1.77793351412E-01
2.03662512569E-01
2.24625978854E-01
2.52932752369E-01
2.51561595417E-01
2.25661964106E-01
2.15210701118E-01
2.33523263963E-01
2.41902556446E-01
2.25083031171E-01
2.09908894238E-01
1.96654377038E-01
1.83521740455E-01
1.79652030836E-01
1.95923093330E-01
2.11554282580E-01
1.94856637923E-01
1.65605289619E-01
1.72095432524E-01
2.28891800481E-01
2.98394222859E-01
3.29900362595E-01
3.12898016393E-01
2.61677686706E-01
1.91687741857E-01
1.27151954660E-01
9.24159785490E-02
9.52497029160E-02
1.09113623206E-01
9.13495231421E-02
2.41628325056E-02
-5.35360614278E-02
-9.74740241933E-02
-1.20509460983E-01
-1.45677808586E-01
-1.79926262226E-01
-2.12255096133E-01
-2.10975349645E-01
-1.66062341936E-01
-9.02830677352E-02
-2.27002650903E-02
-2.44370638959E-02
-7.33721319967E-02
-7.87044090314E-02
-4.85694262470E-02
-5.03366952070E-02
-6.36216825619E-02
-4.69240379049E-02
-3.19022517444E-02
-4.37246716841E-02
-4.11042383985E-02
-5.54556811603E-03
1.51436667784E-02
-9.14104634510E-04
-1.41990919894E-02
-4.60099332704E-03
3.10795575734E-03
-1.61491818764E-02
-5.60650842500E-02
-7.57792742009E-02
-6.13364209757E-02
-4.79904933118E-02
-4.79600231573E-02
-2.94341692312E-02
2.05064139675E-02
5.45111063713E-02
1.96227794875E-02
-5.84112861452E-02
-1.05061092660E-01
-1.02867241537E-01
-9.46098296718E-02
-9.42137176635E-02
-8.96127243365E-02
-9.22026874676E-02
-1.03507114781E-01
-1.07437764709E-01
-1.19717236966E-01
-1.66580334562E-01
-2.24047045919E-01
-2.43761235869E-01
-2.16490447607E-01
-1.75447149517E-01
-1.50370212377E-01
-1.42844084220E-01
-1.34586672354E-01
-1.12770041744E-01
-7.32197812243E-02
-2.28830860172E-02
6.49014290502E-03
1.41990919894E-02
1.85258539261E-02
2.27307352448E-02
3.35171699321E-02
4.94225905725E-02
6.00262043329E-02
4.45168957007E-02
-5.54556811603E-03
-6.70648100186E-02
-9.83881288278E-02
-8.38538651391E-02
-4.62536945062E-02
-1.12739571590E-02
-9.01916572717E-03
-4.81123739297E-02
-8.01060361376E-02
-6.80398549621E-02
-5.90816295439E-02
-9.15628142235E-02
-1.12556750663E-01
-7.55050428106E-02
-1.02075017520E-02
4.22621042689E-02
6.82226758890E-02
7.16658033456E-02
4.56747615710E-02
-7.98318047473E-03
-4.65279258966E-02
-5.42673451354E-02
-4.36942015296E-02
-1.57530698681E-02
3.09576769554E-02
7.39815350864E-02
1.02349248911E-01
1.32453761541E-01
1.41838569122E-01
1.23891648131E-01
1.11551235565E-01
1.12770041744E-01
1.10911362321E-01
1.09296444133E-01
1.20905572991E-01
1.27151954660E-01
1.14994363021E-01
1.05000152351E-01
1.24622931838E-01
1.53843809988E-01
1.47384137238E-01
1.05091562814E-01
5.58213230141E-02
2.19080410738E-02
8.56211340991E-03
-3.29077668424E-03
-4.23535147323E-02
-9.10752917517E-02
-1.09174563515E-01
-8.92166123282E-02
-4.65583960511E-02
-7.40424753954E-03
9.96374051616E-03
1.22794722569E-02
1.25841738018E-02
9.96374051616E-03
2.33706084890E-02
6.46881379689E-02
1.19321124958E-01
1.67951491514E-01
1.75629970444E-01
1.52564063500E-01
1.31661537524E-01
1.25872208172E-01
1.51375727475E-01
1.73557999939E-01
1.46896614766E-01
8.87290898565E-02
4.23230445778E-02
2.93732289223E-02
2.38886011152E-02
-3.38218714769E-03
-3.10795575734E-02
-4.16527011792E-02
-4.52786495628E-02
-3.60157225997E-02
-1.29193455011E-02
6.97766537676E-03
1.52655473963E-02
1.75203388281E-02
1.61187117219E-02
1.43209726073E-03
-5.51509796155E-03
2.84591242878E-02
8.69922910509E-02
1.26481611262E-01
1.34708552972E-01
1.25079984156E-01
9.09534111338E-02
3.61680733721E-02
-1.17310094762E-02
-3.39437520948E-02
-4.39989030744E-02
-6.83140863524E-02
-9.97288156251E-02
-1.09357384442E-01
-9.69560315671E-02
-1.06462719766E-01
-1.42356561748E-01
-1.64081781895E-01
-1.60151131966E-01
-1.42539382675E-01
-1.27243365124E-01
-1.15877997501E-01
-1.06249428685E-01
-1.09479265060E-01
-1.26694902343E-01
-1.32423291386E-01
-1.13775556842E-01
-9.78701362016E-02
-1.03385234163E-01
-1.15695176575E-01
-1.04238398489E-01
-8.28178798867E-02
-8.73884030592E-02
-9.91498826899E-02
-1.03994637253E-01
-1.14902952558E-01
-1.20783692373E-01
-1.05182973278E-01
-8.15381333983E-02
-6.93196014504E-02
-6.21286449922E-02
-5.89597489259E-02
-7.69980803803E-02
-1.11277004174E-01
-1.43057375301E-01
-1.64081781895E-01
-1.70663335263E-01
-1.68987476767E-01
-1.62192632317E-01
-1.48176361254E-01
-1.36871933941E-01
-1.24866693074E-01
-1.06340839148E-01
-9.97897559341E-02
-1.08321399189E-01
-1.15177183948E-01
-1.11490295256E-01
-9.37566653463E-02
-5.25305463299E-02
3.99159023736E-03
5.01538742801E-02
8.11115512356E-02
9.64685090953E-02
1.08382339498E-01
1.24866693074E-01
1.24897163229E-01
1.06158018221E-01
9.87842408361E-02
1.26877723270E-01
1.57957280843E-01
1.60730064901E-01
1.58566683933E-01
1.53752399525E-01
1.36841463786E-01
1.32088119687E-01
1.37298516103E-01
1.40345531552E-01
1.47140376002E-01
1.30595082117E-01
7.88567598038E-02
3.44617447210E-02
1.94704287151E-02
6.15497120570E-03
-9.56762850788E-03
-3.38218714769E-03
8.80587464578E-03
6.42920259606E-03
9.35433742649E-03
2.69965568725E-02
3.82705140315E-02
3.27249459155E-02
7.73941923886E-03
-1.79164508364E-02
-7.61753862092E-03
8.19647155611E-03
-1.01465614431E-02
-2.76973704257E-02
-1.59663609495E-02
6.67296383193E-03
1.03293823700E-02
5.33227703464E-03
2.68442061001E-02
6.61811755386E-02
9.48231207532E-02
1.01008562113E-01
9.28730308663E-02
8.90033212468E-02
1.03476644627E-01
1.32240470459E-01
1.59206557177E-01
1.70145342637E-01
1.69871111247E-01
1.81632590877E-01
1.77519120022E-01
1.28644992230E-01
7.97403942838E-02
5.51814497700E-02
2.97998110850E-02
5.69791888845E-03
-5.57603827051E-03
-1.46561443067E-02
-2.91294676864E-02
-6.40787348792E-02
-1.09570675523E-01
-1.28248880222E-01
-1.18864072641E-01
-1.03537584936E-01
-8.83025076937E-02
-7.35549529236E-02
-6.97461836132E-02
-7.36768335415E-02
-7.24884975167E-02
-7.99841555197E-02
-1.04146988025E-01
-1.08382339498E-01
-6.91672506780E-02
-2.46808251318E-02
-1.32240470459E-02
-1.45647338432E-02
-1.34068679728E-03
5.48462780706E-04
-3.12928486547E-02
-4.97882324263E-02
-2.26088546269E-02
6.97766537676E-03
6.52061305951E-03
-9.96374051616E-03
-1.81602120723E-02
-6.03309058777E-03
-4.02206039185E-03
-4.15612907157E-02
-6.75828026448E-02
-2.81544227429E-02
4.03729546909E-02
7.75465431610E-02
7.67238489899E-02
6.52366007496E-02
6.16715926750E-02
6.39568542613E-02
4.52786495628E-02
-8.10506109266E-03
-4.83256650111E-02
-4.65279258966E-02
-4.70459185228E-02
-6.62725860020E-02
-8.97955452634E-02
-1.28218410067E-01
-1.72826716231E-01
-1.93820652671E-01
-1.91322100003E-01
-1.79469209909E-01
-1.47109905847E-01
-9.93936439258E-02
-6.89234894421E-02
-6.77351534172E-02
-8.49507907005E-02
-9.34214936470E-02
-7.96489838203E-02
-7.64800877540E-02
-1.06645540693E-01
-1.40650233097E-01
-1.57043176209E-01
-1.53478168134E-01
-1.21850147780E-01
-7.10259301015E-02
-2.27002650903E-02
1.52655473963E-02
4.91178890277E-02
6.67296383193E-02
6.16106523660E-02
6.03004357232E-02
6.97461836132E-02
8.25436484963E-02
1.03720405862E-01
1.20936043146E-01
1.22764252415E-01
1.23008013651E-01
1.31966239069E-01
1.36993814559E-01
1.16335049819E-01
6.47795484323E-02
-2.71184374905E-03
-5.27438374113E-02
-6.67905786282E-02
-6.95938328407E-02
-7.28846095250E-02
-5.95691520156E-02
-2.42847131235E-02
1.61491818764E-02
2.87333556781E-02
1.52350772418E-02
1.22490021024E-02
2.31268472531E-02
3.90932082026E-02
5.61564947134E-02
6.77656235717E-02
8.31225814315E-02
1.01496084585E-01
9.89061214540E-02
7.43471769402E-02
5.98738535604E-02
5.37493525092E-02
3.08967366465E-02
1.35287485908E-02
3.29687071513E-02
6.72171607910E-02
8.37624546756E-02
8.72055821323E-02
8.15076632439E-02
6.59983546117E-02
6.49623693592E-02
8.86376793930E-02
1.24348700448E-01
1.62375453244E-01
1.78768396356E-01
1.54575093696E-01
1.13623206070E-01
8.33663426674E-02
5.42673451354E-02
3.04396843292E-02
4.32676193668E-02
8.96431944910E-02
1.20722752064E-01
1.00612450105E-01
5.14640909229E-02
2.21213321552E-02
2.18166306103E-02
2.00493616503E-02
2.49245863677E-02
6.68210487827E-02
1.17736676925E-01
1.30869313507E-01
1.11307474329E-01
9.05877692800E-02
6.75218623358E-02
3.29077668424E-02
2.28526158628E-03
-1.16700691673E-02
-1.72461074378E-02
-3.04396843292E-02
-4.22621042689E-02
-4.59794631159E-02
-5.77409427466E-02
-7.63277369816E-02
-7.48346994119E-02
-3.82705140315E-02
6.39873244157E-04
9.71997928029E-03
1.29498156556E-02
4.40598433834E-02
8.20865961790E-02
9.76568451202E-02
9.61638075505E-02
7.95575733569E-02
6.15192419026E-02
5.35055912733E-02
4.25363356592E-02
3.03178037113E-02
1.49303756970E-02
-1.17310094762E-02
-3.88494469667E-02
-5.44806362168E-02
-6.91063103690E-02
-1.00246808251E-01
-1.31387306134E-01
-1.33946799110E-01
-1.15238124257E-01
-1.06249428685E-01
-1.12739571590E-01
-1.06706481002E-01
-7.77903043968E-02
-4.68935677504E-02
-2.79411316615E-02
-2.28830860172E-02
-2.94951095402E-02
-3.23897742162E-02
-2.24565038545E-02
-9.41527773546E-03
6.18544136019E-03
2.28830860172E-02
1.73679880557E-02
-1.01465614431E-02
-2.89161766050E-02
-3.12623785003E-02
-2.24869740090E-02
-5.42368749810E-03
4.41817240013E-03
3.99159023736E-03
4.96663518084E-03
1.04817331424E-02
1.44123830708E-02
8.31835217405E-03
-8.68399402785E-03
-2.24565038545E-02
-2.06587647399E-02
-1.19138304031E-02
-7.95271032024E-03
-8.92775526372E-03
-1.60882415674E-02
-3.39742222493E-02
-5.02452847436E-02
-5.21953746305E-02
-5.32008897285E-02
-7.10259301015E-02
-1.00155397788E-01
-1.13988847923E-01
-1.05030622505E-01
-9.76568451202E-02
-1.06554130229E-01
-1.11124653402E-01
-8.59867759530E-02
-4.60708735793E-02
-3.60461927542E-02
-6.02090252598E-02
-6.65772875468E-02
-3.93674395929E-02
-1.46256741522E-02
-1.20966513300E-02
-2.92208781499E-02
-4.94530607270E-02
-5.13726804595E-02
-3.56805509004E-02
-3.23288339072E-02
-4.76553216125E-02
-4.40293732289E-02
-1.95618391785E-02
-9.93327036168E-03
-1.80992717633E-02
-1.67890551205E-02
-1.59663609495E-02
-4.21097534965E-02
-6.75523324903E-02
-6.64554069289E-02
-5.38407629727E-02
-4.83256650111E-02
-5.07632773698E-02
-4.14698802523E-02
-7.89177001127E-03
2.69965568725E-02
3.97330814467E-02
3.92455589750E-02
4.82647247022E-02
7.54136323471E-02
1.02196898138E-01
1.15238124257E-01
1.19199244340E-01
1.26542551571E-01
1.38334501356E-01
1.45434047351E-01
1.41442457113E-01
1.02593010147E-01
4.09214174716E-02
1.93485480971E-02
3.84838051129E-02
4.41512538469E-02
2.92208781499E-02
8.25741186508E-03
-5.60650842500E-03
2.65090344008E-03
2.25479143179E-02
3.85142752674E-02
4.50653584814E-02
5.38102928182E-02
5.63697857948E-02
3.30905877693E-02
8.13553124714E-03
-1.24318230293E-02
-3.39437520948E-02
-4.17441116426E-02
-3.53453792011E-02
-2.81544227429E-02
-3.57110210549E-02
-4.92702398001E-02
-5.55775617782E-02
-4.60404034248E-02
-1.67585849660E-02
7.67847892989E-03
9.35433742649E-03
-1.09692556141E-03
-9.75044943478E-04
1.31935768914E-02
2.14814589110E-02
2.04150035041E-02
1.82820926902E-02
2.67832657912E-02
5.93863310887E-02
9.08010603614E-02
8.94603735641E-02
5.63697857948E-02
8.25741186508E-03
-3.10795575734E-02
-4.37856119931E-02
-2.45894146683E-02
1.52350772418E-03
1.03598525245E-03
-1.34068679728E-02
-8.16600140163E-03
9.93327036168E-03
1.50827264694E-02
5.45415765258E-03
-3.93064992840E-03
1.58444803315E-03
1.63320028033E-02
2.43761235869E-02
2.44980042049E-02
2.80325421250E-02
3.58024315183E-02
4.12870593254E-02
4.69545080594E-02
4.75334409945E-02
2.94036990768E-02
5.17992626223E-03
-4.93616502636E-03
-9.96374051616E-03
-1.87391450075E-02
-2.49245863677E-02
-2.87333556781E-02
-4.36942015296E-02
-6.09403089674E-02
-6.15497120570E-02
-4.95444711905E-02
-3.47969164204E-02
-1.50522563149E-02
2.57777506932E-02
6.35607422530E-02
5.79847039824E-02
2.86724153691E-02
1.01465614431E-02
1.04207928334E-02
2.18166306103E-02
2.22432127731E-02
7.64800877540E-03
-1.12739571590E-03
-2.68137359456E-03
-1.25232334928E-02
-3.13537889637E-02
-4.72592096042E-02
-4.18964624151E-02
-1.40772113715E-02
8.53164325543E-03
1.27365245742E-02
1.22794722569E-02
2.16033395289E-02
3.36390505500E-02
3.61985435266E-02
2.93122886133E-02
2.07197050489E-02
1.56007190956E-02
1.32545172004E-02
1.56311892501E-02
1.83735031537E-02
1.89524360889E-02
1.61796520308E-02
1.66976446571E-02
2.93427587678E-02
4.34504402937E-02
5.49986288430E-02
5.77104725921E-02
4.30238581310E-02
2.80020719705E-02
2.26088546269E-02
1.38334501356E-02
1.31021664280E-03
1.70632865109E-03
1.00856211341E-02
2.83372436698E-03
-1.38639202901E-02
-1.06645540693E-02
1.01160912886E-02
2.31877875621E-02
1.13958377769E-02
-1.86782046985E-02
-3.32734086962E-02
-3.17499009720E-02
-3.20546025168E-02
-3.42179834852E-02
-4.36637313751E-02
-5.27133672568E-02
-5.06718669064E-02
-4.39074926110E-02
-4.53395898717E-02
-4.58575824979E-02
-2.70879673360E-02
-1.88914957799E-03
1.27974648831E-02
1.72461074378E-02
1.97446601054E-02
2.15728693744E-02
1.53264877053E-02
3.59547822907E-03
-8.13553124714E-03
-2.45589445138E-02
-4.09214174716E-02
-4.15308205613E-02
-3.08967366465E-02
-2.44065937414E-02
-2.63871537829E-02
-2.94951095402E-02
-3.02568634023E-02
-3.90322678936E-02
-5.38102928182E-02
-5.86245772266E-02
-4.80819037753E-02
-2.89161766050E-02
-7.80035954782E-03
1.51741369329E-02
3.07139157196E-02
2.08415856668E-02
-5.14945610774E-03
-1.61796520308E-02
-1.59054206405E-02
-3.20850726713E-02
-5.95691520156E-02
-7.43471769402E-02
-7.00813553125E-02
-5.86855175356E-02
-5.65830768762E-02
-6.04223163411E-02
-5.17383223133E-02
-2.75145494988E-02
4.75334409945E-03
3.53758493556E-02
5.05804564429E-02
4.71068588318E-02
3.46445656479E-02
2.04454736586E-02
4.29629178220E-03
-1.19747707121E-02
-2.01407721137E-02
-2.07806453579E-02
-2.30354367897E-02
-2.05064139675E-02
-1.01160912886E-02
-2.30659069441E-02
-6.15497120570E-02
-8.04716779914E-02
-7.11478107194E-02
-5.94472713977E-02
-6.44139065785E-02
-7.04774673208E-02
-5.14031506140E-02
-1.94094884061E-02
7.55659831195E-03
1.76726896005E-02
1.52960175508E-02
1.70632865109E-02
1.54178981687E-02
4.50958286359E-03
-1.34373381273E-02
-3.97330814467E-02
-6.38654437978E-02
-7.81254760962E-02
-9.11667022152E-02
-1.01770315976E-01
-9.93022334623E-02
-8.62610073433E-02
-6.82531460435E-02
-5.01234041257E-02
-4.22621042689E-02
-4.10432980895E-02
-3.12014381913E-02
-1.56616594046E-02
-3.99159023736E-03
2.83372436698E-03
4.87522471739E-04
-1.15481885493E-02
-1.92571376337E-02
-1.32849873549E-02
-1.31631067370E-02
-2.75450196532E-02
-3.73259392425E-02
-4.27800968951E-02
-4.19269325695E-02
-1.77031597550E-02
1.46561443067E-02
2.82763033609E-02
2.49855266766E-02
1.59663609495E-02
1.17005393217E-02
2.34924891069E-02
3.62290136811E-02
2.55949297663E-02
4.41817240013E-03
-2.31573174076E-03
7.43471769402E-03
1.88914957799E-02
1.52960175508E-02
1.70632865109E-03
-2.25479143179E-03
2.40714220421E-03
9.75044943478E-04
-1.10911362321E-02
-1.91961973247E-02
-8.13553124714E-03
-2.10244065937E-03
-1.53264877053E-02
-1.60577714129E-02
8.47070294646E-03
2.93427587678E-02
2.60215119291E-02
1.32849873549E-02
9.32386727201E-03
2.30659069441E-02
4.39989030744E-02
5.43282854444E-02
6.70952801731E-02
9.86623602182E-02
1.24043998903E-01
1.17310094762E-01
9.46098296718E-02
6.65163472379E-02
3.28468265334E-02
2.25479143179E-03
-1.11216063865E-02
3.71735884701E-03
2.62652731649E-02
3.59852524452E-02
3.27554160700E-02
2.25479143179E-02
1.87696151619E-02
2.61738627015E-02
3.37914013224E-02
3.68993570797E-02
4.71373289863E-02
6.63030561565E-02
8.44937383833E-02
9.52497029160E-02
9.24464487035E-02
8.14467229349E-02
7.59620951278E-02
7.90395807307E-02
8.45851488467E-02
8.33663426674E-02
7.70590206892E-02
7.61144459002E-02
7.36463633871E-02
5.20125537036E-02
1.59968311039E-02
-8.01365062921E-03
-6.24638166916E-03
6.55108321399E-03
1.10606660776E-02
1.37725098266E-02
2.22432127731E-02
2.20908620007E-02
9.17151649959E-03
-7.76988939334E-03
-2.34620189524E-02
-3.01349827844E-02
-2.43151832780E-02
-1.13044273134E-02
-4.75334409945E-03
-6.76437429538E-03
-7.25189676712E-03
-1.33459276639E-02
-2.52292879125E-02
-2.76059599622E-02
-1.99884213413E-02
-1.00246808251E-02
5.72838904293E-03
2.58386910022E-02
4.05253054633E-02
5.24391358664E-02
5.92949206252E-02
5.47853377617E-02
5.78323532100E-02
7.68152594534E-02
8.38233949846E-02
7.05079374752E-02
4.97882324263E-02
2.26393247814E-02
2.37667204973E-03
-1.49303756970E-03
-6.30732197812E-03
-1.66671745026E-02
-2.05064139675E-02
-2.08415856668E-02
-2.43761235869E-02
-2.32182577166E-02
-1.42600322984E-02
-1.14567780859E-02
-2.03845333496E-02
-2.78192510436E-02
-2.89771169140E-02
-3.12014381913E-02
-3.82095737225E-02
-4.80514336208E-02
-5.95082117066E-02
-7.37377738505E-02
-8.63828879612E-02
-9.13799932966E-02
-9.14409336055E-02
-9.54325238429E-02
-1.03476644627E-01
-1.07864346872E-01
-1.05213443432E-01
-1.01526554740E-01
-1.04146988025E-01
-1.07894817027E-01
-1.09357384442E-01
-1.12526280508E-01
-1.15420945184E-01
-1.07986227490E-01
-8.89119107834E-02
-7.16658033456E-02
-6.01785551053E-02
-4.99710533532E-02
-3.98854322191E-02
-3.19631920534E-02
-2.81848928974E-02
-2.23650933910E-02
-1.20357110211E-02
-6.30732197812E-03
-4.38770224565E-03
1.76726896005E-03
8.37929248301E-03
1.03903226789E-02
3.71735884701E-03
-4.23535147323E-03
3.59547822907E-03
1.83735031537E-02
2.39190712697E-02
2.59910417746E-02
3.06529754106E-02
3.69298272342E-02
4.61927541973E-02
5.24696060209E-02
4.80819037753E-02
3.09576769554E-02
5.42368749810E-03
-1.69718760474E-02
-3.73564093970E-02
-5.75885919742E-02
-6.36216825619E-02
-5.25914866388E-02
-3.91541485115E-02
-2.94341692312E-02
-2.03845333496E-02
-9.08010603614E-03
1.13348974679E-02
3.47055059569E-02
4.10128279350E-02
3.30905877693E-02
3.12014381913E-02
3.56805509004E-02
3.58329016728E-02
3.34257594686E-02
3.40961028672E-02
3.81791035681E-02
5.17078521588E-02
7.40120052409E-02
9.12276425241E-02
1.03263353545E-01
1.14232609159E-01
1.21911088089E-01
1.23312715195E-01
1.11429354947E-01
9.04963588165E-02
7.36158932326E-02
6.24942868460E-02
5.05195161339E-02
3.81181632591E-02
3.06834455651E-02
2.37057801883E-02
1.17614796307E-02
1.91961973247E-03
3.22983637527E-03
1.58749504860E-02
2.47722355952E-02
1.47170846156E-02
-2.74231390353E-04
1.55397787867E-03
9.56762850788E-03
-4.57052317255E-04
-2.47722355952E-02
-4.18355221061E-02
-4.54310003352E-02
-3.98854322191E-02
-2.95255796947E-02
-1.95618391785E-02
-1.76117492916E-02
-1.99274810323E-02
-1.05731436058E-02
4.17441116426E-03
-6.70343398641E-04
-2.15119290655E-02
-3.24507145251E-02
-3.29687071513E-02
-3.32429385417E-02
-2.86114750602E-02
-1.54788384777E-02
2.43761235869E-03
1.74289283647E-02
2.15728693744E-02
1.72461074378E-02
1.54483683232E-02
1.96532496420E-02
2.42847131235E-02
2.73317285719E-02
3.39437520948E-02
3.57414912094E-02
2.15423992200E-02
2.83372436698E-03
-1.47780249246E-02
-3.58938419818E-02
-5.34751211189E-02
-5.62783753314E-02
-5.29266583382E-02
-6.32255705536E-02
-7.94966330479E-02
-7.54745726561E-02
-4.52481794083E-02
-1.58444803315E-02
-1.20966513300E-02
-1.93485480971E-02
-1.94094884061E-02
-1.98970108778E-02
-2.05978244310E-02
-1.74593985192E-02
-1.01465614431E-02
3.41265730217E-03
1.13958377769E-02
1.35287485908E-02
2.14205186020E-02
3.59547822907E-02
4.92092994911E-02
5.63393156403E-02
5.79847039824E-02
4.88741277918E-02
3.45531551845E-02
2.20603918462E-02
1.26755842652E-02
1.47475547701E-02
2.76973704257E-02
4.08604771626E-02
4.68021572869E-02
4.81733142387E-02
4.83561351656E-02
4.67107468235E-02
4.55528809531E-02
4.47301867820E-02
4.40903135379E-02
4.61622840428E-02
5.18602029312E-02
5.63088454858E-02
4.93921204181E-02
3.53758493556E-02
3.20546025168E-02
4.35418507572E-02
5.41149943630E-02
5.52423900789E-02
4.95749413450E-02
3.52539687376E-02
1.95923093330E-02
9.44574788994E-03
1.31021664280E-03
-4.14394100978E-03
-8.13553124714E-03
-9.65903897133E-03
-1.25841738018E-02
-2.01712422682E-02
-2.32791980255E-02
-2.17861604558E-02
-1.53874280143E-02
9.75044943478E-04
2.42542429690E-02
4.68021572869E-02
5.69487187300E-02
4.66802766690E-02
2.21822724641E-02
2.74231390353E-03
2.58996313111E-03
2.19385112283E-02
4.75029708401E-02
5.78323532100E-02
4.95444711905E-02
3.60766629087E-02
2.04150035041E-02
-7.00813553125E-04
-2.26697949359E-02
-4.02510740729E-02
-4.68326274414E-02
-3.76611109418E-02
-2.04454736586E-02
-6.45967275054E-03
9.14104634510E-04
6.79484444986E-03
8.22694171059E-03
-2.40714220421E-03
-1.03903226789E-02
-2.89466467595E-03
2.62043328560E-03
-8.28788201956E-03
-3.05310947927E-02
-5.28047777202E-02
-6.36826228709E-02
-6.29208690088E-02
-6.41701453426E-02
-7.12696913373E-02
-6.76437429538E-02
-4.60099332704E-02
-2.56558700753E-02
-2.25174441634E-02
-3.15061397361E-02
-3.97940217557E-02
-3.42484536397E-02
-1.58749504860E-02
3.32124683872E-03
1.46256741522E-02
1.80992717633E-02
1.69414058929E-02
4.38770224565E-03
-1.52046070874E-02
-3.26944757610E-02
-4.61318138883E-02
-5.32313598830E-02
-6.19153539108E-02
-7.96489838203E-02
-9.96374051616E-02
-1.02623480301E-01
-8.86986197020E-02
-7.94052225845E-02
-8.02888570645E-02
-7.62972668271E-02
-5.36579420458E-02
-3.02873335568E-02
-2.41933026600E-02
-2.08111155124E-02
-1.01770315976E-02
-2.43761235869E-04
9.14104634510E-04
-6.39873244157E-03
-1.54178981687E-02
-1.53569578598E-02
-1.15481885493E-02
-1.63015326488E-02
-2.17861604558E-02
-2.53206983759E-02
-2.25479143179E-02
-1.06645540693E-02
-7.98318047473E-03
-1.21880617935E-02
-9.99421067065E-03
-5.72838904293E-03
-3.16889606630E-03
-3.19936622079E-03
-3.47359761114E-03
7.00813553125E-04
8.53164325543E-03
1.60882415674E-02
1.61796520308E-02
3.07748560285E-03
-1.53264877053E-02
-2.09939364393E-02
-1.23708827204E-02
-2.43761235869E-04
1.54178981687E-02
3.01959230933E-02
3.28468265334E-02
2.22432127731E-02
6.91672506780E-03
-6.36826228709E-03
-1.38639202901E-02
-1.54788384777E-02
-1.84953837716E-02
-1.97751302599E-02
-1.32240470459E-02
-5.57603827051E-03
-2.52902282215E-03
-3.13842591182E-03
-1.06645540693E-03
9.59809866236E-03
2.63566836284E-02
4.33285596758E-02
5.46634571437E-02
5.53642706969E-02
5.00015235077E-02
4.93616502636E-02
5.61869648679E-02
5.98433834060E-02
5.59736737865E-02
5.02148145891E-02
3.88189768122E-02
1.94094884061E-02
-1.76726896005E-03
-1.62405923398E-02
-1.42905024528E-02
-5.48462780706E-04
1.04512629879E-02
1.87391450075E-02
2.79106615071E-02
2.55949297663E-02
7.03860568573E-03
-9.62856881684E-03
-1.07559645327E-02
-4.41817240013E-03
-4.66193363600E-03
-4.54005301807E-03
4.84475456291E-03
9.71997928029E-03
1.11825466955E-02
1.92876077882E-02
3.04396843292E-02
4.30847984399E-02
5.15555013864E-02
5.30790091106E-02
5.26524269478E-02
5.29875986471E-02
5.17383223133E-02
4.67716871325E-02
4.54614704897E-02
5.19516133947E-02
6.38045034888E-02
7.59316249733E-02
7.97708644383E-02
7.54745726561E-02
7.31893110698E-02
7.08126390201E-02
5.09156281422E-02
2.09025259758E-02
5.75885919742E-03
-6.39873244157E-04
-9.78091958926E-03
-1.21271214845E-02
-8.53164325543E-03
-6.06356074225E-03
-4.81428440842E-03
-1.08169048417E-02
-2.53816386849E-02
-4.18659922606E-02
-5.65526067217E-02
-6.67601084738E-02
-7.14220421098E-02
-6.75828026448E-02
-6.16106523660E-02
-6.56022426034E-02
-7.36463633871E-02
-7.47128187940E-02
-6.73999817179E-02
-5.98433834060E-02
-5.84112861452E-02
-5.22258447850E-02
-3.34257594686E-02
-1.66367043481E-02
-1.20661811755E-02
-8.50117310095E-03
1.18833602486E-03
9.99421067065E-03
1.40467412170E-02
1.97141899509E-02
3.07748560285E-02
3.82705140315E-02
3.30296474603E-02
1.83430329992E-02
-3.35171699321E-04
-2.12986379841E-02
-3.66860659984E-02
-4.15917608702E-02
-4.00682531460E-02
-3.35781102410E-02
-2.59910417746E-02
-2.45894146683E-02
-2.95560498492E-02
-3.20850726713E-02
-2.68137359456E-02
-1.99579511868E-02
-1.87086748530E-02
-2.39495414242E-02
-2.92208781499E-02
-2.80325421250E-02
-2.25783844724E-02
-1.70632865109E-02
-1.27365245742E-02
-1.26146439562E-02
-1.89524360889E-02
-2.44370638959E-02
-2.43151832780E-02
-2.46503549773E-02
-2.40409518876E-02
-1.91352570158E-02
-1.69414058929E-02
-1.77641000640E-02
-1.49913160060E-02
-1.19747707121E-02
-1.49608458515E-02
-1.73070477467E-02
-1.34982784363E-02
-9.93327036168E-03
-4.84475456291E-03
2.07197050489E-03
1.82820926902E-04
-5.08851579878E-03
-6.15497120570E-03
-7.31283707608E-03
-4.02206039185E-03
3.44312745666E-03
8.10506109266E-03
1.33763978183E-02
1.68804655840E-02
1.47780249246E-02
1.21575916390E-02
1.24927633383E-02
2.03845333496E-02
3.31819982327E-02
3.74782900149E-02
3.19631920534E-02
2.30963770986E-02
1.42600322984E-02
1.57530698681E-02
2.51074072946E-02
2.48941162132E-02
1.92876077882E-02
2.00493616503E-02
2.08415856668E-02
1.80383314543E-02
1.21880617935E-02
-2.71184374905E-03
-1.95008988696E-02
-3.17499009720E-02
-4.68935677504E-02
-5.76495322831E-02
-5.67658978031E-02
-5.44806362168E-02
-5.27743075657E-02
-3.91541485115E-02
-1.34068679728E-02
8.53164325543E-04
-7.70894908437E-03
-2.33096681800E-02
-3.54672598190E-02
-4.33590298303E-02
-4.71068588318E-02
-4.72592096042E-02
-4.28410372041E-02
-4.33894999848E-02
-5.27743075657E-02
-5.98738535604E-02
-6.37435631799E-02
-6.52975410585E-02
-5.99347938694E-02
-4.67412169780E-02
-3.18717815899E-02
-2.21822724641E-02
-1.52960175508E-02
-1.01770315976E-02
-3.44312745666E-03
9.08010603614E-03
2.05064139675E-02
2.84591242878E-02
3.71126481611E-02
4.69849782138E-02
5.52728602334E-02
5.73753008928E-02
4.82037843932E-02
2.77887808891E-02
7.55659831195E-03
3.04701544837E-04
3.86970961943E-03
1.00246808251E-02
1.80992717633E-02
2.50159968311E-02
2.79716018160E-02
2.83981839788E-02
2.62348030105E-02
2.43151832780E-02
2.83067735153E-02
3.97635516012E-02
4.83866053201E-02
4.43036046193E-02
3.46445656479E-02
2.77278405802E-02
2.25783844724E-02
1.43819129163E-02
1.64538834212E-03
-8.77540449130E-03
-1.20966513300E-02
-5.66744873397E-03
8.77540449130E-03
2.18775709193E-02
2.87333556781E-02
3.04396843292E-02
3.16280203541E-02
3.19327218989E-02
3.00131021664E-02
3.56805509004E-02
4.81428440842E-02
5.29571284926E-02
4.80209634663E-02
3.77525214053E-02
2.59301014656E-02
2.05368841220E-02
1.87696151619E-02
1.33154575094E-02
1.05731436058E-02
1.69109357384E-02
2.51378774490E-02
2.64785642463E-02
2.44370638959E-02
2.40409518876E-02
2.21822724641E-02
2.41628325056E-02
4.19269325695E-02
6.31646302447E-02
6.34693317895E-02
4.27800968951E-02
2.08415856668E-02
8.92775526372E-03
-1.27974648831E-03
-1.36506292087E-02
-2.24565038545E-02
-2.70574971815E-02
-3.27249459155E-02
-3.92150888205E-02
-3.79658124867E-02
-3.08662664920E-02
-2.82763033609E-02
-3.16584905085E-02
-3.04092141747E-02
-1.89219659344E-02
-6.88625491331E-03
-2.86419452147E-03
-4.81428440842E-03
-4.96663518084E-03
-1.00551509796E-03
2.40714220421E-03
7.52612815747E-03
1.66671745026E-02
2.15728693744E-02
1.81602120723E-02
1.33154575094E-02
1.20661811755E-02
1.19138304031E-02
1.12434870045E-02
1.04207928334E-02
6.15497120570E-03
-4.02206039185E-03
-1.45037935342E-02
-1.66671745026E-02
-1.08169048417E-02
-5.97215027880E-03
-5.30180688016E-03
-5.05804564429E-03
-7.43471769402E-03
-1.14872482403E-02
-9.32386727201E-03
-3.68688869253E-03
-1.73679880557E-03
-9.75044943478E-04
5.08851579878E-03
1.75203388281E-02
2.67832657912E-02
2.48636460587E-02
1.91047868613E-02
1.36201590542E-02
4.69240379049E-03
-7.00813553125E-04
3.35171699321E-04
-3.22983637527E-03
-1.11825466955E-02
-1.04817331424E-02
2.07197050489E-03
1.43819129163E-02
1.71851671288E-02
1.52655473963E-02
1.48694353880E-02
1.77336299095E-02
2.17252201469E-02
1.78250403730E-02
8.37929248301E-03
8.86681495475E-03
1.94399585606E-02
2.83067735153E-02
2.82153630519E-02
2.12376976751E-02
1.80992717633E-02
1.83430329992E-02
1.45647338432E-02
8.47070294646E-03
4.32676193668E-03
2.04150035041E-03
-4.44864255462E-03
-1.47780249246E-02
-2.51074072946E-02
-3.85447454219E-02
-5.20734940126E-02
-6.16411225205E-02
-6.76132727993E-02
-6.53889515220E-02
-5.33227703464E-02
-3.71735884701E-02
-2.56253999208E-02
-2.30049666352E-02
-2.60824522380E-02
-2.93732289223E-02
-2.66309150187E-02
-1.93180779427E-02
-1.42295621439E-02
-1.27365245742E-02
-1.97751302599E-02
-3.59852524452E-02
-4.84475456291E-02
-5.25914866388E-02
-5.49072183796E-02
-5.56385020872E-02
-5.10070386057E-02
-4.71677991407E-02
-4.98796428898E-02
-5.03366952070E-02
-4.62232243517E-02
-4.48215972455E-02
-4.35113806027E-02
-3.62899539901E-02
-2.50464669856E-02
-1.48389652336E-02
-2.04150035041E-03
1.78250403730E-02
3.68384167708E-02
4.49434778634E-02
4.13479996344E-02
3.26030652975E-02
2.65395045553E-02
2.36448398793E-02
1.81906822268E-02
1.44733233797E-02
1.65452938846E-02
1.55397787867E-02
8.07459093818E-03
-5.36274718913E-03
-2.26393247814E-02
-3.20241323624E-02
-2.83372436698E-02
-1.85258539261E-02
-8.28788201956E-03
6.88625491331E-03
2.94646393857E-02
4.77162619214E-02
5.35665315823E-02
5.35055912733E-02
5.41759346720E-02
5.82589353728E-02
6.55413022944E-02
6.72781011000E-02
5.89292787714E-02
4.59185228069E-02
3.71126481611E-02
3.64423047625E-02
3.42789237941E-02
3.02263932478E-02
3.26335354520E-02
3.33038788507E-02
2.83067735153E-02
2.75754898077E-02
2.94951095402E-02
2.52292879125E-02
1.95923093330E-02
2.18471007648E-02
3.17499009720E-02
4.23230445778E-02
4.32371492123E-02
3.23897742162E-02
2.02931228861E-02
1.24927633383E-02
8.74493433682E-03
8.86681495475E-03
7.83082970231E-03
7.73941923886E-03
1.78555105274E-02
3.39742222493E-02
4.59185228069E-02
5.42368749810E-02
5.89292787714E-02
5.56994423962E-02
4.87217770194E-02
4.30238581310E-02
3.52234985831E-02
2.37971906518E-02
1.10911362321E-02
-1.76726896005E-03
-1.08473749962E-02
-1.53569578598E-02
-1.88914957799E-02
-1.80992717633E-02
-1.16091288583E-02
-3.10795575734E-03
5.08851579878E-03
1.09692556141E-02
1.19138304031E-02
4.78381425394E-03
-7.31283707608E-03
-1.82820926902E-02
-2.17252201469E-02
-1.48389652336E-02
-6.24638166916E-03
1.34068679728E-03
1.12130168500E-02
1.53569578598E-02
1.10606660776E-02
3.83923946494E-03
-4.66193363600E-03
-1.03293823700E-02
-8.68399402785E-03
-2.92513483043E-03
-3.47359761114E-03
-1.23708827204E-02
-2.00493616503E-02
-2.40409518876E-02
-2.89771169140E-02
-3.75392303239E-02
-4.80819037753E-02
-5.43282854444E-02
-5.56385020872E-02
-5.69487187300E-02
-5.45415765258E-02
-4.32066790579E-02
-2.73317285719E-02
-1.33154575094E-02
-7.06907584021E-03
-5.54556811603E-03
2.43761235869E-03
1.04207928334E-02
6.67296383193E-03
-1.88914957799E-03
-3.90017977391E-03
-1.18833602486E-03
-4.72287394497E-03
-1.48999055425E-02
-2.08415856668E-02
-1.86477345440E-02
-1.62101221853E-02
-2.26088546269E-02
-3.52539687376E-02
-4.15612907157E-02
-4.04643651543E-02
-4.68326274414E-02
-6.16411225205E-02
-6.74304518724E-02
-6.16106523660E-02
-5.42673451354E-02
-4.75029708401E-02
-4.39074926110E-02
-3.99768426826E-02
-3.17194308175E-02
-3.00740424754E-02
-3.65032450715E-02
-4.02510740729E-02
-3.83314543405E-02
-3.25725951431E-02
-2.51378774490E-02
-1.82211523812E-02
-1.21880617935E-02
-8.44023279198E-03
-5.48462780706E-03
-1.37115695177E-03
1.21880617935E-04
-8.53164325543E-04
-1.70632865109E-03
-6.94719522228E-03
-1.70023462019E-02
-2.29440263262E-02
-2.25783844724E-02
-1.88914957799E-02
-1.64843535757E-02
-2.15423992200E-02
-2.98302812395E-02
-3.47055059569E-02
-3.47969164204E-02
-2.79411316615E-02
-1.74289283647E-02
-9.93327036168E-03
-5.54556811603E-03
-3.96112008288E-04
6.91672506780E-03
1.43819129163E-02
1.78555105274E-02
1.53264877053E-02
1.28584051921E-02
1.75812791371E-02
2.53206983759E-02
2.83372436698E-02
2.80934824340E-02
2.81239525884E-02
2.75145494988E-02
2.73926688808E-02
2.78192510436E-02
2.50769371401E-02
1.91657271702E-02
1.31935768914E-02
8.56211340991E-03
8.01365062921E-03
1.34982784363E-02
1.87391450075E-02
2.02321825772E-02
2.30354367897E-02
2.69660867181E-02
2.78497211981E-02
2.55644596118E-02
1.91352570158E-02
1.11216063865E-02
9.04963588165E-03
1.18833602486E-02
1.43209726073E-02
1.62101221853E-02
1.85867942350E-02
2.16947499924E-02
2.37667204973E-02
2.44370638959E-02
2.34620189524E-02
1.68195252750E-02
7.92224016576E-03
4.81428440842E-03
3.53453792011E-03
2.07197050489E-03
9.04963588165E-03
2.47722355952E-02
4.06776562357E-02
4.96054114994E-02
4.78990828484E-02
3.75697004784E-02
2.48331759042E-02
1.45647338432E-02
8.95822541820E-03
1.10606660776E-02
1.76117492916E-02
2.04759438130E-02
1.90133763978E-02
1.53874280143E-02
9.35433742649E-03
3.22983637527E-03
-1.00551509796E-03
-3.04701544837E-03
1.79773911454E-03
1.41381516804E-02
2.07197050489E-02
1.42905024528E-02
7.31283707608E-03
8.28788201956E-03
7.67847892989E-03
-1.55397787867E-03
-1.53569578598E-02
-2.35838995704E-02
-1.73070477467E-02
-4.17441116426E-03
4.90569487187E-03
1.02989122155E-02
1.29193455011E-02
1.35896888997E-02
1.24318230293E-02
1.23404125659E-02
1.52960175508E-02
1.61187117219E-02
1.41381516804E-02
1.32545172004E-02
1.28279350376E-02
9.23245680856E-03
6.45967275054E-03
9.20198665407E-03
1.43209726073E-02
1.74289283647E-02
1.57835400225E-02
1.28584051921E-02
9.81138974375E-03
5.17992626223E-03
9.14104634510E-04
-5.60650842500E-03
-1.28888753466E-02
-1.38639202901E-02
-1.15177183948E-02
-1.05731436058E-02
-8.50117310095E-03
-6.00262043329E-03
-5.75885919742E-03
-6.76437429538E-03
-5.88073981535E-03
-3.07748560285E-03
-3.83923946494E-03
-7.52612815747E-03
-9.35433742649E-03
-8.98869557269E-03
-8.16600140163E-03
-8.07459093818E-03
-8.13553124714E-03
-8.13553124714E-03
-5.54556811603E-03
1.88914957799E-03
9.71997928029E-03
1.15786587038E-02
6.49014290502E-03
2.58996313111E-03
5.39321734361E-03
1.00856211341E-02
1.10606660776E-02
8.40976263750E-03
5.66744873397E-03
2.40714220421E-03
-1.70632865109E-03
-6.27685182364E-03
-1.18833602486E-02
-1.22185319480E-02
-8.56211340991E-03
-9.41527773546E-03
-1.26146439562E-02
-1.31021664280E-02
-8.28788201956E-03
-1.37115695177E-03
-1.18833602486E-03
-4.54005301807E-03
-1.76726896005E-03
4.17441116426E-03
6.45967275054E-03
3.07748560285E-03
-4.93616502636E-03
-1.16700691673E-02
-1.22490021024E-02
-1.20966513300E-02
-1.98970108778E-02
-3.05310947927E-02
-3.15975501996E-02
-2.25479143179E-02
-1.18224199397E-02
-8.89728510924E-03
-1.20357110211E-02
-1.14263079314E-02
-8.10506109266E-03
-4.47911270910E-03
-3.35171699321E-03
-1.06340839148E-02
-1.82211523812E-02
-1.87391450075E-02
-1.80688016088E-02
-1.71242268198E-02
-1.51436667784E-02
-1.36506292087E-02
-1.23099424114E-02
-1.37725098266E-02
-2.05673542765E-02
-2.61738627015E-02
-2.30659069441E-02
-1.73679880557E-02
-1.77336299095E-02
-2.14814589110E-02
-2.13595782931E-02
-1.58140101770E-02
-9.44574788994E-03
-8.68399402785E-03
-1.43819129163E-02
-1.88914957799E-02
-1.45952039977E-02
-2.86419452147E-03
5.97215027880E-03
7.92224016576E-03
1.02989122155E-02
1.38334501356E-02
1.15177183948E-02
3.74782900149E-03
-4.14394100978E-03
-8.83634480027E-03
-1.09387854596E-02
-1.52046070874E-02
-1.74898686736E-02
-1.45647338432E-02
-9.20198665407E-03
-2.31573174076E-03
1.85867942350E-03
6.52061305951E-03
1.56311892501E-02
2.17252201469E-02
2.30659069441E-02
2.51683476035E-02
2.65090344008E-02
2.51988177580E-02
2.45284743594E-02
2.43151832780E-02
2.38276608062E-02
2.39495414242E-02
2.38886011152E-02
2.15119290655E-02
1.83125628447E-02
1.77031597550E-02
1.72461074378E-02
1.47780249246E-02
1.12739571590E-02
5.54556811603E-03
-1.98056004144E-03
-8.07459093818E-03
-1.26755842652E-02
-1.66976446571E-02
-1.79469209909E-02
-1.58749504860E-02
-1.40467412170E-02
-1.48694353880E-02
-1.42295621439E-02
-8.80587464578E-03
-2.55949297663E-03
3.29077668424E-03
9.35433742649E-03
1.48389652336E-02
2.15119290655E-02
2.84286541333E-02
3.31819982327E-02
3.35171699321E-02
3.02873335568E-02
2.69356165636E-02
2.26088546269E-02
1.83735031537E-02
1.72461074378E-02
1.85563240806E-02
1.90438465523E-02
1.52960175508E-02
9.47621804443E-03
7.25189676712E-03
8.95822541820E-03
1.04817331424E-02
9.78091958926E-03
8.34882232853E-03
4.32676193668E-03
-3.99159023736E-03
-1.28584051921E-02
-2.05978244310E-02
-2.61433925470E-02
-2.83372436698E-02
-3.02263932478E-02
-3.18108412810E-02
-3.05310947927E-02
-2.83981839788E-02
-2.97388707761E-02
-3.48578567293E-02
-3.52234985831E-02
-2.71184374905E-02
-1.85258539261E-02
-1.31935768914E-02
-1.00246808251E-02
-7.22142661263E-03
-1.79773911454E-03
4.81428440842E-03
8.89728510924E-03
9.84185989823E-03
9.08010603614E-03
7.61753862092E-03
7.06907584021E-03
6.61202352296E-03
3.77829915598E-03
-4.87522471739E-04
-6.42920259606E-03
-1.31631067370E-02
-1.93180779427E-02
-2.63262134739E-02
-3.21460129803E-02
-3.33648191596E-02
-2.99216917030E-02
-2.29744964807E-02
-1.49913160060E-02
-9.53715835339E-03
-7.89177001127E-03
-6.70343398641E-03
-3.99159023736E-03
-2.46808251318E-03
-1.40162710625E-03
1.85867942350E-03
5.02757548981E-03
7.28236692160E-03
8.65352387337E-03
5.30180688016E-03
-3.99159023736E-03
-1.38334501356E-02
-2.18166306103E-02
-2.97388707761E-02
-3.52844388921E-02
-3.64727749170E-02
-3.54977299735E-02
-3.33648191596E-02
-3.05615649471E-02
-2.78192510436E-02
-2.46198848228E-02
-2.19689813827E-02
-2.04454736586E-02
-1.78555105274E-02
-1.68804655840E-02
-1.79773911454E-02
-1.45647338432E-02
-7.92224016576E-03
-1.79773911454E-03
3.47359761114E-03
9.38480758097E-03
1.47780249246E-02
1.39858009080E-02
9.71997928029E-03
6.76437429538E-03
7.09954599470E-03
1.20661811755E-02
2.00188914958E-02
2.75145494988E-02
2.96169901581E-02
2.40104817331E-02
1.53874280143E-02
1.08778451507E-02
1.26451141107E-02
1.94399585606E-02
2.70270270270E-02
2.85505347512E-02
2.48027057497E-02
2.19994515372E-02
1.92571376337E-02
1.30412261190E-02
9.38480758097E-03
1.27060544197E-02
1.75508089826E-02
2.07197050489E-02
2.49550565221E-02
3.05615649471E-02
3.31210579238E-02
3.07139157196E-02
2.72098479539E-02
2.69965568725E-02
3.09272068009E-02
3.57719613638E-02
3.64727749170E-02
3.11709680368E-02
2.27612053993E-02
1.46866144611E-02
9.32386727201E-03
7.61753862092E-03
8.59258356440E-03
1.11216063865E-02
1.49608458515E-02
1.82516225357E-02
1.97446601054E-02
2.26697949359E-02
2.74840793443E-02
2.98607513940E-02
2.69051464091E-02
2.19080410738E-02
1.97751302599E-02
1.86782046985E-02
1.60577714129E-02
1.22794722569E-02
7.25189676712E-03
2.83372436698E-03
8.53164325543E-04
3.96112008288E-04
1.91961973247E-03
4.08300070081E-03
2.58996313111E-03
-1.12739571590E-03
-2.28526158628E-03
-6.09403089674E-04
1.40162710625E-03
1.34068679728E-03
-1.24927633383E-03
-4.60099332704E-03
-6.91672506780E-03
-8.56211340991E-03
-1.20966513300E-02
-1.87086748530E-02
-2.59605716201E-02
-2.99826320119E-02
-2.79411316615E-02
-2.17252201469E-02
-1.75203388281E-02
-1.68804655840E-02
-1.52350772418E-02
-1.22490021024E-02
-1.35287485908E-02
-2.00493616503E-02
-2.62043328560E-02
-2.88247661416E-02
-2.99826320119E-02
-3.24202443706E-02
-3.71126481611E-02
-4.13175294799E-02
-3.99159023736E-02
-3.47359761114E-02
-3.21764831348E-02
-3.05310947927E-02
-2.66918553277E-02
-2.44065937414E-02
-2.58996313111E-02
-2.83067735153E-02
-2.71184374905E-02
-2.15728693744E-02
-1.86477345440E-02
-2.01103019592E-02
-2.17252201469E-02
-2.48636460587E-02
-2.91599378409E-02
-3.22374234437E-02
-3.37914013224E-02
-3.22374234437E-02
-2.81848928974E-02
-2.45894146683E-02
-2.24260337000E-02
-2.06587647399E-02
-1.80383314543E-02
-1.35592187452E-02
-1.01465614431E-02
-1.01160912886E-02
-9.04963588165E-03
-5.88073981535E-03
-4.72287394497E-03
-5.02757548981E-03
-3.59547822907E-03
1.27974648831E-03
9.84185989823E-03
1.67281148115E-02
1.82211523812E-02
1.83735031537E-02
1.70937566653E-02
1.19747707121E-02
6.21591151467E-03
3.41265730217E-03
4.75334409945E-03
7.76988939334E-03
1.03293823700E-02
1.50827264694E-02
2.33096681800E-02
3.21155428258E-02
3.80572229501E-02
3.99768426826E-02
3.83009841860E-02
3.44312745666E-02
3.07748560285E-02
2.69965568725E-02
2.09939364393E-02
1.50827264694E-02
1.48694353880E-02
1.91961973247E-02
2.18166306103E-02
2.20299216917E-02
2.34315487980E-02
2.79716018160E-02
3.26030652975E-02
3.31210579238E-02
3.18717815899E-02
3.34866997776E-02
3.52539687376E-02
3.14147292727E-02
2.55339894573E-02
2.33096681800E-02
2.27002650903E-02
2.25479143179E-02
2.31573174076E-02
2.17556903013E-02
1.88610256254E-02
1.56921295591E-02
1.07864346872E-02
6.21591151467E-03
5.24086657119E-03
8.74493433682E-03
1.52046070874E-02
2.02321825772E-02
2.19385112283E-02
2.20603918462E-02
2.11462872117E-02
2.02931228861E-02
2.21518023096E-02
2.48941162132E-02
2.68137359456E-02
2.90685273774E-02
3.24507145251E-02
3.73564093970E-02
4.04034248454E-02
3.91236783570E-02
3.69907675432E-02
3.56500807459E-02
3.40961028672E-02
3.12623785003E-02
2.55949297663E-02
1.83125628447E-02
1.22185319480E-02
7.55659831195E-03
2.07197050489E-03
-3.16889606630E-03
-5.11898595326E-03
-5.02757548981E-03
-4.60099332704E-03
-4.66193363600E-03
-4.14394100978E-03
-2.52902282215E-03
-2.77278405802E-03
-5.39321734361E-03
-8.31835217405E-03
-8.40976263750E-03
-6.09403089674E-03
-4.47911270910E-03
-5.21039641671E-03
-9.44574788994E-03
-1.38943904446E-02
-1.46561443067E-02
-1.30412261190E-02
-1.29802858100E-02
-1.59054206405E-02
-1.93790182516E-02
-2.14509887565E-02
-2.16642798379E-02
-2.12681678296E-02
-2.02626527316E-02
-1.75508089826E-02
-1.38943904446E-02
-9.29339711752E-03
-3.62594838356E-03
8.53164325543E-04
1.67585849660E-03
-8.53164325543E-04
-3.07748560285E-03
-1.67585849660E-03
1.43209726073E-03
3.50406776562E-03
4.60099332704E-03
4.57052317255E-03
2.68137359456E-03
-9.14104634510E-04
-5.57603827051E-03
-9.59809866236E-03
-1.25537036473E-02
-1.58749504860E-02
-1.86782046985E-02
-2.12681678296E-02
-2.64480940918E-02
-3.02568634023E-02
-2.82458332064E-02
-2.39495414242E-02
-2.10548767482E-02
-1.87696151619E-02
-1.47780249246E-02
-9.08010603614E-03
-7.28236692160E-03
-1.16091288583E-02
-1.76422194461E-02
-2.14205186020E-02
-2.09634662848E-02
-1.91047868613E-02
-1.79773911454E-02
-1.51131966239E-02
-1.38639202901E-02
-1.78250403730E-02
-2.34620189524E-02
-2.85810049057E-02
-3.08357963375E-02
-2.93122886133E-02
-3.00435723209E-02
-3.39437520948E-02
-3.50102075018E-02
-3.35476400865E-02
-3.51625582742E-02
-3.92150888205E-02
-3.97330814467E-02
-3.52234985831E-02
-2.86114750602E-02
-2.48027057497E-02
-2.50464669856E-02
-2.43151832780E-02
-2.21518023096E-02
-2.09025259758E-02
-1.52960175508E-02
-3.29077668424E-03
6.27685182364E-03
9.35433742649E-03
9.84185989823E-03
1.00551509796E-02
1.04512629879E-02
1.05426734514E-02
9.11057619062E-03
7.55659831195E-03
8.07459093818E-03
9.44574788994E-03
8.50117310095E-03
3.07748560285E-03
-4.60099332704E-03
-8.40976263750E-03
-6.55108321399E-03
-4.17441116426E-03
-4.11347085530E-03
-4.32676193668E-03
-4.63146348152E-03
-5.57603827051E-03
-6.21591151467E-03
-6.18544136019E-03
-5.17992626223E-03
-2.86419452147E-03
1.64538834212E-03
8.47070294646E-03
1.39858009080E-02
1.63320028033E-02
1.72765775922E-02
1.55702489412E-02
1.12434870045E-02
8.59258356440E-03
8.25741186508E-03
9.53715835339E-03
1.38334501356E-02
1.93485480971E-02
2.37971906518E-02
2.51988177580E-02
2.24565038545E-02
1.79164508364E-02
1.18528900942E-02
5.27133672568E-03
1.70632865109E-03
2.01103019592E-03
5.48462780706E-03
9.20198665407E-03
1.01465614431E-02
1.09692556141E-02
1.46256741522E-02
1.87696151619E-02
2.21518023096E-02
2.61129223925E-02
2.86724153691E-02
2.62348030105E-02
2.15423992200E-02
1.94704287151E-02
1.76422194461E-02
1.42600322984E-02
1.17919497852E-02
1.03903226789E-02
1.03293823700E-02
1.01770315976E-02
7.52612815747E-03
4.99710533532E-03
4.44864255462E-03
3.07748560285E-03
1.67585849660E-03
3.10795575734E-03
4.69240379049E-03
3.07748560285E-03
-1.88914957799E-03
-7.80035954782E-03
-1.04512629879E-02
-8.31835217405E-03
-3.86970961943E-03
-3.35171699321E-04
2.25479143179E-03
6.49014290502E-03
1.07254943783E-02
1.21575916390E-02
1.35287485908E-02
1.60882415674E-02
1.64234132667E-02
1.29498156556E-02
8.01365062921E-03
4.26582162772E-03
1.64538834212E-03
-6.70343398641E-04
-3.99159023736E-03
-7.80035954782E-03
-8.56211340991E-03
-7.70894908437E-03
-9.99421067065E-03
-1.54788384777E-02
-2.09025259758E-02
-2.52292879125E-02
-2.78497211981E-02
-2.71489076450E-02
-2.23650933910E-02
-1.45647338432E-02
-6.06356074225E-03
4.26582162772E-04
1.55397787867E-03
-8.83634480027E-04
-2.01103019592E-03
-2.07197050489E-03
-2.01103019592E-03
-1.06645540693E-03
1.31021664280E-03
5.08851579878E-03
9.23245680856E-03
1.16091288583E-02
9.26292696304E-03
3.80876931046E-03
-1.12739571590E-03
-6.39873244157E-03
-1.23099424114E-02
-1.72765775922E-02
-2.06587647399E-02
-2.14509887565E-02
-2.07806453579E-02
-1.94399585606E-02
-1.57530698681E-02
-1.15786587038E-02
-1.12130168500E-02
-1.37725098266E-02
-1.59054206405E-02
-1.71242268198E-02
-1.77641000640E-02
-2.12376976751E-02
-2.85505347512E-02
-3.23897742162E-02
-3.02568634023E-02
-2.62043328560E-02
-2.34620189524E-02
-2.35229592614E-02
-2.39190712697E-02
-2.10548767482E-02
-1.31631067370E-02
-3.74782900149E-03
5.78932935190E-04
7.92224016576E-04
2.19385112283E-03
5.14945610774E-03
7.09954599470E-03
7.43471769402E-03
8.71446418233E-03
1.12434870045E-02
9.50668819891E-03
1.61491818764E-03
-6.91672506780E-03
-1.34068679728E-02
-1.84953837716E-02
-2.12986379841E-02
-2.02017124227E-02
-1.41076815259E-02
-5.02757548981E-03
1.24927633383E-03
2.62043328560E-03
3.53453792011E-03
5.94168012432E-03
6.00262043329E-03
2.86419452147E-03
9.14104634510E-05
-9.44574788994E-04
2.43761235869E-04
1.09692556141E-03
-4.29629178220E-03
-1.31021664280E-02
-1.70023462019E-02
-1.66976446571E-02
-1.72156372833E-02
-1.91657271702E-02
-2.00493616503E-02
-1.76422194461E-02
-1.17005393217E-02
-4.02206039185E-03
2.92513483043E-03
7.76988939334E-03
1.19138304031E-02
1.70937566653E-02
2.18166306103E-02
2.28526158628E-02
2.18775709193E-02
2.09939364393E-02
1.80078612999E-02
1.45342636887E-02
1.25232334928E-02
1.00246808251E-02
6.97766537676E-03
4.93616502636E-03
3.26030652975E-03
2.10244065937E-03
3.65641853804E-03
7.61753862092E-03
1.17005393217E-02
1.34068679728E-02
1.27669947287E-02
1.21271214845E-02
1.22490021024E-02
1.20966513300E-02
9.84185989823E-03
5.72838904293E-03
2.34620189524E-03
-6.09403089674E-05
-3.96112008288E-03
-7.49565800299E-03
-5.54556811603E-03
-4.57052317255E-04
1.12739571590E-03
-1.52350772418E-04
-3.35171699321E-04
1.31021664280E-03
4.63146348152E-03
7.13001614918E-03
7.13001614918E-03
7.40424753954E-03
7.22142661263E-03
5.39321734361E-03
4.47911270910E-03
4.50958286359E-03
4.69240379049E-03
5.57603827051E-03
8.13553124714E-03
1.27669947287E-02
1.86477345440E-02
2.51074072946E-02
3.23288339072E-02
3.88494469667E-02
4.16222310247E-02
4.27191565861E-02
4.41817240013E-02
4.35723209117E-02
4.10128279350E-02
3.86056857308E-02
3.76001706329E-02
3.75697004784E-02
3.55891404369E-02
3.15061397361E-02
2.83372436698E-02
2.62043328560E-02
2.29440263262E-02
1.93180779427E-02
1.60882415674E-02
1.23708827204E-02
9.11057619062E-03
7.34330723057E-03
7.37377738505E-03
8.40976263750E-03
7.22142661263E-03
3.50406776562E-03
3.04701544837E-05
-7.92224016576E-04
9.75044943478E-04
2.13291081386E-03
2.28526158628E-03
4.66193363600E-03
1.02684420610E-02
1.54788384777E-02
1.84649136171E-02
2.17861604558E-02
2.51378774490E-02
2.66918553277E-02
2.66918553277E-02
2.59301014656E-02
2.55339894573E-02
2.60824522380E-02
2.60215119291E-02
2.24565038545E-02
1.73679880557E-02
1.37420396721E-02
1.09387854596E-02
9.08010603614E-03
8.86681495475E-03
9.84185989823E-03
1.01770315976E-02
7.55659831195E-03
2.86419452147E-03
1.37115695177E-03
4.29629178220E-03
5.27133672568E-03
1.58444803315E-03
-1.06645540693E-03
-6.39873244157E-04
-9.44574788994E-04
-1.91961973247E-03
-2.80325421250E-03
-4.75334409945E-03
-7.52612815747E-03
-1.09997257686E-02
-1.35287485908E-02
-1.27974648831E-02
-1.15481885493E-02
-1.27974648831E-02
-1.53874280143E-02
-1.91961973247E-02
-2.37362503428E-02
-2.78192510436E-02
-3.04092141747E-02
-2.97693409306E-02
-2.86419452147E-02
-2.88857064505E-02
-2.74840793443E-02
-2.44065937414E-02
-2.26697949359E-02
-2.19689813827E-02
-2.04150035041E-02
-1.88000853164E-02
-1.81297419178E-02
-1.82516225357E-02
-1.74289283647E-02
-1.31935768914E-02
-8.28788201956E-03
-8.59258356440E-03
-1.37725098266E-02
-1.89524360889E-02
-2.06892348944E-02
-1.91352570158E-02
-1.78250403730E-02
-1.67281148115E-02
-1.57225997136E-02
-1.85563240806E-02
-2.36143697249E-02
-2.67527956367E-02
-2.82153630519E-02
-2.86419452147E-02
-2.89161766050E-02
-2.88857064505E-02
-2.76364301167E-02
-2.82153630519E-02
-3.08967366465E-02
-3.40656327128E-02
-3.88494469667E-02
-4.07385965447E-02
-3.61376032176E-02
-2.84591242878E-02
-2.34315487980E-02
-2.16338096834E-02
-1.88305554709E-02
-1.59054206405E-02
-1.31631067370E-02
-1.11825466955E-02
-1.23708827204E-02
-1.47780249246E-02
-1.42905024528E-02
-1.10911362321E-02
-1.27365245742E-02
-1.82211523812E-02
-2.04150035041E-02
-1.95313690240E-02
-1.75203388281E-02
-1.61187117219E-02
-1.51436667784E-02
-1.33763978183E-02
-1.22490021024E-02
-1.37420396721E-02
-1.77031597550E-02
-2.04150035041E-02
-2.05368841220E-02
-1.92266674792E-02
-1.53264877053E-02
-1.01465614431E-02
-6.42920259606E-03
-2.07197050489E-03
2.74231390353E-03
3.01654529388E-03
5.17992626223E-04
-1.82820926902E-03
-4.23535147323E-03
-5.42368749810E-03
-5.14945610774E-03
-4.57052317255E-03
-4.78381425394E-03
-5.36274718913E-03
-6.73390414089E-03
-8.31835217405E-03
-7.03860568573E-03
-2.86419452147E-03
1.95008988696E-03
5.21039641671E-03
7.37377738505E-03
9.81138974375E-03
1.27974648831E-02
1.64843535757E-02
2.00493616503E-02
2.21822724641E-02
2.20603918462E-02
2.04759438130E-02
1.88000853164E-02
1.62710624943E-02
1.34678082818E-02
1.26451141107E-02
1.26755842652E-02
1.02379719065E-02
3.56500807459E-03
-4.14394100978E-03
-9.26292696304E-03
-1.29802858100E-02
-1.44733233797E-02
-1.02989122155E-02
-1.34068679728E-03
7.22142661263E-03
1.20966513300E-02
1.53874280143E-02
1.83125628447E-02
1.86172643895E-02
1.39553307535E-02
4.99710533532E-03
-1.12739571590E-03
-1.91961973247E-03
-2.07197050489E-03
-2.28526158628E-03
-2.10244065937E-03
-1.00551509796E-03
2.01103019592E-03
5.85026966087E-03
8.65352387337E-03
8.92775526372E-03
9.20198665407E-03
1.26451141107E-02
1.58749504860E-02
1.71546969743E-02
1.59663609495E-02
1.41381516804E-02
1.55702489412E-02
1.75508089826E-02
1.71851671288E-02
1.73984582102E-02
1.91961973247E-02
2.19994515372E-02
2.37971906518E-02
2.28221457083E-02
2.18471007648E-02
2.19385112283E-02
2.19385112283E-02
2.26088546269E-02
2.32791980255E-02
2.31573174076E-02
2.21822724641E-02
2.08720558213E-02
2.16947499924E-02
2.48331759042E-02
2.69660867181E-02
2.78497211981E-02
2.83981839788E-02
2.80934824340E-02
2.80325421250E-02
2.76059599622E-02
2.43151832780E-02
2.08720558213E-02
1.93180779427E-02
1.88000853164E-02
1.95008988696E-02
1.70937566653E-02
9.47621804443E-03
2.58996313111E-03
-3.65641853804E-04
1.52350772418E-04
1.95008988696E-03
3.47359761114E-03
5.48462780706E-03
6.30732197812E-03
6.36826228709E-03
7.06907584021E-03
6.52061305951E-03
3.86970961943E-03
1.52350772418E-04
-1.70632865109E-03
2.43761235869E-04
4.72287394497E-03
8.89728510924E-03
1.11520765410E-02
1.53874280143E-02
2.19689813827E-02
2.40714220421E-02
2.10548767482E-02
1.63624729577E-02
1.01465614431E-02
3.62594838356E-03
-8.83634480027E-04
-4.44864255462E-03
-7.95271032024E-03
-9.71997928029E-03
-9.81138974375E-03
-1.08169048417E-02
-1.34068679728E-02
-1.51131966239E-02
-1.49608458515E-02
-1.42600322984E-02
-1.27060544197E-02
-1.03598525245E-02
-7.00813553125E-03
-3.26030652975E-03
-2.74231390353E-03
-3.83923946494E-03
-1.76726896005E-03
3.01654529388E-03
6.30732197812E-03
5.39321734361E-03
1.27974648831E-03
-3.04701544837E-03
-5.60650842500E-03
-8.98869557269E-03
-1.49608458515E-02
-1.78250403730E-02
-1.54178981687E-02
-1.32545172004E-02
-1.38029799811E-02
-1.56007190956E-02
-1.56007190956E-02
-1.27974648831E-02
-9.29339711752E-03
-6.70343398641E-03
-5.69791888845E-03
-5.24086657119E-03
-6.00262043329E-03
-8.53164325543E-03
-9.08010603614E-03
-8.16600140163E-03
-8.40976263750E-03
-9.50668819891E-03
-1.08169048417E-02
-1.10301959231E-02
-1.10606660776E-02
-1.18528900942E-02
-1.20966513300E-02
-1.10301959231E-02
-9.47621804443E-03
-8.44023279198E-03
-7.31283707608E-03
-6.82531460435E-03
-8.37929248301E-03
-1.05122032969E-02
-1.21880617935E-02
-1.38334501356E-02
-1.42295621439E-02
-1.18528900942E-02
-8.80587464578E-03
-9.17151649959E-03
-1.38334501356E-02
-1.75508089826E-02
-1.82211523812E-02
-1.86172643895E-02
-1.75812791371E-02
-1.50827264694E-02
-1.34982784363E-02
-1.18528900942E-02
-9.29339711752E-03
-5.36274718913E-03
-9.44574788994E-04
2.43761235869E-03
4.90569487187E-03
5.72838904293E-03
5.66744873397E-03
5.81979950638E-03
6.12450105122E-03
7.00813553125E-03
6.64249367744E-03
4.66193363600E-03
3.65641853804E-03
3.22983637527E-03
3.29077668424E-03
4.54005301807E-03
4.75334409945E-03
3.19936622079E-03
2.19385112283E-03
2.65090344008E-03
2.74231390353E-03
1.82820926902E-03
1.43209726073E-03
1.31021664280E-03
1.46256741522E-03
3.22983637527E-03
5.36274718913E-03
6.67296383193E-03
7.00813553125E-03
5.57603827051E-03
4.41817240013E-03
5.33227703464E-03
6.24638166916E-03
5.17992626223E-03
2.98607513940E-03
1.34068679728E-03
7.92224016576E-04
6.09403089674E-04
4.57052317255E-04
1.34068679728E-03
2.49855266766E-03
3.04701544837E-03
2.80325421250E-03
1.06645540693E-03
-3.96112008288E-04
-1.52350772418E-04
1.18833602486E-03
3.38218714769E-03
4.72287394497E-03
5.24086657119E-03
6.97766537676E-03
8.31835217405E-03
7.80035954782E-03
6.24638166916E-03
4.38770224565E-03
3.99159023736E-03
4.99710533532E-03
5.45415765258E-03
5.94168012432E-03
6.12450105122E-03
4.81428440842E-03
3.13842591182E-03
1.98056004144E-03
3.96112008288E-04
-1.55397787867E-03
-3.01654529388E-03
-3.96112008288E-03
-4.54005301807E-03
-4.99710533532E-03
-4.63146348152E-03
-3.22983637527E-03
-2.25479143179E-03
-1.43209726073E-03
7.61753862092E-04
3.74782900149E-03
5.69791888845E-03
5.78932935190E-03
5.02757548981E-03
5.75885919742E-03
7.40424753954E-03
7.19095645815E-03
5.21039641671E-03
2.86419452147E-03
1.46256741522E-03
1.70632865109E-03
1.49303756970E-03
-7.00813553125E-04
-2.92513483043E-03
-3.04701544837E-03
-1.85867942350E-03
-1.88914957799E-03
-3.44312745666E-03
-5.24086657119E-03
-7.37377738505E-03
-8.89728510924E-03
-8.74493433682E-03
-8.22694171059E-03
-8.07459093818E-03
-7.70894908437E-03
-7.40424753954E-03
-7.34330723057E-03
-6.27685182364E-03
-4.75334409945E-03
-4.63146348152E-03
-5.54556811603E-03
-6.00262043329E-03
-5.94168012432E-03
-6.18544136019E-03
-6.79484444986E-03
-7.25189676712E-03
-6.36826228709E-03
-4.54005301807E-03
-3.22983637527E-03
-2.52902282215E-03
-1.95008988696E-03
-2.25479143179E-03
-3.74782900149E-03
-5.30180688016E-03
-6.85578475883E-03
-8.10506109266E-03
-8.37929248301E-03
-8.92775526372E-03
-9.53715835339E-03
-9.32386727201E-03
-9.11057619062E-03
-8.59258356440E-03
-7.95271032024E-03
-7.67847892989E-03
-7.19095645815E-03
-6.42920259606E-03
-5.88073981535E-03
-5.60650842500E-03
-5.48462780706E-03
-5.42368749810E-03
-5.81979950638E-03
-6.64249367744E-03
-6.79484444986E-03
-5.51509796155E-03
-3.80876931046E-03
-2.92513483043E-03
-2.31573174076E-03
-1.27974648831E-03
-7.00813553125E-04
-6.09403089674E-04
-7.31283707608E-04
-1.18833602486E-03
-1.58444803315E-03
-1.91961973247E-03
-2.55949297663E-03
-2.58996313111E-03
-1.58444803315E-03
-3.96112008288E-04
8.22694171059E-04
2.04150035041E-03
3.10795575734E-03
4.38770224565E-03
5.36274718913E-03
5.66744873397E-03
5.63697857948E-03
5.54556811603E-03
5.11898595326E-03
4.02206039185E-03
2.49855266766E-03
1.18833602486E-03
4.26582162772E-04
-3.04701544837E-05
-3.65641853804E-04
-6.70343398641E-04
-8.53164325543E-04
-7.61753862092E-04
-6.70343398641E-04
-5.78932935190E-04
-9.14104634510E-05
7.00813553125E-04
1.34068679728E-03
1.49303756970E-03
1.55397787867E-03
1.91961973247E-03
2.49855266766E-03
3.01654529388E-03
3.35171699321E-03
3.47359761114E-03
3.56500807459E-03
3.68688869253E-03
3.65641853804E-03
3.44312745666E-03
3.26030652975E-03
3.04701544837E-03
2.83372436698E-03
2.68137359456E-03
2.46808251318E-03
2.13291081386E-03
1.85867942350E-03
1.85867942350E-03
1.82820926902E-03
1.73679880557E-03
1.64538834212E-03
1.43209726073E-03
1.18833602486E-03
9.14104634510E-04
5.17992626223E-04
4.26582162772E-04
7.61753862092E-04
1.00551509796E-03
1.06645540693E-03
1.18833602486E-03
1.37115695177E-03
1.61491818764E-03
1.76726896005E-03
1.67585849660E-03
1.52350772418E-03
1.40162710625E-03
1.37115695177E-03
1.40162710625E-03
1.40162710625E-03
1.31021664280E-03
1.21880617935E-03
1.12739571590E-03
1.00551509796E-03
8.53164325543E-04
7.92224016576E-04
7.92224016576E-04
7.61753862092E-04
7.31283707608E-04
7.61753862092E-04
9.44574788994E-04
1.12739571590E-03
1.24927633383E-03
1.40162710625E-03
1.58444803315E-03
1.58444803315E-03
1.46256741522E-03
1.31021664280E-03
1.12739571590E-03
8.83634480027E-04
7.00813553125E-04
6.70343398641E-04
7.92224016576E-04
8.22694171059E-04
7.61753862092E-04
6.39873244157E-04
5.17992626223E-04
5.17992626223E-04
5.17992626223E-04
4.87522471739E-04
5.17992626223E-04
5.17992626223E-04
5.17992626223E-04
5.17992626223E-04
5.48462780706E-04
5.78932935190E-04
5.78932935190E-04
6.09403089674E-04
6.39873244157E-04
6.70343398641E-04
6.39873244157E-04
6.09403089674E-04
5.78932935190E-04
5.78932935190E-04
5.78932935190E-04
5.78932935190E-04
5.48462780706E-04
5.48462780706E-04
5.48462780706E-04
5.48462780706E-04
5.48462780706E-04
5.48462780706E-04
5.48462780706E-04
5.78932935190E-04
5.78932935190E-04
5.78932935190E-04
5.78932935190E-04
5.78932935190E-04
5.78932935190E-04
5.78932935190E-04
5.48462780706E-04
5.48462780706E-04
5.48462780706E-04
5.17992626223E-04
5.17992626223E-04
5.17992626223E-04
5.17992626223E-04
4.87522471739E-04
4.57052317255E-04
4.57052317255E-04
4.57052317255E-04
4.57052317255E-04
4.57052317255E-04
4.57052317255E-04
4.26582162772E-04
4.26582162772E-04
4.26582162772E-04
4.26582162772E-04
4.26582162772E-04
3.96112008288E-04
3.96112008288E-04
3.96112008288E-04
3.96112008288E-04
3.96112008288E-04
3.65641853804E-04
3.65641853804E-04
3.65641853804E-04
3.65641853804E-04
3.35171699321E-04
3.35171699321E-04
3.35171699321E-04
3.35171699321E-04
3.35171699321E-04
3.04701544837E-04
3.04701544837E-04
3.04701544837E-04
3.04701544837E-04
2.74231390353E-04
2.74231390353E-04
2.74231390353E-04
2.74231390353E-04
2.43761235869E-04
2.43761235869E-04
2.43761235869E-04
2.43761235869E-04
2.43761235869E-04
2.13291081386E-04
2.13291081386E-04
2.13291081386E-04
2.13291081386E-04
